234996,26-07-2016,2016-2017,2016-2017,AIE,RCPT,774564,15CCCE101585,15CCCE101585,Alumni,General,School of Computing Science & Engineering,B.Tech/B.Tech (Hons) Computer Science Engineering,School of Computing Science,B.Tech in CSE 2015-16 V Sem IX,2.22E+11,Library BookC Recieved,0,300,0,0,0,0,0,0,0,
234997,26-07-2016,2016-2017,2016-2017,AIE,RCPT,785247,15CCCE101078,15CCCE101078,Alumni,General,School of Computing Science & Engineering,B.Tech/B.Tech (Hons) Computer Science Engineering,School of Computing Science,B.Tech in CSE 2015-16 V Sem IX,2.22E+11,Library BookC Recieved,0,300,0,0,0,0,0,0,0,
234998,26-07-2016,2016-2017,2016-2017,AIE,RCPT,768733,15CCCE106004,15CCCE106004,Alumni,General,School of Computing Science & Engineering,B.Tech (Hons) in Computer Science & Engineering with Specialization in Cloud Computing & Virtualizations,School of Computing Science,B.Tech in CSCC 2015-16 V Sem IX,2.22E+11,Library BookC Recieved,0,300,0,0,0,0,0,0,0,
234999,26-07-2016,2016-2017,2016-2017,AIE,RCPT,804895,16CCCE110001,16CCCE110001,No Information,General,School of Computing Science & Engineering,B.Tech/B.Tech (Hons) Computer Science Engineering,School of Computing Science,B.Tech in CSE 2016-17 II Sem IV,2.22E+11,TUITION FEE,0,59000,0,0,0,0,0,0,0,
235000,26-07-2016,2016-2017,2016-2017,AIE,RCPT,817474,15GCOL102025,15GCOL102025,Alumni,General,School of Law,Integrated BA + LLB (Hons.),School of Law,BALLB  2015-2016 V Sem X,1.92E+11,Exam Fee (Back Paper),0,2000,0,0,0,0,0,0,0,
235001,26-07-2016,2016-2017,2016-2017,AIE,RCPT,770724,15CCCE105011,15CCCE105011,Alumni,General,School of Computing Science & Engineering,B.Tech (Hons) in Computer Science & Engineering with Specialization in Cloud Computing & Virtualizations,School of Computing Science,B.Tech in CSCC 2015-16 V Sem IX,2.22E+11,Library BookC Recieved,0,300,0,0,0,0,0,0,0,
235002,26-07-2016,2016-2017,2016-2017,AIE,RCPT,780804,15CCCE101288,15CCCE101288,Alumni,General,School of Computing Science & Engineering,B.Tech/B.Tech (Hons) Computer Science Engineering,School of Computing Science,B.Tech in CSE 2015-16 V Sem IX,2.22E+11,Library BookC Recieved,0,300,0,0,0,0,0,0,0,
235003,26-07-2016,2016-2017,2016-2017,AIE,RCPT,769833,15CCCE105093,15CCCE105093,Alumni,General,School of Computing Science & Engineering,B.Tech (Hons) in Computer Science & Engineering with Specialization in Cloud Computing & Virtualizations,School of Computing Science,B.Tech in CSCC 2015-16 V Sem IX,2.22E+11,Library BookC Recieved,0,300,0,0,0,0,0,0,0,
235004,26-07-2016,2016-2017,2016-2017,AIE,RCPT,785394,15CCCE101070,15CCCE101070,Alumni,General,School of Computing Science & Engineering,B.Tech/B.Tech (Hons) Computer Science Engineering,School of Computing Science,B.Tech in CSE 2015-16 V Sem IX,2.22E+11,Library BookC Recieved,0,300,0,0,0,0,0,0,0,
235005,26-07-2016,2016-2017,2016-2017,AIE,RCPT,764232,15CMCC101052,15CMCC101052,No Information,General,School of Media & Communication Studies,BA Journalism & Mass Communication,School of Media & Communication Studies,BJMC 2014-2015 III Sem VI,1.52E+11,Exam Fee (Back Paper),0,1000,0,0,0,0,0,0,0,
235006,26-07-2016,2016-2017,2016-2017,AIE,RCPT,783633,15CCCE101157,15CCCE101157,Alumni,General,School of Computing Science & Engineering,B.Tech/B.Tech (Hons) Computer Science Engineering,School of Computing Science,B.Tech in CSE 2015-16 V Sem IX,2.22E+11,Library BookC Recieved,0,300,0,0,0,0,0,0,0,
235007,26-07-2016,2016-2017,2016-2017,AIE,RCPT,769343,15CCCE105146,15CCCE105146,Alumni,General,School of Computing Science & Engineering,B.Tech (Hons) in Computer Science & Engineering with Specialization in Cloud Computing & Virtualizations,School of Computing Science,B.Tech in CSCC 2015-16 V Sem IX,2.22E+11,Library BookC Recieved,0,300,0,0,0,0,0,0,0,
235008,26-07-2016,2016-2017,2016-2017,AIE,RCPT,771572,15CCCE102010,15CCCE102010,No Information,General,School of Computing Science & Engineering,B.Tech/B.Tech (Hons) Computer Science Engineering,School of Computing Science,B.Tech in CSE 2016-17 II Sem IV,2.22E+11,Library BookC Recieved,0,300,0,0,0,0,0,0,0,
235009,26-07-2016,2016-2017,2016-2017,AIE,RCPT,786110,15CCCE101039,15CCCE101039,Alumni,General,School of Computing Science & Engineering,B.Tech/B.Tech (Hons) Computer Science Engineering,School of Computing Science,B.Tech in CSE 2015-16 V Sem IX,2.22E+11,Library BookC Recieved,0,300,0,0,0,0,0,0,0,
235010,26-07-2016,2016-2017,2016-2017,AIE,RCPT,768937,15CCCE105182,15CCCE105182,Alumni,General,School of Computing Science & Engineering,B.Tech (Hons) in Computer Science & Engineering with Specialization in Business Analytics,School of Computing Science,B.Tech in CSBA 2015-16 V Sem IX,2.22E+11,Library BookC Recieved,0,300,0,0,0,0,0,0,0,
235011,26-07-2016,2016-2017,2016-2017,AIE,RCPT,768722,15CCCE106005,15CCCE106005,Alumni,General,School of Computing Science & Engineering,B.Tech (Hons) in Computer Science & Engineering with Specialization in Cloud Computing & Virtualizations,School of Computing Science,B.Tech in CSCC 2015-16 V Sem IX,2.22E+11,Library BookC Recieved,0,300,0,0,0,0,0,0,0,
235012,26-07-2016,2016-2017,2016-2017,AIE,RCPT,770733,15CCCE105010,15CCCE105010,Alumni,General,School of Computing Science & Engineering,B.Tech (Hons) in Computer Science & Engineering with Specialization in Cloud Computing & Virtualizations,School of Computing Science,B.Tech in CSCC 2015-16 V Sem IX,2.22E+11,Library BookC Recieved,0,300,0,0,0,0,0,0,0,
235013,26-07-2016,2016-2017,2016-2017,AIE,RCPT,766189,15CECE103068,15CECE103068,Alumni,General,School of Electrical Electronics & Communication Engineering,B.Tech/B.Tech (Hons) Electronics & Communications Engineering,School of Electrical  Electronics,ELECTRONICS AND COMMUNICATION ENGINEERING-2015-16 V Sem IX,2.42E+11,Library BookC Recieved,0,600,0,0,0,0,0,0,0,
235014,26-07-2016,2016-2017,2016-2017,AIE,RCPT,771800,15CCCE101769,15CCCE101769,Alumni,General,School of Computing Science & Engineering,B.Tech/B.Tech (Hons) Computer Science Engineering,School of Computing Science,B.Tech in CSE 2015-16 V Sem IX,2.22E+11,Library BookC Recieved,0,300,0,0,0,0,0,0,0,
235015,26-07-2016,2016-2017,2016-2017,AIE,RCPT,783681,15CCCE101156,15CCCE101156,Alumni,General,School of Computing Science & Engineering,B.Tech/B.Tech (Hons) Computer Science Engineering,School of Computing Science,B.Tech in CSE 2015-16 V Sem IX,2.22E+11,Library BookC Recieved,0,300,0,0,0,0,0,0,0,
235016,26-07-2016,2016-2017,2016-2017,AIE,RCPT,768163,15CCCE107039,15CCCE107039,Alumni,General,School of Computing Science & Engineering,B.Tech (Hons) in Computer Science & Engineering with Specialization in Cloud Computing & Virtualizations,School of Computing Science,B.Tech in CSCC 2015-16 V Sem IX,2.22E+11,Library BookC Recieved,0,300,0,0,0,0,0,0,0,
235017,26-07-2016,2016-2017,2016-2017,AIE,RCPT,782021,15CCCE101234,15CCCE101234,Alumni,General,School of Computing Science & Engineering,B.Tech/B.Tech (Hons) Computer Science Engineering,School of Computing Science,B.Tech in CSE 2015-16 V Sem IX,2.22E+11,Library BookC Recieved,0,300,0,0,0,0,0,0,0,
235018,26-07-2016,2016-2017,2016-2017,AIE,RCPT,780043,15CCCE101326,15CCCE101326,Alumni,General,School of Computing Science & Engineering,B.Tech/B.Tech (Hons) Computer Science Engineering,School of Computing Science,B.Tech in CSE 2015-16 V Sem IX,2.22E+11,Library BookC Recieved,0,300,0,0,0,0,0,0,0,
235019,26-07-2016,2016-2017,2016-2017,AIE,RCPT,778193,15CCCE101415,15CCCE101415,Alumni,General,School of Computing Science & Engineering,B.Tech/B.Tech (Hons) Computer Science Engineering,School of Computing Science,B.Tech in CSE 2015-16 V Sem IX,2.22E+11,Library BookC Recieved,0,300,0,0,0,0,0,0,0,
235020,26-07-2016,2016-2017,2016-2017,AIE,RCPT,770658,15CCCE105016,15CCCE105016,Alumni,General,School of Computing Science & Engineering,B.Tech (Hons) in Computer Science & Engineering with Specialization in Cloud Computing & Virtualizations,School of Computing Science,B.Tech in CSCC 2015-16 V Sem IX,2.22E+11,Library BookC Recieved,0,300,0,0,0,0,0,0,0,
235021,26-07-2016,2016-2017,2016-2017,,RCPT,784737,15CCCE101105,15CCCE101105,Alumni,General,School of Computing Science & Engineering,B.Tech/B.Tech (Hons) Computer Science Engineering,School of Computing Science,B.Tech in CSE 2015-16 V Sem IX,2.22E+11,Library BookC Recieved,0,300,0,0,0,0,0,0,0,
235022,26-07-2016,2016-2017,2016-2017,AIE,RCPT,819258,15GCFC101013,15GCFC101013,Alumni,General,School of Finance & Commerce,B.Com. (Hons),School of Finance,B COM H-2015-16 III Sem VI,1.72E+11,Exam Fee (Back Paper),0,1000,0,0,0,0,0,0,0,
235023,26-07-2016,2016-2017,2016-2017,AIE,RCPT,773243,15CCCE101647,15CCCE101647,Alumni,General,School of Computing Science & Engineering,B.Tech/B.Tech (Hons) Computer Science Engineering,School of Computing Science,B.Tech in CSE 2015-16 V Sem IX,2.22E+11,Library BookC Recieved,0,300,0,0,0,0,0,0,0,
235024,26-07-2016,2016-2017,2016-2017,AIE,RCPT,768093,15CCCE107047,15CCCE107047,Alumni,General,School of Computing Science & Engineering,B.Tech (Hons) in Computer Science & Engineering with Specialization in Business Analytics,School of Computing Science,B.Tech in CSBA 2015-16 V Sem IX,2.22E+11,Library BookC Recieved,0,300,0,0,0,0,0,0,0,
235025,26-07-2016,2016-2017,2016-2017,AIE,RCPT,768831,15CCCE105190,15CCCE105190,No Information,General,School of Computing Science & Engineering,B.Tech (Hons) in Computer Science & Engineering with Specialization in Cloud Computing & Virtualizations,School of Computing Science,B.Tech in CSCC 2015-16 III Sem VI,2.22E+11,Library BookC Recieved,0,300,0,0,0,0,0,0,0,
235026,26-07-2016,2016-2017,2016-2017,AIE,RCPT,774584,15CCCE101584,15CCCE101584,Alumni,General,School of Computing Science & Engineering,B.Tech/B.Tech (Hons) Computer Science Engineering,School of Computing Science,B.Tech in CSE 2015-16 V Sem IX,2.22E+11,Library BookC Recieved,0,300,0,0,0,0,0,0,0,
235027,26-07-2016,2016-2017,2016-2017,AIE,RCPT,785264,15CCCE101077,15CCCE101077,Alumni,General,School of Computing Science & Engineering,B.Tech/B.Tech (Hons) Computer Science Engineering,School of Computing Science,B.Tech in CSE 2015-16 V Sem IX,2.22E+11,Library BookC Recieved,0,300,0,0,0,0,0,0,0,
235028,26-07-2016,2016-2017,2016-2017,AIE,RCPT,771905,15CCCE101761,15CCCE101761,Alumni,General,School of Computing Science & Engineering,B.Tech/B.Tech (Hons) Computer Science Engineering,School of Computing Science,B.Tech in CSE 2015-16 IV Sem VIII,2.22E+11,Library BookC Recieved,0,300,0,0,0,0,0,0,0,
235029,26-07-2016,2016-2017,2016-2017,AIE,RCPT,768032,15CCCE107054,15CCCE107054,Year Back,General,School of Computing Science & Engineering,B.Tech (Hons) in Computer Science & Engineering with Specialization in Business Analytics,School of Computing Science,B.Tech in CSBA 2016-17 III Sem VI,2.22E+11,Library BookC Recieved,0,400,0,0,0,0,0,0,0,
235030,26-07-2016,2016-2017,2016-2017,AIE,RCPT,772351,15CCCE101719,15CCCE101719,Alumni,General,School of Computing Science & Engineering,B.Tech/B.Tech (Hons) Computer Science Engineering,School of Computing Science,B.Tech in CSE 2015-16 V Sem IX,2.22E+11,Library BookC Recieved,0,300,0,0,0,0,0,0,0,
235031,26-07-2016,2016-2017,2016-2017,AIE,RCPT,768106,15CCCE107046,15CCCE107046,Alumni,General,School of Computing Science & Engineering,B.Tech (Hons) in Computer Science & Engineering with Specialization in Business Analytics,School of Computing Science,B.Tech in CSBA 2015-16 V Sem IX,2.22E+11,Library BookC Recieved,0,300,0,0,0,0,0,0,0,
235032,26-07-2016,2016-2017,2016-2017,AIE,RCPT,776080,15CCCE101515,15CCCE101515,Alumni,General,School of Computing Science & Engineering,B.Tech/B.Tech (Hons) Computer Science Engineering,School of Computing Science,B.Tech in CSE 2015-16 V Sem IX,2.22E+11,Library BookC Recieved,0,300,0,0,0,0,0,0,0,
235033,26-07-2016,2016-2017,2016-2017,AIE,RCPT,785373,15CCCE101072,15CCCE101072,Alumni,General,School of Computing Science & Engineering,B.Tech/B.Tech (Hons) Computer Science Engineering,School of Computing Science,B.Tech in CSE 2015-16 V Sem IX,2.22E+11,Library BookC Recieved,0,300,0,0,0,0,0,0,0,
235034,26-07-2016,2016-2017,2016-2017,AIE,RCPT,772950,15CCCE101665,15CCCE101665,Alumni,General,School of Computing Science & Engineering,B.Tech/B.Tech (Hons) Computer Science Engineering,School of Computing Science,B.Tech in CSE 2015-16 V Sem IX,2.22E+11,Library BookC Recieved,0,300,0,0,0,0,0,0,0,
235035,26-07-2016,2016-2017,2016-2017,AIE,RCPT,778429,15CCCE101406,15CCCE101406,Alumni,General,School of Computing Science & Engineering,B.Tech/B.Tech (Hons) Computer Science Engineering,School of Computing Science,B.Tech in CSE 2015-16 V Sem IX,2.22E+11,Library BookC Recieved,0,300,0,0,0,0,0,0,0,
235036,26-07-2016,2016-2017,2016-2017,AIE,RCPT,769897,15CCCE105088,15CCCE105088,Alumni,General,School of Computing Science & Engineering,B.Tech (Hons) in Computer Science & Engineering with Specialization in Cloud Computing & Virtualizations,School of Computing Science,B.Tech in CSCC 2015-16 V Sem IX,2.22E+11,Library BookC Recieved,0,300,0,0,0,0,0,0,0,
235037,26-07-2016,2016-2017,2016-2017,AIE,RCPT,799286,16CMAC103003,16CMAC103003,Alumni,General,School of Medical and Allied Sciences,Bachelor of Optometry,School of Medical and Allied Sciences,B.OPT 2015-16 IV Sem VIII,2.12E+11,TUITION FEE,0,50000,0,0,0,0,0,0,0,
235038,26-07-2016,2016-2017,2016-2017,AIE,RCPT,799286,16CMAC103003,16CMAC103003,Alumni,General,School of Medical and Allied Sciences,Bachelor of Optometry,School of Medical and Allied Sciences,B.OPT 2015-16 IV Sem VIII,2.12E+11,Exam Fee,0,10000,0,0,0,0,0,0,0,
235039,26-07-2016,2016-2017,2016-2017,AIE,RCPT,777869,15CCCE101431,15CCCE101431,Alumni,General,School of Computing Science & Engineering,B.Tech/B.Tech (Hons) Computer Science Engineering,School of Computing Science,B.Tech in CSE 2015-16 IV Sem VIII,2.22E+11,Library BookC Recieved,0,300,0,0,0,0,0,0,0,
235040,26-07-2016,2016-2017,2016-2017,AIE,RCPT,770005,15CCCE105076,15CCCE105076,Alumni,General,School of Computing Science & Engineering,B.Tech (Hons) in Computer Science & Engineering with Specialization in Cloud Computing & Virtualizations,School of Computing Science,B.Tech in CSCC 2015-16 V Sem IX,2.22E+11,Library BookC Recieved,0,300,0,0,0,0,0,0,0,
235041,26-07-2016,2016-2017,2016-2017,AIE,RCPT,766311,15CECE103056,15CECE103056,No Information,General,School of Electrical Electronics & Communication Engineering,B.Tech/B.Tech (Hons) Electronics & Communications Engineering,School of Electrical  Electronics,ELECTRONICS AND COMMUNICATION ENGINEERING-2015-16 III Sem VI,2.42E+11,Library BookC Recieved,0,300,0,0,0,0,0,0,0,
235042,26-07-2016,2016-2017,2016-2017,AIE,RCPT,803243,16CCCE114025,16CCCE114025,No Information,General,School of Computing Science & Engineering,B.Tech (Hons) Computer Science & Engineering with specialisation in Computer Network & Cyber Security,School of Computing Science,B.Tech in CSCN 2016-17 II Sem IV,2.22E+11,TUITION FEE,0,10000,0,0,0,0,0,0,0,
235043,26-07-2016,2016-2017,2016-2017,AIE,RCPT,803243,16CCCE114025,16CCCE114025,No Information,General,School of Computing Science & Engineering,B.Tech (Hons) Computer Science & Engineering with specialisation in Computer Network & Cyber Security,School of Computing Science,B.Tech in CSCN 2016-17 II Sem IV,2.22E+11,Exam Fee,0,10000,0,0,0,0,0,0,0,
235044,26-07-2016,2016-2017,2016-2017,AIE,RCPT,772684,15CCCE101686,15CCCE101686,Alumni,General,School of Computing Science & Engineering,B.Tech/B.Tech (Hons) Computer Science Engineering,School of Computing Science,B.Tech in CSE 2015-16 V Sem IX,2.22E+11,Library BookC Recieved,0,300,0,0,0,0,0,0,0,
235045,26-07-2016,2016-2017,2016-2017,AIE,RCPT,767977,15CCCE107060,15CCCE107060,Alumni,General,School of Computing Science & Engineering,B.Tech (Hons) in Computer Science & Engineering with Specialization in Business Analytics,School of Computing Science,B.Tech in CSBA 2015-16 V Sem IX,2.22E+11,Library BookC Recieved,0,300,0,0,0,0,0,0,0,
235046,26-07-2016,2016-2017,2016-2017,AIE,RCPT,768741,15CCCE106003,15CCCE106003,Alumni,General,School of Computing Science & Engineering,B.Tech (Hons) in Computer Science & Engineering with Specialization in Open Source Software & Open S,School of Computing Science,B.Tech in CSOS 2015-16 V Sem IX,2.22E+11,Library BookC Recieved,0,300,0,0,0,0,0,0,0,
235047,26-07-2016,2016-2017,2016-2017,AIE,RCPT,776550,15CCCE101493,15CCCE101493,Alumni,General,School of Computing Science & Engineering,B.Tech/B.Tech (Hons) Computer Science Engineering,School of Computing Science,B.Tech in CSE 2015-16 V Sem IX,2.22E+11,Library BookC Recieved,0,300,0,0,0,0,0,0,0,
235048,26-07-2016,2016-2017,2016-2017,AIE,RCPT,758074,16GCOA101010,16GCOA101010,No Information,General,School of Architecture,B.Arch,School of Architecture,B Arch 2014-15 II Sem IV,3.02E+11,TUITION FEE,0,175000,0,0,0,0,0,0,0,
235049,26-07-2016,2016-2017,2016-2017,AIE,RCPT,758074,16GCOA101010,16GCOA101010,No Information,General,School of Architecture,B.Arch,School of Architecture,B Arch 2014-15 II Sem IV,3.02E+11,Exam Fee,0,10000,0,0,0,0,0,0,0,
235050,26-07-2016,2016-2017,2016-2017,AIE,RCPT,771776,15CCCE101773,15CCCE101773,Alumni,General,School of Computing Science & Engineering,B.Tech/B.Tech (Hons) Computer Science Engineering,School of Computing Science,B.Tech in CSE 2015-16 V Sem IX,2.22E+11,Library BookC Recieved,0,300,0,0,0,0,0,0,0,
235051,26-07-2016,2016-2017,2016-2017,AIE,RCPT,768148,15CCCE107040,15CCCE107040,No Information,General,School of Computing Science & Engineering,B.Tech (Hons) in Computer Science & Engineering with Specialization in Business Analytics,School of Computing Science,B.Tech in CSBA 2015-16 III Sem VI,2.22E+11,Library BookC Recieved,0,300,0,0,0,0,0,0,0,
235052,26-07-2016,2016-2017,2016-2017,AIE,RCPT,784781,15GCOB101184,15GCOB101184,Alumni,General,School of Business,Bachelor of Business Administration,School of Business,Bachelor of Business Administration 2015-16 III Sem VI,1.32E+11,Fine Fee,0,2000,0,0,0,0,0,0,0,
235053,26-07-2016,2016-2017,2016-2017,AIE,RCPT,784781,15GCOB101184,15GCOB101184,Alumni,General,School of Business,Bachelor of Business Administration,School of Business,Bachelor of Business Administration 2015-16 III Sem VI,1.32E+11,Tuition Fee (Back Paper),0,3600,0,0,0,0,0,0,0,
235054,26-07-2016,2016-2017,2016-2017,AIE,RCPT,784781,15GCOB101184,15GCOB101184,Alumni,General,School of Business,Bachelor of Business Administration,School of Business,Bachelor of Business Administration 2015-16 III Sem VI,1.32E+11,Exam Fee (Back Paper),0,1000,0,0,0,0,0,0,0,
235055,26-07-2016,2016-2017,2016-2017,AIE,RCPT,770023,15CCCE105074,15CCCE105074,Alumni,General,School of Computing Science & Engineering,B.Tech (Hons) in Computer Science & Engineering with Specialization in Cloud Computing & Virtualizations,School of Computing Science,B.Tech in CSCC 2015-16 V Sem IX,2.22E+11,Library BookC Recieved,0,300,0,0,0,0,0,0,0,
235056,26-07-2016,2016-2017,2016-2017,AIE,RCPT,784785,15GCOB101184,15GCOB101184,Alumni,General,School of Business,Bachelor of Business Administration,School of Business,Bachelor of Business Administration 2015-16 III Sem VI,1.32E+11,Exam Fee (Back Paper),0,500,0,0,0,0,0,0,0,
235057,26-07-2016,2016-2017,2016-2017,AIE,RCPT,776429,15CCCE101500,15CCCE101500,Alumni,General,School of Computing Science & Engineering,B.Tech/B.Tech (Hons) Computer Science Engineering,School of Computing Science,B.Tech in CSE 2015-16 V Sem IX,2.22E+11,Library BookC Recieved,0,300,0,0,0,0,0,0,0,
235058,26-07-2016,2016-2017,2016-2017,AIE,RCPT,770015,15CCCE105075,15CCCE105075,Alumni,General,School of Computing Science & Engineering,B.Tech (Hons) in Computer Science & Engineering with Specialization in Cloud Computing & Virtualizations,School of Computing Science,B.Tech in CSCC 2015-16 V Sem IX,2.22E+11,Library BookC Recieved,0,300,0,0,0,0,0,0,0,
235059,26-07-2016,2016-2017,2016-2017,AIE,RCPT,769257,15CCCE105153,15CCCE105153,Alumni,General,School of Computing Science & Engineering,B.Tech (Hons) in Computer Science & Engineering with Specialization in Cloud Computing & Virtualizations,School of Computing Science,B.Tech in CSCC 2015-16 V Sem IX,2.22E+11,Library BookC Recieved,0,300,0,0,0,0,0,0,0,
235060,26-07-2016,2016-2017,2016-2017,AIE,RCPT,784782,15CCCE101102,15CCCE101102,Alumni,General,School of Computing Science & Engineering,B.Tech/B.Tech (Hons) Computer Science Engineering,School of Computing Science,B.Tech in CSE 2015-16 V Sem IX,2.22E+11,Library BookC Recieved,0,300,0,0,0,0,0,0,0,
235061,26-07-2016,2016-2017,2016-2017,AIE,RCPT,786641,15GCOB101284,15GCOB101284,No Information,General,School of Business,Bachelor of Business Administration,School of Business,Bachelor of Business Administration 2016-17 II Sem IV,1.32E+11,Fine Fee,0,2000,0,0,0,0,0,0,0,
235062,26-07-2016,2016-2017,2016-2017,AIE,RCPT,786641,15GCOB101284,15GCOB101284,No Information,General,School of Business,Bachelor of Business Administration,School of Business,Bachelor of Business Administration 2016-17 II Sem IV,1.32E+11,Tuition Fee (Back Paper),0,3600,0,0,0,0,0,0,0,
235063,26-07-2016,2016-2017,2016-2017,AIE,RCPT,786641,15GCOB101284,15GCOB101284,No Information,General,School of Business,Bachelor of Business Administration,School of Business,Bachelor of Business Administration 2016-17 II Sem IV,1.32E+11,Exam Fee (Back Paper),0,1000,0,0,0,0,0,0,0,
235064,26-07-2016,2016-2017,2016-2017,AIE,RCPT,781159,15CCCE101272,15CCCE101272,Alumni,General,School of Computing Science & Engineering,B.Tech/B.Tech (Hons) Computer Science Engineering,School of Computing Science,B.Tech in CSE 2015-16 IV Sem VIII,2.22E+11,Library BookC Recieved,0,300,0,0,0,0,0,0,0,
235065,26-07-2016,2016-2017,2016-2017,AIE,RCPT,802711,16CCCE202001,16CCCE202001,Alumni,General,School of Computing Science & Engineering,M.Tech Software Engineering,School of Computing Science,M.Tech in SE 2016-17 II Sem IV,2.22E+11,TUITION FEE,0,77000,0,0,0,0,0,0,0,
235066,26-07-2016,2016-2017,2016-2017,AIE,RCPT,802711,16CCCE202001,16CCCE202001,Alumni,General,School of Computing Science & Engineering,M.Tech Software Engineering,School of Computing Science,M.Tech in SE 2016-17 II Sem IV,2.22E+11,Exam Fee,0,10000,0,0,0,0,0,0,0,
235067,26-07-2016,2016-2017,2016-2017,AIE,RCPT,779160,15CCCE101370,15CCCE101370,Alumni,General,School of Computing Science & Engineering,B.Tech/B.Tech (Hons) Computer Science Engineering,School of Computing Science,B.Tech in CSE 2015-16 V Sem IX,2.22E+11,Library BookC Recieved,0,300,0,0,0,0,0,0,0,
235068,26-07-2016,2016-2017,2016-2017,AIE,RCPT,776709,15CCCE101485,15CCCE101485,Alumni,General,School of Computing Science & Engineering,B.Tech/B.Tech (Hons) Computer Science Engineering,School of Computing Science,B.Tech in CSE 2015-16 V Sem IX,2.22E+11,Library BookC Recieved,0,300,0,0,0,0,0,0,0,
235069,26-07-2016,2016-2017,2016-2017,AIE,RCPT,769087,15CCCE105166,15CCCE105166,Alumni,General,School of Computing Science & Engineering,B.Tech (Hons) in Computer Science & Engineering with Specialization in Cloud Computing & Virtualizations,School of Computing Science,B.Tech in CSCC 2015-16 V Sem IX,2.22E+11,Library BookC Recieved,0,300,0,0,0,0,0,0,0,
235070,26-07-2016,2016-2017,2016-2017,AIE,RCPT,780187,15CCCE101317,15CCCE101317,Alumni,General,School of Computing Science & Engineering,B.Tech/B.Tech (Hons) Computer Science Engineering,School of Computing Science,B.Tech in CSE 2015-16 V Sem IX,2.22E+11,Library BookC Recieved,0,300,0,0,0,0,0,0,0,
235071,26-07-2016,2016-2017,2016-2017,AIE,RCPT,767596,15CCCE111016,15CCCE111016,Alumni,General,School of Computing Science & Engineering,BCA,School of Computing Science,BCA 2015-16 III Sem VI,2.22E+11,Library BookC Recieved,0,300,0,0,0,0,0,0,0,
235072,26-07-2016,2016-2017,2016-2017,AIE,RCPT,769586,15CCCE105119,15CCCE105119,Alumni,General,School of Computing Science & Engineering,B.Tech (Hons) in Computer Science & Engineering with Specialization in Cloud Computing & Virtualizations,School of Computing Science,B.Tech in CSCC 2015-16 V Sem IX,2.22E+11,Library BookC Recieved,0,300,0,0,0,0,0,0,0,
235073,26-07-2016,2016-2017,2016-2017,AIE,RCPT,783146,15CCCE101180,15CCCE101180,Alumni,General,School of Computing Science & Engineering,B.Tech/B.Tech (Hons) Computer Science Engineering,School of Computing Science,B.Tech in CSE 2015-16 V Sem IX,2.22E+11,Library BookC Recieved,0,300,0,0,0,0,0,0,0,
235074,26-07-2016,2016-2017,2016-2017,AIE,RCPT,781043,15CCCE101276,15CCCE101276,Alumni,General,School of Computing Science & Engineering,B.Tech/B.Tech (Hons) Computer Science Engineering,School of Computing Science,B.Tech in CSE 2015-16 V Sem IX,2.22E+11,Library BookC Recieved,0,300,0,0,0,0,0,0,0,
235075,26-07-2016,2016-2017,2016-2017,AIE,RCPT,779385,15CCCE101356,15CCCE101356,Alumni,General,School of Computing Science & Engineering,B.Tech/B.Tech (Hons) Computer Science Engineering,School of Computing Science,B.Tech in CSE 2015-16 V Sem IX,2.22E+11,Library BookC Recieved,0,400,0,0,0,0,0,0,0,
235076,26-07-2016,2016-2017,2016-2017,AIE,RCPT,783094,15CCCE101182,15CCCE101182,No Information,General,School of Computing Science & Engineering,B.Tech/B.Tech (Hons) Computer Science Engineering,School of Computing Science,B.Tech in CSE 2015-16 III Sem VI,2.22E+11,Library BookC Recieved,0,300,0,0,0,0,0,0,0,
235077,26-07-2016,2016-2017,2016-2017,AIE,RCPT,783984,15CCCE101141,15CCCE101141,Alumni,General,School of Computing Science & Engineering,B.Tech/B.Tech (Hons) Computer Science Engineering,School of Computing Science,B.Tech in CSE 2015-16 V Sem IX,2.22E+11,Library BookC Recieved,0,300,0,0,0,0,0,0,0,
235078,26-07-2016,2016-2017,2016-2017,AIE,RCPT,768295,15CCCE107027,15CCCE107027,Alumni,General,School of Computing Science & Engineering,B.Tech (Hons) in Computer Science & Engineering with Specialization in Business Analytics,School of Computing Science,B.Tech in CSBA 2015-16 V Sem IX,2.22E+11,Library BookC Recieved,0,300,0,0,0,0,0,0,0,
235079,26-07-2016,2016-2017,2016-2017,AIE,RCPT,785842,15GCOB101240,15GCOB101240,Alumni,General,School of Business,Bachelor of Business Administration,School of Business,Bachelor of Business Administration 2015-16 III Sem VI,1.32E+11,Fine Fee,0,3000,0,0,0,0,0,0,0,
235080,26-07-2016,2016-2017,2016-2017,AIE,RCPT,785842,15GCOB101240,15GCOB101240,Alumni,General,School of Business,Bachelor of Business Administration,School of Business,Bachelor of Business Administration 2015-16 III Sem VI,1.32E+11,Tuition Fee (Back Paper),0,5400,0,0,0,0,0,0,0,
235081,26-07-2016,2016-2017,2016-2017,AIE,RCPT,785842,15GCOB101240,15GCOB101240,Alumni,General,School of Business,Bachelor of Business Administration,School of Business,Bachelor of Business Administration 2015-16 III Sem VI,1.32E+11,Exam Fee (Back Paper),0,1500,0,0,0,0,0,0,0,
235082,26-07-2016,2016-2017,2016-2017,AIE,RCPT,776210,15CCCE101509,15CCCE101509,Alumni,General,School of Computing Science & Engineering,B.Tech/B.Tech (Hons) Computer Science Engineering,School of Computing Science,B.Tech in CSE 2015-16 V Sem IX,2.22E+11,Library BookC Recieved,0,300,0,0,0,0,0,0,0,
235083,26-07-2016,2016-2017,2016-2017,AIE,RCPT,774337,15CCCE101595,15CCCE101595,Alumni,General,School of Computing Science & Engineering,B.Tech/B.Tech (Hons) Computer Science Engineering,School of Computing Science,B.Tech in CSE 2015-16 V Sem IX,2.22E+11,Library BookC Recieved,0,300,0,0,0,0,0,0,0,
235084,26-07-2016,2016-2017,2016-2017,AIE,RCPT,771012,15CCCE104068,15CCCE104068,Alumni,General,School of Computing Science & Engineering,BCA,School of Computing Science,BCA 2015-16 III Sem VI,2.22E+11,Library BookC Recieved,0,300,0,0,0,0,0,0,0,
235085,26-07-2016,2016-2017,2016-2017,AIE,RCPT,782237,15CCCE101224,15CCCE101224,Alumni,General,School of Computing Science & Engineering,B.Tech/B.Tech (Hons) Computer Science Engineering,School of Computing Science,B.Tech in CSE 2015-16 V Sem IX,2.22E+11,Library BookC Recieved,0,300,0,0,0,0,0,0,0,
235086,26-07-2016,2016-2017,2016-2017,AIE,RCPT,772849,15CCCE101675,15CCCE101675,Withdrawn,General,School of Computing Science & Engineering,B.Tech/B.Tech (Hons) Computer Science Engineering,School of Computing Science,B.Tech in CSE 2016-17 III Sem V,2.22E+11,Fine Fee,0,3000,0,0,0,0,0,0,0,
235087,26-07-2016,2016-2017,2016-2017,AIE,RCPT,772849,15CCCE101675,15CCCE101675,Withdrawn,General,School of Computing Science & Engineering,B.Tech/B.Tech (Hons) Computer Science Engineering,School of Computing Science,B.Tech in CSE 2016-17 III Sem V,2.22E+11,Tuition Fee (Back Paper),0,5400,0,0,0,0,0,0,0,
235088,26-07-2016,2016-2017,2016-2017,AIE,RCPT,772849,15CCCE101675,15CCCE101675,Withdrawn,General,School of Computing Science & Engineering,B.Tech/B.Tech (Hons) Computer Science Engineering,School of Computing Science,B.Tech in CSE 2016-17 III Sem V,2.22E+11,Exam Fee (Back Paper),0,1500,0,0,0,0,0,0,0,
235089,26-07-2016,2016-2017,2016-2017,AIE,RCPT,786740,15CCCE101012,15CCCE101012,Alumni,General,School of Computing Science & Engineering,B.Tech/B.Tech (Hons) Computer Science Engineering,School of Computing Science,B.Tech in CSE 2015-16 V Sem IX,2.22E+11,Library BookC Recieved,0,300,0,0,0,0,0,0,0,
235090,26-07-2016,2016-2017,2016-2017,AIE,RCPT,804176,16CCCE112035,16CCCE112035,Alumni,General,School of Computing Science & Engineering,B.Tech (Hons) Computer Science & Engineering with specialisation in Data Analytics,School of Computing Science,B.Tech in CSDA 2016-17 IV Sem VIII,2.22E+11,TUITION FEE,0,149000,0,0,0,0,0,0,0,
235091,26-07-2016,2016-2017,2016-2017,AIE,RCPT,804176,16CCCE112035,16CCCE112035,Alumni,General,School of Computing Science & Engineering,B.Tech (Hons) Computer Science & Engineering with specialisation in Data Analytics,School of Computing Science,B.Tech in CSDA 2016-17 IV Sem VIII,2.22E+11,Exam Fee,0,10000,0,0,0,0,0,0,0,
235092,26-07-2016,2016-2017,2016-2017,AIE,RCPT,767578,15CCCE111018,15CCCE111018,Alumni,General,School of Computing Science & Engineering,Integrated BCA + MCA,School of Computing Science,BCA + MCA 2015-2016 V Sem X,2.22E+11,Library BookC Recieved,0,300,0,0,0,0,0,0,0,
235093,26-07-2016,2016-2017,2016-2017,AIE,RCPT,775772,15CCCE101531,15CCCE101531,Alumni,General,School of Computing Science & Engineering,B.Tech/B.Tech (Hons) Computer Science Engineering,School of Computing Science,B.Tech in CSE 2015-16 V Sem IX,2.22E+11,Library BookC Recieved,0,300,0,0,0,0,0,0,0,
235094,26-07-2016,2016-2017,2016-2017,AIE,RCPT,770134,15CCCE105060,15CCCE105060,Alumni,General,School of Computing Science & Engineering,B.Tech (Hons) in Computer Science & Engineering with Specialization in Cloud Computing & Virtualizations,School of Computing Science,B.Tech in CSCC 2015-16 V Sem IX,2.22E+11,Library BookC Recieved,0,300,0,0,0,0,0,0,0,
235095,26-07-2016,2016-2017,2016-2017,AIE,RCPT,783164,15CCCE101179,15CCCE101179,Alumni,General,School of Computing Science & Engineering,B.Tech/B.Tech (Hons) Computer Science Engineering,School of Computing Science,B.Tech in CSE 2015-16 V Sem IX,2.22E+11,Library BookC Recieved,0,300,0,0,0,0,0,0,0,
235096,26-07-2016,2016-2017,2016-2017,AIE,RCPT,783174,15GCOB101090,15GCOB101090,Alumni,General,School of Business,Bachelor of Business Administration,School of Business,Bachelor of Business Administration 2015-16 III Sem VI,1.32E+11,Exam Fee (Back Paper),0,1000,0,0,0,0,0,0,0,
235097,26-07-2016,2016-2017,2016-2017,AIE,RCPT,783185,15CCCE101178,15CCCE101178,Alumni,General,School of Computing Science & Engineering,B.Tech/B.Tech (Hons) Computer Science Engineering,School of Computing Science,B.Tech in CSE 2015-16 V Sem IX,2.22E+11,Library BookC Recieved,0,300,0,0,0,0,0,0,0,
235098,26-07-2016,2016-2017,2016-2017,AIE,RCPT,789206,15CCME101238,15CCME101238,Alumni,General,School of Mechanical Engineering,B.Tech/B.Tech (Hons) Mechanical Engineering,School of Mechanical Engineering,ME 2015-2016 V Sem IX,2.32E+11,Exam Fee (Back Paper),0,400,0,0,0,0,0,0,0,
235099,26-07-2016,2016-2017,2016-2017,AIE,RCPT,769565,15CCCE105121,15CCCE105121,Alumni,General,School of Computing Science & Engineering,B.Tech (Hons) in Computer Science & Engineering with Specialization in Cloud Computing & Virtualizations,School of Computing Science,B.Tech in CSCC 2015-16 V Sem IX,2.22E+11,Library BookC Recieved,0,300,0,0,0,0,0,0,0,
235100,26-07-2016,2016-2017,2016-2017,AIE,RCPT,774313,15CCCE101596,15CCCE101596,Alumni,General,School of Computing Science & Engineering,B.Tech/B.Tech (Hons) Computer Science Engineering,School of Computing Science,B.Tech in CSE 2015-16 V Sem IX,2.22E+11,Degree/Convocation/Certificate fee,0,300,0,0,0,0,0,0,0,
235101,26-07-2016,2016-2017,2016-2017,AIE,RCPT,768437,15CCCE107014,15CCCE107014,Alumni,General,School of Computing Science & Engineering,B.Tech (Hons) in Computer Science & Engineering with Specialization in Business Analytics,School of Computing Science,B.Tech in CSBA 2016-17 IV Sem VIII,2.22E+11,Library BookC Recieved,0,300,0,0,0,0,0,0,0,
235102,26-07-2016,2016-2017,2016-2017,AIE,RCPT,767441,15CCCE203003,15CCCE203003,Alumni,General,School of Computing Science & Engineering,MCA,School of Computing Science,MCA 2015 - 16 III Sem VI,2.22E+11,Library BookC Recieved,0,600,0,0,0,0,0,0,0,
235103,26-07-2016,2016-2017,2016-2017,AIE,RCPT,769171,15CCCE105160,15CCCE105160,Alumni,General,School of Computing Science & Engineering,B.Tech (Hons) in Computer Science & Engineering with Specialization in Cloud Computing & Virtualizations,School of Computing Science,B.Tech in CSCC 2015-16 V Sem IX,2.22E+11,Library BookC Recieved,0,300,0,0,0,0,0,0,0,
235104,26-07-2016,2016-2017,2016-2017,AIE,RCPT,775920,15CCCE101523,15CCCE101523,Alumni,General,School of Computing Science & Engineering,B.Tech/B.Tech (Hons) Computer Science Engineering,School of Computing Science,B.Tech in CSE 2015-16 V Sem IX,2.22E+11,Library BookC Recieved,0,300,0,0,0,0,0,0,0,
235105,26-07-2016,2016-2017,2016-2017,AIE,RCPT,769574,15CCCE105120,15CCCE105120,Alumni,General,School of Computing Science & Engineering,B.Tech (Hons) in Computer Science & Engineering with Specialization in Cloud Computing & Virtualizations,School of Computing Science,B.Tech in CSCC 2015-16 V Sem IX,2.22E+11,Library BookC Recieved,0,300,0,0,0,0,0,0,0,
235106,26-07-2016,2016-2017,2016-2017,AIE,RCPT,781534,15CCCE101254,15CCCE101254,Alumni,General,School of Computing Science & Engineering,B.Tech/B.Tech (Hons) Computer Science Engineering,School of Computing Science,B.Tech in CSE 2015-16 V Sem IX,2.22E+11,Library BookC Recieved,0,300,0,0,0,0,0,0,0,
235107,26-07-2016,2016-2017,2016-2017,AIE,RCPT,784220,15CCCE101130,15CCCE101130,Alumni,General,School of Computing Science & Engineering,B.Tech/B.Tech (Hons) Computer Science Engineering,School of Computing Science,B.Tech in CSE 2015-16 V Sem IX,2.22E+11,Library BookC Recieved,0,300,0,0,0,0,0,0,0,
235108,26-07-2016,2016-2017,2016-2017,AIE,RCPT,772302,15CCCE101724,15CCCE101724,Alumni,General,School of Computing Science & Engineering,B.Tech/B.Tech (Hons) Computer Science Engineering,School of Computing Science,B.Tech in CSE 2015-16 V Sem IX,2.22E+11,Library BookC Recieved,0,300,0,0,0,0,0,0,0,
235109,26-07-2016,2016-2017,2016-2017,AIE,RCPT,761274,16GPTC409001,16GPTC409001,Alumni,General,Gs Polytechnic,Diploma in Chemical Engineering,Gs Polytechnic,CHEMICAL ENGINEERING 2016-2017 IV Sem VII,3.22E+11,TUITION FEE,0,35000,0,0,0,0,0,0,0,
235110,26-07-2016,2016-2017,2016-2017,AIE,RCPT,761274,16GPTC409001,16GPTC409001,Alumni,General,Gs Polytechnic,Diploma in Chemical Engineering,Gs Polytechnic,CHEMICAL ENGINEERING 2016-2017 IV Sem VII,3.22E+11,Exam Fee,0,10000,0,0,0,0,0,0,0,
235111,26-07-2016,2016-2017,2016-2017,AIE,RCPT,776188,15CCCE101510,15CCCE101510,Alumni,General,School of Computing Science & Engineering,B.Tech/B.Tech (Hons) Computer Science Engineering,School of Computing Science,B.Tech in CSE 2015-16 V Sem IX,2.22E+11,Library BookC Recieved,0,300,0,0,0,0,0,0,0,
235112,26-07-2016,2016-2017,2016-2017,AIE,RCPT,774898,15CCCE101571,15CCCE101571,Alumni,General,School of Computing Science & Engineering,B.Tech/B.Tech (Hons) Computer Science Engineering,School of Computing Science,B.Tech in CSE 2015-16 V Sem IX,2.22E+11,Library BookC Recieved,0,300,0,0,0,0,0,0,0,
235113,26-07-2016,2016-2017,2016-2017,AIE,RCPT,775742,15CCCE101533,15CCCE101533,Alumni,General,School of Computing Science & Engineering,B.Tech/B.Tech (Hons) Computer Science Engineering,School of Computing Science,B.Tech in CSE 2015-16 V Sem IX,2.22E+11,Library BookC Recieved,0,300,0,0,0,0,0,0,0,
235114,26-07-2016,2016-2017,2016-2017,AIE,RCPT,771379,15CCCE104020,15CCCE104020,Alumni,General,School of Computing Science & Engineering,BCA,School of Computing Science,BCA 2015-16 III Sem VI,2.22E+11,Library BookC Recieved,0,300,0,0,0,0,0,0,0,
235115,26-07-2016,2016-2017,2016-2017,AIE,RCPT,817828,15GCOL101009,15GCOL101009,No Information,General,School of Law,Bachelor of Law (LLB) (Hons.),School of Law,LLB 2015-2016 III Sem VI,1.92E+11,Fine Fee,0,4000,0,0,0,0,0,0,0,
235116,26-07-2016,2016-2017,2016-2017,AIE,RCPT,817828,15GCOL101009,15GCOL101009,No Information,General,School of Law,Bachelor of Law (LLB) (Hons.),School of Law,LLB 2015-2016 III Sem VI,1.92E+11,Tuition Fee (Back Paper),0,7200,0,0,0,0,0,0,0,
235117,26-07-2016,2016-2017,2016-2017,AIE,RCPT,817828,15GCOL101009,15GCOL101009,No Information,General,School of Law,Bachelor of Law (LLB) (Hons.),School of Law,LLB 2015-2016 III Sem VI,1.92E+11,Exam Fee (Back Paper),0,2500,0,0,0,0,0,0,0,
235118,26-07-2016,2016-2017,2016-2017,AIE,RCPT,772853,15CCCE101674,15CCCE101674,No Information,General,School of Computing Science & Engineering,B.Tech/B.Tech (Hons) Computer Science Engineering,School of Computing Science,B.Tech in CSE 2016-17 II Sem IV,2.22E+11,Library BookC Recieved,0,300,0,0,0,0,0,0,0,
235119,26-07-2016,2016-2017,2016-2017,AIE,RCPT,801396,16CECE103053,16CECE103053,Alumni,General,School of Electrical Electronics & Communication Engineering,B.Tech/B.Tech (Hons) Electronics & Communications Engineering,School of Electrical  Electronics,ELECTRONICS AND COMMUNICATION ENGINEERING-2016-17 IV Sem VIII,2.42E+11,TUITION FEE,0,20000,0,0,0,0,0,0,0,
235120,26-07-2016,2016-2017,2016-2017,AIE,RCPT,758498,16GCFC101075,16GCFC101075,Alumni,General,School of Finance & Commerce,B.Com. (Hons),School of Finance,B COM H-2015-16 IV Sem VII,1.72E+11,TUITION FEE,0,95000,0,0,0,0,0,0,0,
235121,26-07-2016,2016-2017,2016-2017,AIE,RCPT,758498,16GCFC101075,16GCFC101075,Alumni,General,School of Finance & Commerce,B.Com. (Hons),School of Finance,B COM H-2015-16 IV Sem VII,1.72E+11,Exam Fee,0,10000,0,0,0,0,0,0,0,
235122,26-07-2016,2016-2017,2016-2017,AIE,RCPT,773851,15CCCE101619,15CCCE101619,Alumni,General,School of Computing Science & Engineering,B.Tech/B.Tech (Hons) Computer Science Engineering,School of Computing Science,B.Tech in CSE 2015-16 V Sem IX,2.22E+11,Library BookC Recieved,0,300,0,0,0,0,0,0,0,
235123,26-07-2016,2016-2017,2016-2017,AIE,RCPT,771249,15CCCE104036,15CCCE104036,Alumni,General,School of Computing Science & Engineering,BCA,School of Computing Science,BCA 2015-16 III Sem VI,2.22E+11,Library BookC Recieved,0,300,0,0,0,0,0,0,0,
235124,26-07-2016,2016-2017,2016-2017,AIE,RCPT,758499,16GCFC101074,16GCFC101074,No Information,General,School of Finance & Commerce,B.Com. (Hons),School of Finance,B.Com. (Hons) 2016-2017 I Sem II,1.72E+11,TUITION FEE,0,45000,0,0,0,0,0,0,0,
235125,26-07-2016,2016-2017,2016-2017,AIE,RCPT,758499,16GCFC101074,16GCFC101074,No Information,General,School of Finance & Commerce,B.Com. (Hons),School of Finance,B.Com. (Hons) 2016-2017 I Sem II,1.72E+11,Exam Fee,0,10000,0,0,0,0,0,0,0,
235126,26-07-2016,2016-2017,2016-2017,AIE,RCPT,773001,15CCCE101660,15CCCE101660,Alumni,General,School of Computing Science & Engineering,B.Tech/B.Tech (Hons) Computer Science Engineering,School of Computing Science,B.Tech in CSE 2015-16 V Sem IX,2.22E+11,Library BookC Recieved,0,300,0,0,0,0,0,0,0,
235127,26-07-2016,2016-2017,2016-2017,AIE,RCPT,778043,15CCCE101424,15CCCE101424,Alumni,General,School of Computing Science & Engineering,B.Tech/B.Tech (Hons) Computer Science Engineering,School of Computing Science,B.Tech in CSE 2015-16 V Sem IX,2.22E+11,Library BookC Recieved,0,300,0,0,0,0,0,0,0,
235128,26-07-2016,2016-2017,2016-2017,AIE,RCPT,768494,15CCCE107008,15CCCE107008,Alumni,General,School of Computing Science & Engineering,B.Tech (Hons) in Computer Science & Engineering with Specialization in Business Analytics,School of Computing Science,B.Tech in CSBA 2015-16 V Sem IX,2.22E+11,Library BookC Recieved,0,300,0,0,0,0,0,0,0,
235129,26-07-2016,2016-2017,2016-2017,AIE,RCPT,788574,15CCME101271,15CCME101271,Cancelled,General,School of Mechanical Engineering,B.Tech/B.Tech (Hons) Mechanical Engineering,School of Mechanical Engineering,ME 2017-2018 II Sem III,2.32E+11,Library BookC Recieved,0,400,0,0,0,0,0,0,0,
235130,26-07-2016,2016-2017,2016-2017,AIE,RCPT,783960,15CCCE101142,15CCCE101142,Alumni,General,School of Computing Science & Engineering,B.Tech/B.Tech (Hons) Computer Science Engineering,School of Computing Science,B.Tech in CSE 2015-16 V Sem IX,2.22E+11,Exam Fee (Back Paper),0,300,0,0,0,0,0,0,0,
235131,26-07-2016,2016-2017,2016-2017,AIE,RCPT,769074,15CCCE105167,15CCCE105167,Alumni,General,School of Computing Science & Engineering,B.Tech (Hons) in Computer Science & Engineering with Specialization in Cloud Computing & Virtualizations,School of Computing Science,B.Tech in CSCC 2015-16 V Sem IX,2.22E+11,Library BookC Recieved,0,300,0,0,0,0,0,0,0,
235132,26-07-2016,2016-2017,2016-2017,AIE,RCPT,768283,15CCCE107028,15CCCE107028,Alumni,General,School of Computing Science & Engineering,B.Tech (Hons) in Computer Science & Engineering with Specialization in Business Analytics,School of Computing Science,B.Tech in CSBA 2015-16 V Sem IX,2.22E+11,Library BookC Recieved,0,300,0,0,0,0,0,0,0,
235133,26-07-2016,2016-2017,2016-2017,AIE,RCPT,779066,15CCCE101375,15CCCE101375,Alumni,General,School of Computing Science & Engineering,B.Tech/B.Tech (Hons) Computer Science Engineering,School of Computing Science,B.Tech in CSE 2015-16 V Sem IX,2.22E+11,Library BookC Recieved,0,300,0,0,0,0,0,0,0,
235134,26-07-2016,2016-2017,2016-2017,AIE,RCPT,774881,15CCCE101572,15CCCE101572,Alumni,General,School of Computing Science & Engineering,B.Tech/B.Tech (Hons) Computer Science Engineering,School of Computing Science,B.Tech in CSE 2015-16 V Sem IX,2.22E+11,Library BookC Recieved,0,300,0,0,0,0,0,0,0,
235135,26-07-2016,2016-2017,2016-2017,AIE,RCPT,770888,15CCCE104084,15CCCE104084,Alumni,General,School of Computing Science & Engineering,BCA,School of Computing Science,BCA 2015-16 III Sem VI,2.22E+11,Library BookC Recieved,0,300,0,0,0,0,0,0,0,
235136,26-07-2016,2016-2017,2016-2017,AIE,RCPT,774153,15CCCE101603,15CCCE101603,No Information,General,School of Computing Science & Engineering,B.Tech/B.Tech (Hons) Computer Science Engineering,School of Computing Science,B.Tech in CSE 2016-17 II Sem IV,2.22E+11,Exam Fee (Back Paper),0,2000,0,0,0,0,0,0,0,
235137,26-07-2016,2016-2017,2016-2017,AIE,RCPT,774153,15CCCE101603,15CCCE101603,No Information,General,School of Computing Science & Engineering,B.Tech/B.Tech (Hons) Computer Science Engineering,School of Computing Science,B.Tech in CSE 2016-17 II Sem IV,2.22E+11,Library BookC Recieved,0,300,0,0,0,0,0,0,0,
235138,26-07-2016,2016-2017,2016-2017,AIE,RCPT,775005,15CCCE101565,15CCCE101565,Alumni,General,School of Computing Science & Engineering,B.Tech/B.Tech (Hons) Computer Science Engineering,School of Computing Science,B.Tech in CSE 2015-16 V Sem IX,2.22E+11,Library BookC Recieved,0,300,0,0,0,0,0,0,0,
235139,26-07-2016,2016-2017,2016-2017,AIE,RCPT,786915,15CCCE101005,15CCCE101005,Alumni,General,School of Computing Science & Engineering,B.Tech/B.Tech (Hons) Computer Science Engineering,School of Computing Science,B.Tech in CSE 2015-16 V Sem IX,2.22E+11,Library BookC Recieved,0,300,0,0,0,0,0,0,0,
235140,26-07-2016,2016-2017,2016-2017,AIE,RCPT,816983,15GCOL102087,15GCOL102087,Alumni,General,School of Law,Integrated BA + LLB (Hons.),School of Law,BALLB  2016-2017 III Sem V,1.92E+11,Exam Fee (Back Paper),0,1000,0,0,0,0,0,0,0,
235141,26-07-2016,2016-2017,2016-2017,AIE,RCPT,775214,15CCCE101556,15CCCE101556,Alumni,General,School of Computing Science & Engineering,B.Tech/B.Tech (Hons) Computer Science Engineering,School of Computing Science,B.Tech in CSE 2015-16 V Sem IX,2.22E+11,Library BookC Recieved,0,300,0,0,0,0,0,0,0,
235142,26-07-2016,2016-2017,2016-2017,AIE,RCPT,770219,15CCCE105054,15CCCE105054,Alumni,General,School of Computing Science & Engineering,B.Tech (Hons) in Computer Science & Engineering with Specialization in Cloud Computing & Virtualizations,School of Computing Science,B.Tech in CSCC 2015-16 V Sem IX,2.22E+11,Library BookC Recieved,0,300,0,0,0,0,0,0,0,
235143,26-07-2016,2016-2017,2016-2017,AIE,RCPT,782335,15CCCE101218,15CCCE101218,Alumni,General,School of Computing Science & Engineering,B.Tech/B.Tech (Hons) Computer Science Engineering,School of Computing Science,B.Tech in CSE 2015-16 V Sem IX,2.22E+11,Library BookC Recieved,0,300,0,0,0,0,0,0,0,
235144,26-07-2016,2016-2017,2016-2017,AIE,RCPT,783066,15CCCE101184,15CCCE101184,Alumni,General,School of Computing Science & Engineering,B.Tech/B.Tech (Hons) Computer Science Engineering,School of Computing Science,B.Tech in CSE 2015-16 V Sem IX,2.22E+11,Library BookC Recieved,0,300,0,0,0,0,0,0,0,
235145,26-07-2016,2016-2017,2016-2017,AIE,RCPT,802503,16CCCE203032,16CCCE203032,Alumni,General,School of Computing Science & Engineering,MCA,School of Computing Science,MCA 2015 - 16 III Sem VI,2.22E+11,TUITION FEE,0,20000,0,0,0,0,0,0,0,
235146,26-07-2016,2016-2017,2016-2017,AIE,RCPT,815713,15GCOL103096,15GCOL103096,Alumni,General,School of Law,Integrated BBA + LLB (Hons.),School of Law,BBALLB  2015-2016 V Sem X,1.92E+11,Fine Fee,0,2000,0,0,0,0,0,0,0,
235147,26-07-2016,2016-2017,2016-2017,AIE,RCPT,815713,15GCOL103096,15GCOL103096,Alumni,General,School of Law,Integrated BBA + LLB (Hons.),School of Law,BBALLB  2015-2016 V Sem X,1.92E+11,Tuition Fee (Back Paper),0,3600,0,0,0,0,0,0,0,
235148,26-07-2016,2016-2017,2016-2017,AIE,RCPT,815713,15GCOL103096,15GCOL103096,Alumni,General,School of Law,Integrated BBA + LLB (Hons.),School of Law,BBALLB  2015-2016 V Sem X,1.92E+11,Exam Fee (Back Paper),0,1500,0,0,0,0,0,0,0,
235149,26-07-2016,2016-2017,2016-2017,AIE,RCPT,771111,15CCCE104054,15CCCE104054,Alumni,General,School of Computing Science & Engineering,BCA,School of Computing Science,BCA 2015-16 III Sem VI,2.22E+11,Library BookC Recieved,0,300,0,0,0,0,0,0,0,
235150,26-07-2016,2016-2017,2016-2017,AIE,RCPT,770533,15CCCE105026,15CCCE105026,Alumni,General,School of Computing Science & Engineering,B.Tech (Hons) in Computer Science & Engineering with Specialization in Cloud Computing & Virtualizations,School of Computing Science,B.Tech in CSCC 2015-16 V Sem IX,2.22E+11,Library BookC Recieved,0,300,0,0,0,0,0,0,0,
235151,26-07-2016,2016-2017,2016-2017,AIE,RCPT,802513,16CCCE203030,16CCCE203030,Alumni,General,School of Computing Science & Engineering,MCA,School of Computing Science,MCA 2015 - 16 III Sem VI,2.22E+11,TUITION FEE,0,92000,0,0,0,0,0,0,0,
235152,26-07-2016,2016-2017,2016-2017,AIE,RCPT,802513,16CCCE203030,16CCCE203030,Alumni,General,School of Computing Science & Engineering,MCA,School of Computing Science,MCA 2015 - 16 III Sem VI,2.22E+11,Exam Fee,0,10000,0,0,0,0,0,0,0,
235153,26-07-2016,2016-2017,2016-2017,AIE,RCPT,783458,15CCCE101166,15CCCE101166,Alumni,General,School of Computing Science & Engineering,B.Tech/B.Tech (Hons) Computer Science Engineering,School of Computing Science,B.Tech in CSE 2015-16 V Sem IX,2.22E+11,Library BookC Recieved,0,300,0,0,0,0,0,0,0,
235154,26-07-2016,2016-2017,2016-2017,AIE,RCPT,860273,13GCOB101157,13GCOB101157,No Information,General,School of Business,Bachelor of Business Administration,School of Business,Bachelor of Business Administration 2015-16 III Sem VI,1.32E+11,Exam Fee (Back Paper),0,1000,0,0,0,0,0,0,0,
235155,26-07-2016,2016-2017,2016-2017,AIE,RCPT,771374,15CCCE104021,15CCCE104021,Alumni,General,School of Computing Science & Engineering,BCA,School of Computing Science,BCA 2015-16 III Sem VI,2.22E+11,Library BookC Recieved,0,300,0,0,0,0,0,0,0,
235156,26-07-2016,2016-2017,2016-2017,,RCPT,786466,15CCCE101023,15CCCE101023,Alumni,General,School of Computing Science & Engineering,B.Tech/B.Tech (Hons) Computer Science Engineering,School of Computing Science,B.Tech in CSE 2015-16 V Sem IX,2.22E+11,Library BookC Recieved,0,300,0,0,0,0,0,0,0,
235157,26-07-2016,2016-2017,2016-2017,AIE,RCPT,780170,15CCCE101318,15CCCE101318,Alumni,General,School of Computing Science & Engineering,B.Tech/B.Tech (Hons) Computer Science Engineering,School of Computing Science,B.Tech in CSE 2015-16 V Sem IX,2.22E+11,Library BookC Recieved,0,300,0,0,0,0,0,0,0,
235158,26-07-2016,2016-2017,2016-2017,AIE,RCPT,873300,12CET201329,12CET201329,No Information,General,School of Civil Engineering,B.Tech/B.Tech (Hons) Civil Engineering,School of Civil Engineering,B.Tech/B.Tech (Hons) Civil Engineering 2017-2018 IV Sem VIII,1.12E+11,Fine Fee,0,700,0,0,0,0,0,0,0,
235159,26-07-2016,2016-2017,2016-2017,AIE,RCPT,873300,12CET201329,12CET201329,No Information,General,School of Civil Engineering,B.Tech/B.Tech (Hons) Civil Engineering,School of Civil Engineering,B.Tech/B.Tech (Hons) Civil Engineering 2017-2018 IV Sem VIII,1.12E+11,Tuition Fee (Back Paper),0,5400,0,0,0,0,0,0,0,
235160,26-07-2016,2016-2017,2016-2017,AIE,RCPT,873300,12CET201329,12CET201329,No Information,General,School of Civil Engineering,B.Tech/B.Tech (Hons) Civil Engineering,School of Civil Engineering,B.Tech/B.Tech (Hons) Civil Engineering 2017-2018 IV Sem VIII,1.12E+11,Exam Fee (Back Paper),0,1500,0,0,0,0,0,0,0,
235161,26-07-2016,2016-2017,2016-2017,AIE,RCPT,802508,16CCCE203031,16CCCE203031,Alumni,General,School of Computing Science & Engineering,MCA,School of Computing Science,MCA 2015 - 16 III Sem VI,2.22E+11,TUITION FEE,0,92000,0,0,0,0,0,0,0,
235162,26-07-2016,2016-2017,2016-2017,AIE,RCPT,802508,16CCCE203031,16CCCE203031,Alumni,General,School of Computing Science & Engineering,MCA,School of Computing Science,MCA 2015 - 16 III Sem VI,2.22E+11,Exam Fee,0,10000,0,0,0,0,0,0,0,
235163,26-07-2016,2016-2017,2016-2017,AIE,RCPT,770469,15CCCE105032,15CCCE105032,Alumni,General,School of Computing Science & Engineering,B.Tech (Hons) in Computer Science & Engineering with Specialization in Cloud Computing & Virtualizations,School of Computing Science,B.Tech in CSCC 2015-16 V Sem IX,2.22E+11,Library BookC Recieved,0,300,0,0,0,0,0,0,0,
235164,26-07-2016,2016-2017,2016-2017,AIE,RCPT,770521,15CCCE105027,15CCCE105027,Alumni,General,School of Computing Science & Engineering,B.Tech (Hons) in Computer Science & Engineering with Specialization in Cloud Computing & Virtualizations,School of Computing Science,B.Tech in CSCC 2015-16 V Sem IX,2.22E+11,Library BookC Recieved,0,300,0,0,0,0,0,0,0,
235165,26-07-2016,2016-2017,2016-2017,AIE,RCPT,770169,15CCCE105058,15CCCE105058,Alumni,General,School of Computing Science & Engineering,B.Tech (Hons) in Computer Science & Engineering with Specialization in Cloud Computing & Virtualizations,School of Computing Science,B.Tech in CSCC 2015-16 V Sem IX,2.22E+11,Library BookC Recieved,0,300,0,0,0,0,0,0,0,
235166,26-07-2016,2016-2017,2016-2017,AIE,RCPT,769529,15CCCE105124,15CCCE105124,Alumni,General,School of Computing Science & Engineering,B.Tech (Hons) in Computer Science & Engineering with Specialization in Cloud Computing & Virtualizations,School of Computing Science,B.Tech in CSCC 2015-16 V Sem IX,2.22E+11,Library BookC Recieved,0,300,0,0,0,0,0,0,0,
235167,26-07-2016,2016-2017,2016-2017,AIE,RCPT,774206,15CCCE101601,15CCCE101601,Alumni,General,School of Computing Science & Engineering,B.Tech/B.Tech (Hons) Computer Science Engineering,School of Computing Science,B.Tech in CSE 2015-16 V Sem IX,2.22E+11,Library BookC Recieved,0,300,0,0,0,0,0,0,0,
235168,26-07-2016,2016-2017,2016-2017,AIE,RCPT,786342,15CCCE101027,15CCCE101027,Alumni,General,School of Computing Science & Engineering,B.Tech/B.Tech (Hons) Computer Science Engineering,School of Computing Science,B.Tech in CSE 2015-16 V Sem IX,2.22E+11,Library BookC Recieved,0,300,0,0,0,0,0,0,0,
235169,26-07-2016,2016-2017,2016-2017,AIE,RCPT,777970,15CCCE101427,15CCCE101427,Alumni,General,School of Computing Science & Engineering,B.Tech/B.Tech (Hons) Computer Science Engineering,School of Computing Science,B.Tech in CSE 2015-16 V Sem IX,2.22E+11,Library BookC Recieved,0,300,0,0,0,0,0,0,0,
235170,26-07-2016,2016-2017,2016-2017,AIE,RCPT,768385,15CCCE107018,15CCCE107018,Alumni,General,School of Computing Science & Engineering,B.Tech (Hons) in Computer Science & Engineering with Specialization in Business Analytics,School of Computing Science,B.Tech in CSBA 2015-16 V Sem IX,2.22E+11,Library BookC Recieved,0,300,0,0,0,0,0,0,0,
235171,26-07-2016,2016-2017,2016-2017,AIE,RCPT,784076,15CCCE101136,15CCCE101136,Alumni,General,School of Computing Science & Engineering,B.Tech/B.Tech (Hons) Computer Science Engineering,School of Computing Science,B.Tech in CSE 2015-16 V Sem IX,2.22E+11,Library BookC Recieved,0,300,0,0,0,0,0,0,0,
235172,26-07-2016,2016-2017,2016-2017,AIE,RCPT,775872,15CCCE101525,15CCCE101525,Withdrawn,General,School of Computing Science & Engineering,B.Tech/B.Tech (Hons) Computer Science Engineering,School of Computing Science,B.Tech in CSE 2016-17 III Sem V,2.22E+11,Fine Fee,0,3000,0,0,0,0,0,0,0,
235173,26-07-2016,2016-2017,2016-2017,AIE,RCPT,775872,15CCCE101525,15CCCE101525,Withdrawn,General,School of Computing Science & Engineering,B.Tech/B.Tech (Hons) Computer Science Engineering,School of Computing Science,B.Tech in CSE 2016-17 III Sem V,2.22E+11,Tuition Fee (Back Paper),0,5400,0,0,0,0,0,0,0,
235174,26-07-2016,2016-2017,2016-2017,AIE,RCPT,775872,15CCCE101525,15CCCE101525,Withdrawn,General,School of Computing Science & Engineering,B.Tech/B.Tech (Hons) Computer Science Engineering,School of Computing Science,B.Tech in CSE 2016-17 III Sem V,2.22E+11,Exam Fee (Back Paper),0,1500,0,0,0,0,0,0,0,
235175,26-07-2016,2016-2017,2016-2017,AIE,RCPT,770988,15CCCE104071,15CCCE104071,Alumni,General,School of Computing Science & Engineering,BCA,School of Computing Science,BCA 2015-16 III Sem VI,2.22E+11,Fine Fee,0,2000,0,0,0,0,0,0,0,
235176,26-07-2016,2016-2017,2016-2017,AIE,RCPT,770988,15CCCE104071,15CCCE104071,Alumni,General,School of Computing Science & Engineering,BCA,School of Computing Science,BCA 2015-16 III Sem VI,2.22E+11,Tuition Fee (Back Paper),0,3600,0,0,0,0,0,0,0,
235177,26-07-2016,2016-2017,2016-2017,AIE,RCPT,770988,15CCCE104071,15CCCE104071,Alumni,General,School of Computing Science & Engineering,BCA,School of Computing Science,BCA 2015-16 III Sem VI,2.22E+11,Exam Fee (Back Paper),0,1000,0,0,0,0,0,0,0,
235178,26-07-2016,2016-2017,2016-2017,AIE,RCPT,779122,15CCCE101372,15CCCE101372,Alumni,General,School of Computing Science & Engineering,B.Tech/B.Tech (Hons) Computer Science Engineering,School of Computing Science,B.Tech in CSE 2015-16 V Sem IX,2.22E+11,Library BookC Recieved,0,300,0,0,0,0,0,0,0,
235179,26-07-2016,2016-2017,2016-2017,AIE,RCPT,784047,15CCCE101137,15CCCE101137,Alumni,General,School of Computing Science & Engineering,B.Tech/B.Tech (Hons) Computer Science Engineering,School of Computing Science,B.Tech in CSE 2015-16 V Sem IX,2.22E+11,Library BookC Recieved,0,300,0,0,0,0,0,0,0,
235180,26-07-2016,2016-2017,2016-2017,AIE,RCPT,781021,15CCCE101278,15CCCE101278,Alumni,General,School of Computing Science & Engineering,B.Tech/B.Tech (Hons) Computer Science Engineering,School of Computing Science,B.Tech in CSE 2015-16 V Sem IX,2.22E+11,Library BookC Recieved,0,300,0,0,0,0,0,0,0,
235181,26-07-2016,2016-2017,2016-2017,AIE,RCPT,770948,15CCCE104076,15CCCE104076,Alumni,General,School of Computing Science & Engineering,BCA,School of Computing Science,BCA 2015-16 III Sem VI,2.22E+11,Library BookC Recieved,0,300,0,0,0,0,0,0,0,
235182,26-07-2016,2016-2017,2016-2017,AIE,RCPT,784137,15CCCE101134,15CCCE101134,Alumni,General,School of Computing Science & Engineering,B.Tech/B.Tech (Hons) Computer Science Engineering,School of Computing Science,B.Tech in CSE 2015-16 IV Sem VIII,2.22E+11,Library BookC Recieved,0,300,0,0,0,0,0,0,0,
235183,26-07-2016,2016-2017,2016-2017,AIE,RCPT,770482,15CCCE105031,15CCCE105031,Alumni,General,School of Computing Science & Engineering,B.Tech (Hons) in Computer Science & Engineering with Specialization in Cloud Computing & Virtualizations,School of Computing Science,B.Tech in CSCC 2016-17 IV Sem VIII,2.22E+11,Library BookC Recieved,0,300,0,0,0,0,0,0,0,
235184,26-07-2016,2016-2017,2016-2017,AIE,RCPT,771274,15CCCE104033,15CCCE104033,Alumni,General,School of Computing Science & Engineering,BCA,School of Computing Science,BCA 2015-16 III Sem VI,2.22E+11,Library BookC Recieved,0,300,0,0,0,0,0,0,0,
235185,26-07-2016,2016-2017,2016-2017,AIE,RCPT,770954,15CCCE104075,15CCCE104075,Alumni,General,School of Computing Science & Engineering,BCA,School of Computing Science,BCA 2015-16 III Sem VI,2.22E+11,Library BookC Recieved,0,300,0,0,0,0,0,0,0,
235186,26-07-2016,2016-2017,2016-2017,AIE,RCPT,769495,15CCCE105128,15CCCE105128,Alumni,General,School of Computing Science & Engineering,B.Tech (Hons) in Computer Science & Engineering with Specialization in Cloud Computing & Virtualizations,School of Computing Science,B.Tech in CSCC 2015-16 V Sem IX,2.22E+11,Exam Fee (Back Paper),0,300,0,0,0,0,0,0,0,
235187,26-07-2016,2016-2017,2016-2017,AIE,RCPT,780563,15CCCE101300,15CCCE101300,Alumni,General,School of Computing Science & Engineering,B.Tech/B.Tech (Hons) Computer Science Engineering,School of Computing Science,B.Tech in CSE 2015-16 V Sem IX,2.22E+11,Library BookC Recieved,0,300,0,0,0,0,0,0,0,
235188,26-07-2016,2016-2017,2016-2017,AIE,RCPT,772833,15CCCE101676,15CCCE101676,Alumni,General,School of Computing Science & Engineering,B.Tech/B.Tech (Hons) Computer Science Engineering,School of Computing Science,B.Tech in CSE 2016-17 IV Sem VIII,2.22E+11,Exam Fee (Back Paper),0,1000,0,0,0,0,0,0,0,
235189,26-07-2016,2016-2017,2016-2017,AIE,RCPT,770182,15CCCE105057,15CCCE105057,Alumni,General,School of Computing Science & Engineering,B.Tech (Hons) in Computer Science & Engineering with Specialization in Cloud Computing & Virtualizations,School of Computing Science,B.Tech in CSCC 2015-16 V Sem IX,2.22E+11,Library BookC Recieved,0,300,0,0,0,0,0,0,0,
235190,26-07-2016,2016-2017,2016-2017,AIE,RCPT,817690,15GCOL102006,15GCOL102006,Active,General,School of Law,Integrated BA + LLB (Hons.),School of Law,BALLB 2016-2017 V SEM X,1.92E+11,Exam Fee (Back Paper),0,1000,0,0,0,0,0,0,0,
235191,26-07-2016,2016-2017,2016-2017,AIE,RCPT,787535,15GCOB102036,15GCOB102036,Active,General,School of Business,Integrated MBA (BBA+MBA),School of Business,BBA+MBA 2015-16 V Sem X,1.32E+11,Fine Fee,0,1000,0,0,0,0,0,0,0,
235192,26-07-2016,2016-2017,2016-2017,AIE,RCPT,787535,15GCOB102036,15GCOB102036,Active,General,School of Business,Integrated MBA (BBA+MBA),School of Business,BBA+MBA 2015-16 V Sem X,1.32E+11,Tuition Fee (Back Paper),0,1800,0,0,0,0,0,0,0,
235193,26-07-2016,2016-2017,2016-2017,AIE,RCPT,787535,15GCOB102036,15GCOB102036,Active,General,School of Business,Integrated MBA (BBA+MBA),School of Business,BBA+MBA 2015-16 V Sem X,1.32E+11,Exam Fee (Back Paper),0,500,0,0,0,0,0,0,0,
235194,26-07-2016,2016-2017,2016-2017,AIE,RCPT,768353,15CCCE107020,15CCCE107020,Alumni,General,School of Computing Science & Engineering,B.Tech (Hons) in Computer Science & Engineering with Specialization in Business Analytics,School of Computing Science,B.Tech in CSBA 2015-16 V Sem IX,2.22E+11,Library BookC Recieved,0,300,0,0,0,0,0,0,0,
235195,26-07-2016,2016-2017,2016-2017,AIE,RCPT,774229,15CCCE101599,15CCCE101599,Alumni,General,School of Computing Science & Engineering,B.Tech/B.Tech (Hons) Computer Science Engineering,School of Computing Science,B.Tech in CSE 2015-16 V Sem IX,2.22E+11,Library BookC Recieved,0,300,0,0,0,0,0,0,0,
235196,26-07-2016,2016-2017,2016-2017,AIE,RCPT,768371,15CCCE107019,15CCCE107019,Alumni,General,School of Computing Science & Engineering,B.Tech (Hons) in Computer Science & Engineering with Specialization in Business Analytics,School of Computing Science,B.Tech in CSBA 2015-16 IV Sem VIII,2.22E+11,Library BookC Recieved,0,300,0,0,0,0,0,0,0,
235197,26-07-2016,2016-2017,2016-2017,AIE,RCPT,769510,15CCCE105126,15CCCE105126,Alumni,General,School of Computing Science & Engineering,B.Tech (Hons) in Computer Science & Engineering with Specialization in Cloud Computing & Virtualizations,School of Computing Science,B.Tech in CSCC 2015-16 V Sem IX,2.22E+11,Library BookC Recieved,0,300,0,0,0,0,0,0,0,
235198,26-07-2016,2016-2017,2016-2017,AIE,RCPT,771280,15CCCE104032,15CCCE104032,Alumni,General,School of Computing Science & Engineering,BCA,School of Computing Science,BCA 2015-16 III Sem VI,2.22E+11,Library BookC Recieved,0,300,0,0,0,0,0,0,0,
235199,26-07-2016,2016-2017,2016-2017,AIE,RCPT,780542,15CCCE101301,15CCCE101301,Alumni,General,School of Computing Science & Engineering,B.Tech/B.Tech (Hons) Computer Science Engineering,School of Computing Science,B.Tech in CSE 2015-16 V Sem IX,2.22E+11,Library BookC Recieved,0,300,0,0,0,0,0,0,0,
235200,26-07-2016,2016-2017,2016-2017,AIE,RCPT,817689,15GCOL102006,15GCOL102006,Active,General,School of Law,Integrated BA + LLB (Hons.),School of Law,BALLB 2016-2017 V SEM X,1.92E+11,Fine Fee,0,2000,0,0,0,0,0,0,0,
235201,26-07-2016,2016-2017,2016-2017,AIE,RCPT,817689,15GCOL102006,15GCOL102006,Active,General,School of Law,Integrated BA + LLB (Hons.),School of Law,BALLB 2016-2017 V SEM X,1.92E+11,Tuition Fee (Back Paper),0,3600,0,0,0,0,0,0,0,
235202,26-07-2016,2016-2017,2016-2017,AIE,RCPT,817689,15GCOL102006,15GCOL102006,Active,General,School of Law,Integrated BA + LLB (Hons.),School of Law,BALLB 2016-2017 V SEM X,1.92E+11,Exam Fee (Back Paper),0,1000,0,0,0,0,0,0,0,
235203,26-07-2016,2016-2017,2016-2017,AIE,RCPT,781442,15CCCE101259,15CCCE101259,Alumni,General,School of Computing Science & Engineering,B.Tech/B.Tech (Hons) Computer Science Engineering,School of Computing Science,B.Tech in CSE 2015-16 V Sem IX,2.22E+11,Library BookC Recieved,0,300,0,0,0,0,0,0,0,
235204,26-07-2016,2016-2017,2016-2017,AIE,RCPT,780232,15CCCE101315,15CCCE101315,Alumni,General,School of Computing Science & Engineering,B.Tech/B.Tech (Hons) Computer Science Engineering,School of Computing Science,B.Tech in CSE 2015-16 V Sem IX,2.22E+11,Library BookC Recieved,0,300,0,0,0,0,0,0,0,
235205,26-07-2016,2016-2017,2016-2017,AIE,RCPT,783356,15CCCE101170,15CCCE101170,Alumni,General,School of Computing Science & Engineering,B.Tech/B.Tech (Hons) Computer Science Engineering,School of Computing Science,B.Tech in CSE 2015-16 V Sem IX,2.22E+11,Library BookC Recieved,0,300,0,0,0,0,0,0,0,
235206,26-07-2016,2016-2017,2016-2017,AIE,RCPT,769134,15CCCE105163,15CCCE105163,Alumni,General,School of Computing Science & Engineering,B.Tech (Hons) in Computer Science & Engineering with Specialization in Cloud Computing & Virtualizations,School of Computing Science,B.Tech in CSCC 2015-16 V Sem IX,2.22E+11,Library BookC Recieved,0,300,0,0,0,0,0,0,0,
235207,26-07-2016,2016-2017,2016-2017,AIE,RCPT,783315,15CCCE101172,15CCCE101172,Alumni,General,School of Computing Science & Engineering,B.Tech/B.Tech (Hons) Computer Science Engineering,School of Computing Science,B.Tech in CSE 2015-16 V Sem IX,2.22E+11,Library BookC Recieved,0,300,0,0,0,0,0,0,0,
235208,26-07-2016,2016-2017,2016-2017,AIE,RCPT,782268,15CCCE101222,15CCCE101222,Alumni,General,School of Computing Science & Engineering,B.Tech/B.Tech (Hons) Computer Science Engineering,School of Computing Science,B.Tech in CSE 2015-16 IV Sem VIII,2.22E+11,Library BookC Recieved,0,300,0,0,0,0,0,0,0,
235209,26-07-2016,2016-2017,2016-2017,AIE,RCPT,769143,15CCCE105162,15CCCE105162,Alumni,General,School of Computing Science & Engineering,B.Tech (Hons) in Computer Science & Engineering with Specialization in Cloud Computing & Virtualizations,School of Computing Science,B.Tech in CSCC 2015-16 V Sem IX,2.22E+11,Library BookC Recieved,0,300,0,0,0,0,0,0,0,
235210,26-07-2016,2016-2017,2016-2017,AIE,RCPT,814019,15CBAC101092,15CBAC101092,Alumni,General,School of Basic & Applied Sciences,B.Sc.(Hons) Forensic Sciences,School of Basic,B.Sc.(Hons) Forensic Sciences IV Sem VII,1.82E+11,Exam Fee (Back Paper),0,1000,0,0,0,0,0,0,0,
235211,26-07-2016,2016-2017,2016-2017,AIE,RCPT,817688,15GCOL102006,15GCOL102006,Active,General,School of Law,Integrated BA + LLB (Hons.),School of Law,BALLB 2016-2017 V SEM X,1.92E+11,Fine Fee,0,3000,0,0,0,0,0,0,0,
235212,26-07-2016,2016-2017,2016-2017,AIE,RCPT,817688,15GCOL102006,15GCOL102006,Active,General,School of Law,Integrated BA + LLB (Hons.),School of Law,BALLB 2016-2017 V SEM X,1.92E+11,Tuition Fee (Back Paper),0,5400,0,0,0,0,0,0,0,
235213,26-07-2016,2016-2017,2016-2017,AIE,RCPT,817688,15GCOL102006,15GCOL102006,Active,General,School of Law,Integrated BA + LLB (Hons.),School of Law,BALLB 2016-2017 V SEM X,1.92E+11,Exam Fee (Back Paper),0,1500,0,0,0,0,0,0,0,
235214,26-07-2016,2016-2017,2016-2017,AIE,RCPT,783277,15CCCE101174,15CCCE101174,Alumni,General,School of Computing Science & Engineering,B.Tech/B.Tech (Hons) Computer Science Engineering,School of Computing Science,B.Tech in CSE 2015-16 V Sem IX,2.22E+11,Library BookC Recieved,0,300,0,0,0,0,0,0,0,
235215,26-07-2016,2016-2017,2016-2017,AIE,RCPT,771304,15CCCE104029,15CCCE104029,Alumni,General,School of Computing Science & Engineering,BCA,School of Computing Science,BCA 2015-16 III Sem VI,2.22E+11,Exam Fee (Back Paper),0,300,0,0,0,0,0,0,0,
235216,26-07-2016,2016-2017,2016-2017,AIE,RCPT,768321,15CCCE107023,15CCCE107023,Alumni,General,School of Computing Science & Engineering,B.Tech (Hons) in Computer Science & Engineering with Specialization in Cloud Computing & Virtualizations,School of Computing Science,B.Tech in CSCC 2015-16 V Sem IX,2.22E+11,Library BookC Recieved,0,300,0,0,0,0,0,0,0,
235217,26-07-2016,2016-2017,2016-2017,AIE,RCPT,769483,15CCCE105129,15CCCE105129,Alumni,General,School of Computing Science & Engineering,B.Tech (Hons) in Computer Science & Engineering with Specialization in Cloud Computing & Virtualizations,School of Computing Science,B.Tech in CSCC 2015-16 V Sem IX,2.22E+11,Library BookC Recieved,0,300,0,0,0,0,0,0,0,
235218,26-07-2016,2016-2017,2016-2017,AIE,RCPT,771987,15CCCE101753,15CCCE101753,Alumni,General,School of Computing Science & Engineering,B.Tech/B.Tech (Hons) Computer Science Engineering,School of Computing Science,B.Tech in CSE 2015-16 V Sem IX,2.22E+11,Library BookC Recieved,0,300,0,0,0,0,0,0,0,
235219,26-07-2016,2016-2017,2016-2017,AIE,RCPT,768406,15CCCE107016,15CCCE107016,Alumni,General,School of Computing Science & Engineering,B.Tech (Hons) in Computer Science & Engineering with Specialization in Cloud Computing & Virtualizations,School of Computing Science,B.Tech in CSCC 2015-16 V Sem IX,2.22E+11,Library BookC Recieved,0,300,0,0,0,0,0,0,0,
235220,26-07-2016,2016-2017,2016-2017,AIE,RCPT,775806,15CCCE101528,15CCCE101528,Alumni,General,School of Computing Science & Engineering,B.Tech/B.Tech (Hons) Computer Science Engineering,School of Computing Science,B.Tech in CSE 2015-16 V Sem IX,2.22E+11,Library BookC Recieved,0,300,0,0,0,0,0,0,0,
235221,26-07-2016,2016-2017,2016-2017,AIE,RCPT,781504,15CCCE101256,15CCCE101256,Alumni,General,School of Computing Science & Engineering,B.Tech/B.Tech (Hons) Computer Science Engineering,School of Computing Science,B.Tech in CSE 2015-16 V Sem IX,2.22E+11,Library BookC Recieved,0,300,0,0,0,0,0,0,0,
235222,26-07-2016,2016-2017,2016-2017,AIE,RCPT,780513,15CCCE101302,15CCCE101302,Alumni,General,School of Computing Science & Engineering,B.Tech/B.Tech (Hons) Computer Science Engineering,School of Computing Science,B.Tech in CSE 2015-16 V Sem IX,2.22E+11,Library BookC Recieved,0,300,0,0,0,0,0,0,0,
235223,26-07-2016,2016-2017,2016-2017,AIE,RCPT,818964,15GCFC101046,15GCFC101046,Alumni,General,School of Finance & Commerce,B.Com. (Hons),School of Finance,B COM H-2015-16 III Sem VI,1.72E+11,Fine Fee,0,1000,0,0,0,0,0,0,0,
235224,26-07-2016,2016-2017,2016-2017,AIE,RCPT,818964,15GCFC101046,15GCFC101046,Alumni,General,School of Finance & Commerce,B.Com. (Hons),School of Finance,B COM H-2015-16 III Sem VI,1.72E+11,Tuition Fee (Back Paper),0,1800,0,0,0,0,0,0,0,
235225,26-07-2016,2016-2017,2016-2017,AIE,RCPT,818964,15GCFC101046,15GCFC101046,Alumni,General,School of Finance & Commerce,B.Com. (Hons),School of Finance,B COM H-2015-16 III Sem VI,1.72E+11,Exam Fee (Back Paper),0,500,0,0,0,0,0,0,0,
235226,26-07-2016,2016-2017,2016-2017,AIE,RCPT,784026,15CCCE101138,15CCCE101138,Alumni,General,School of Computing Science & Engineering,B.Tech/B.Tech (Hons) Computer Science Engineering,School of Computing Science,B.Tech in CSE 2015-16 V Sem IX,2.22E+11,Library BookC Recieved,0,300,0,0,0,0,0,0,0,
235227,26-07-2016,2016-2017,2016-2017,AIE,RCPT,771004,15CCCE104069,15CCCE104069,Alumni,General,School of Computing Science & Engineering,BCA,School of Computing Science,BCA 2015-16 III Sem VI,2.22E+11,Library BookC Recieved,0,300,0,0,0,0,0,0,0,
235228,26-07-2016,2016-2017,2016-2017,AIE,RCPT,777119,15CCCE101468,15CCCE101468,Alumni,General,School of Computing Science & Engineering,B.Tech/B.Tech (Hons) Computer Science Engineering,School of Computing Science,B.Tech in CSE 2015-16 V Sem IX,2.22E+11,Library BookC Recieved,0,300,0,0,0,0,0,0,0,
235229,26-07-2016,2016-2017,2016-2017,AIE,RCPT,769107,15CCCE105165,15CCCE105165,Alumni,General,School of Computing Science & Engineering,B.Tech (Hons) in Computer Science & Engineering with Specialization in Cloud Computing & Virtualizations,School of Computing Science,B.Tech in CSCC 2015-16 IV Sem VIII,2.22E+11,Library BookC Recieved,0,300,0,0,0,0,0,0,0,
235230,26-07-2016,2016-2017,2016-2017,AIE,RCPT,818975,15GCFC101045,15GCFC101045,Alumni,General,School of Finance & Commerce,B.Com. (Hons),School of Finance,B COM H-2015-16 III Sem VI,1.72E+11,Fine Fee,0,1000,0,0,0,0,0,0,0,
235231,26-07-2016,2016-2017,2016-2017,AIE,RCPT,818975,15GCFC101045,15GCFC101045,Alumni,General,School of Finance & Commerce,B.Com. (Hons),School of Finance,B COM H-2015-16 III Sem VI,1.72E+11,Tuition Fee (Back Paper),0,1800,0,0,0,0,0,0,0,
235232,26-07-2016,2016-2017,2016-2017,AIE,RCPT,818975,15GCFC101045,15GCFC101045,Alumni,General,School of Finance & Commerce,B.Com. (Hons),School of Finance,B COM H-2015-16 III Sem VI,1.72E+11,Exam Fee (Back Paper),0,500,0,0,0,0,0,0,0,
235233,26-07-2016,2016-2017,2016-2017,AIE,RCPT,771258,15CCCE104035,15CCCE104035,Alumni,General,School of Computing Science & Engineering,BCA,School of Computing Science,BCA 2015-16 III Sem VI,2.22E+11,Library BookC Recieved,0,300,0,0,0,0,0,0,0,
235234,26-07-2016,2016-2017,2016-2017,AIE,RCPT,781411,15CCCE101261,15CCCE101261,Alumni,General,School of Computing Science & Engineering,B.Tech/B.Tech (Hons) Computer Science Engineering,School of Computing Science,B.Tech in CSE 2015-16 V Sem IX,2.22E+11,Library BookC Recieved,0,300,0,0,0,0,0,0,0,
235235,26-07-2016,2016-2017,2016-2017,AIE,RCPT,775902,15CCCE101524,15CCCE101524,Alumni,General,School of Computing Science & Engineering,B.Tech/B.Tech (Hons) Computer Science Engineering,School of Computing Science,B.Tech in CSE 2015-16 V Sem IX,2.22E+11,Library BookC Recieved,0,300,0,0,0,0,0,0,0,
235236,26-07-2016,2016-2017,2016-2017,AIE,RCPT,776169,15CCCE101511,15CCCE101511,Alumni,General,School of Computing Science & Engineering,B.Tech/B.Tech (Hons) Computer Science Engineering,School of Computing Science,B.Tech in CSE 2015-16 V Sem IX,2.22E+11,Library BookC Recieved,0,300,0,0,0,0,0,0,0,
235237,26-07-2016,2016-2017,2016-2017,AIE,RCPT,768313,15CCCE107024,15CCCE107024,No Information,General,School of Computing Science & Engineering,B.Tech (Hons) in Computer Science & Engineering with Specialization in Business Analytics,School of Computing Science,B.Tech in CSBA 2015-16 III Sem VI,2.22E+11,Library BookC Recieved,0,300,0,0,0,0,0,0,0,
235238,26-07-2016,2016-2017,2016-2017,AIE,RCPT,770194,15CCCE105056,15CCCE105056,Alumni,General,School of Computing Science & Engineering,B.Tech (Hons) in Computer Science & Engineering with Specialization in Cloud Computing & Virtualizations,School of Computing Science,B.Tech in CSCC 2015-16 V Sem IX,2.22E+11,Library BookC Recieved,0,300,0,0,0,0,0,0,0,
235239,26-07-2016,2016-2017,2016-2017,AIE,RCPT,780207,15CCCE101316,15CCCE101316,Alumni,General,School of Computing Science & Engineering,B.Tech/B.Tech (Hons) Computer Science Engineering,School of Computing Science,B.Tech in CSE 2015-16 V Sem IX,2.22E+11,Library BookC Recieved,0,300,0,0,0,0,0,0,0,
235240,26-07-2016,2016-2017,2016-2017,AIE,RCPT,772211,15CCCE101733,15CCCE101733,Alumni,General,School of Computing Science & Engineering,B.Tech/B.Tech (Hons) Computer Science Engineering,School of Computing Science,B.Tech in CSE 2015-16 V Sem IX,2.22E+11,Library BookC Recieved,0,300,0,0,0,0,0,0,0,
235241,26-07-2016,2016-2017,2016-2017,AIE,RCPT,774947,15CCCE101567,15CCCE101567,Alumni,General,School of Computing Science & Engineering,B.Tech/B.Tech (Hons) Computer Science Engineering,School of Computing Science,B.Tech in CSE 2015-16 V Sem IX,2.22E+11,Library BookC Recieved,0,300,0,0,0,0,0,0,0,
235242,26-07-2016,2016-2017,2016-2017,AIE,RCPT,781485,15CCCE101257,15CCCE101257,Alumni,General,School of Computing Science & Engineering,B.Tech/B.Tech (Hons) Computer Science Engineering,School of Computing Science,B.Tech in CSE 2015-16 V Sem IX,2.22E+11,Library BookC Recieved,0,300,0,0,0,0,0,0,0,
235243,26-07-2016,2016-2017,2016-2017,AIE,RCPT,768340,15CCCE107021,15CCCE107021,Alumni,General,School of Computing Science & Engineering,B.Tech (Hons) in Computer Science & Engineering with Specialization in Business Analytics,School of Computing Science,B.Tech in CSBA 2015-16 V Sem IX,2.22E+11,Library BookC Recieved,0,300,0,0,0,0,0,0,0,
235244,26-07-2016,2016-2017,2016-2017,AIE,RCPT,775248,15CCCE101555,15CCCE101555,Alumni,General,School of Computing Science & Engineering,B.Tech/B.Tech (Hons) Computer Science Engineering,School of Computing Science,B.Tech in CSE 2015-16 V Sem IX,2.22E+11,Library BookC Recieved,0,300,0,0,0,0,0,0,0,
235245,26-07-2016,2016-2017,2016-2017,AIE,RCPT,770155,15CCCE105059,15CCCE105059,Alumni,General,School of Computing Science & Engineering,B.Tech (Hons) in Computer Science & Engineering with Specialization in Cloud Computing & Virtualizations,School of Computing Science,B.Tech in CSCC 2016-17 IV Sem VIII,2.22E+11,Library BookC Recieved,0,300,0,0,0,0,0,0,0,
235246,26-07-2016,2016-2017,2016-2017,AIE,RCPT,778001,15CCCE101426,15CCCE101426,Alumni,General,School of Computing Science & Engineering,B.Tech/B.Tech (Hons) Computer Science Engineering,School of Computing Science,B.Tech in CSE 2015-16 V Sem IX,2.22E+11,Library BookC Recieved,0,300,0,0,0,0,0,0,0,
235247,26-07-2016,2016-2017,2016-2017,AIE,RCPT,813778,15CCME101010,15CCME101010,No Information,General,School of Mechanical Engineering,B.Tech/B.Tech (Hons) Mechanical Engineering,School of Mechanical Engineering,ME 2015-2016 III Sem VI,2.32E+11,Exam Fee (Back Paper),0,400,0,0,0,0,0,0,0,
235248,26-07-2016,2016-2017,2016-2017,AIE,RCPT,768394,15CCCE107017,15CCCE107017,Alumni,General,School of Computing Science & Engineering,B.Tech (Hons) in Computer Science & Engineering with Specialization in Business Analytics,School of Computing Science,B.Tech in CSBA 2015-16 V Sem IX,2.22E+11,Library BookC Recieved,0,300,0,0,0,0,0,0,0,
235249,26-07-2016,2016-2017,2016-2017,AIE,RCPT,783255,15CCCE101175,15CCCE101175,Alumni,General,School of Computing Science & Engineering,B.Tech/B.Tech (Hons) Computer Science Engineering,School of Computing Science,B.Tech in CSE 2015-16 V Sem IX,2.22E+11,Library BookC Recieved,0,300,0,0,0,0,0,0,0,
235250,26-07-2016,2016-2017,2016-2017,AIE,RCPT,812788,15CCME101133,15CCME101133,Alumni,General,School of Computing Science & Engineering,B.Tech/B.Tech (Hons) Computer Science Engineering,School of Computing Science,B.Tech in CSE 2015-16 V Sem IX,2.22E+11,Library BookC Recieved,0,300,0,0,0,0,0,0,0,
235251,26-07-2016,2016-2017,2016-2017,AIE,RCPT,817740,15GCOL101026,15GCOL101026,Alumni,General,School of Law,Bachelor of Law (LLB) (Hons.),School of Law,LLB 2015-2016 III Sem VI,1.92E+11,Exam Fee (Back Paper),0,500,0,0,0,0,0,0,0,
235252,26-07-2016,2016-2017,2016-2017,AIE,RCPT,782295,15GCOB101040,15GCOB101040,Alumni,General,School of Business,Bachelor of Business Administration,School of Business,Bachelor of Business Administration 2015-16 III Sem VI,1.32E+11,Fine Fee,0,3000,0,0,0,0,0,0,0,
235253,26-07-2016,2016-2017,2016-2017,AIE,RCPT,782295,15GCOB101040,15GCOB101040,Alumni,General,School of Business,Bachelor of Business Administration,School of Business,Bachelor of Business Administration 2015-16 III Sem VI,1.32E+11,Tuition Fee (Back Paper),0,5400,0,0,0,0,0,0,0,
235254,26-07-2016,2016-2017,2016-2017,AIE,RCPT,782295,15GCOB101040,15GCOB101040,Alumni,General,School of Business,Bachelor of Business Administration,School of Business,Bachelor of Business Administration 2015-16 III Sem VI,1.32E+11,Exam Fee (Back Paper),0,1500,0,0,0,0,0,0,0,
235255,26-07-2016,2016-2017,2016-2017,AIE,RCPT,770932,15CCCE104078,15CCCE104078,Alumni,General,School of Computing Science & Engineering,BCA,School of Computing Science,BCA 2015-16 III Sem VI,2.22E+11,Library BookC Recieved,0,300,0,0,0,0,0,0,0,
235256,26-07-2016,2016-2017,2016-2017,AIE,RCPT,776153,15CCCE101512,15CCCE101512,Alumni,General,School of Computing Science & Engineering,B.Tech/B.Tech (Hons) Computer Science Engineering,School of Computing Science,B.Tech in CSE 2015-16 V Sem IX,2.22E+11,Library BookC Recieved,0,300,0,0,0,0,0,0,0,
235257,26-07-2016,2016-2017,2016-2017,AIE,RCPT,775822,15CCCE101527,15CCCE101527,Alumni,General,School of Computing Science & Engineering,B.Tech/B.Tech (Hons) Computer Science Engineering,School of Computing Science,B.Tech in CSE 2015-16 V Sem IX,2.22E+11,Library BookC Recieved,0,300,0,0,0,0,0,0,0,
235258,26-07-2016,2016-2017,2016-2017,AIE,RCPT,817664,15GCOL102007,15GCOL102007,Active,General,School of Law,Integrated BA + LLB (Hons.),School of Law,BALLB 2016-2017 V SEM X,1.92E+11,Exam Fee (Back Paper),0,3000,0,0,0,0,0,0,0,
235259,26-07-2016,2016-2017,2016-2017,AIE,RCPT,801423,16CECE103051,16CECE103051,Alumni,General,School of Electrical Electronics & Communication Engineering,B.Tech/B.Tech (Hons) Electronics & Communications Engineering,School of Electrical  Electronics,ELECTRONICS AND COMMUNICATION ENGINEERING-2016-17 IV Sem VIII,2.42E+11,TUITION FEE,0,89000,0,0,0,0,0,0,0,
235260,26-07-2016,2016-2017,2016-2017,AIE,RCPT,770107,15CCCE105065,15CCCE105065,Alumni,General,School of Computing Science & Engineering,B.Tech (Hons) in Computer Science & Engineering with Specialization in Cloud Computing & Virtualizations,School of Computing Science,B.Tech in CSCC 2015-16 V Sem IX,2.22E+11,Library BookC Recieved,0,300,0,0,0,0,0,0,0,
235261,26-07-2016,2016-2017,2016-2017,AIE,RCPT,770882,15CCCE104085,15CCCE104085,Alumni,General,School of Computing Science & Engineering,BCA,School of Computing Science,BCA 2015-16 III Sem VI,2.22E+11,Library BookC Recieved,0,300,0,0,0,0,0,0,0,
235262,26-07-2016,2016-2017,2016-2017,AIE,RCPT,768243,15CCCE107031,15CCCE107031,Alumni,General,School of Computing Science & Engineering,B.Tech (Hons) in Computer Science & Engineering with Specialization in Business Analytics,School of Computing Science,B.Tech in CSBA 2015-16 V Sem IX,2.22E+11,Library BookC Recieved,0,300,0,0,0,0,0,0,0,
235263,26-07-2016,2016-2017,2016-2017,AIE,RCPT,767781,15CCCE110009,15CCCE110009,Withdrawn,General,School of Computing Science & Engineering,B.Tech/B.Tech (Hons) Computer Science Engineering,School of Computing Science,B.Tech in CSE 2016-17 III Sem V,2.22E+11,Library BookC Recieved,0,300,0,0,0,0,0,0,0,
235264,26-07-2016,2016-2017,2016-2017,AIE,RCPT,768614,15CCCE106013,15CCCE106013,Alumni,General,School of Computing Science & Engineering,B.Tech (Hons) in Computer Science & Engineering with Specialization in Cloud Computing & Virtualizations,School of Computing Science,B.Tech in CSCC 2015-16 V Sem IX,2.22E+11,Library BookC Recieved,0,300,0,0,0,0,0,0,0,
235265,26-07-2016,2016-2017,2016-2017,AIE,RCPT,777328,15CCCE101459,15CCCE101459,Alumni,General,School of Computing Science & Engineering,B.Tech/B.Tech (Hons) Computer Science Engineering,School of Computing Science,B.Tech in CSE 2015-16 V Sem IX,2.22E+11,Library BookC Recieved,0,300,0,0,0,0,0,0,0,
235266,26-07-2016,2016-2017,2016-2017,AIE,RCPT,781078,15CCCE101275,15CCCE101275,Alumni,General,School of Computing Science & Engineering,B.Tech/B.Tech (Hons) Computer Science Engineering,School of Computing Science,B.Tech in CSE 2015-16 V Sem IX,2.22E+11,Library BookC Recieved,0,300,0,0,0,0,0,0,0,
235267,26-07-2016,2016-2017,2016-2017,AIE,RCPT,772756,15CCCE101680,15CCCE101680,Alumni,General,School of Computing Science & Engineering,B.Tech/B.Tech (Hons) Computer Science Engineering,School of Computing Science,B.Tech in CSE 2015-16 V Sem IX,2.22E+11,Library BookC Recieved,0,300,0,0,0,0,0,0,0,
235268,26-07-2016,2016-2017,2016-2017,AIE,RCPT,769710,15CCCE105105,15CCCE105105,Alumni,General,School of Computing Science & Engineering,B.Tech (Hons) in Computer Science & Engineering with Specialization in Cloud Computing & Virtualizations,School of Computing Science,B.Tech in CSCC 2015-16 V Sem IX,2.22E+11,Library BookC Recieved,0,300,0,0,0,0,0,0,0,
235269,26-07-2016,2016-2017,2016-2017,AIE,RCPT,771036,15CCCE104065,15CCCE104065,No Information,General,School of Computing Science & Engineering,BCA,School of Computing Science,BCA 2016-17 II Sem IV,2.22E+11,Fine Fee,0,2000,0,0,0,0,0,0,0,
235270,26-07-2016,2016-2017,2016-2017,AIE,RCPT,771036,15CCCE104065,15CCCE104065,No Information,General,School of Computing Science & Engineering,BCA,School of Computing Science,BCA 2016-17 II Sem IV,2.22E+11,Tuition Fee (Back Paper),0,3600,0,0,0,0,0,0,0,
235271,26-07-2016,2016-2017,2016-2017,AIE,RCPT,771036,15CCCE104065,15CCCE104065,No Information,General,School of Computing Science & Engineering,BCA,School of Computing Science,BCA 2016-17 II Sem IV,2.22E+11,Exam Fee (Back Paper),0,1000,0,0,0,0,0,0,0,
235272,26-07-2016,2016-2017,2016-2017,AIE,RCPT,774440,15CCCE101591,15CCCE101591,Alumni,General,School of Computing Science & Engineering,B.Tech/B.Tech (Hons) Computer Science Engineering,School of Computing Science,B.Tech in CSE 2015-16 V Sem IX,2.22E+11,Library BookC Recieved,0,300,0,0,0,0,0,0,0,
235273,26-07-2016,2016-2017,2016-2017,AIE,RCPT,770271,15CCCE105050,15CCCE105050,Alumni,General,School of Computing Science & Engineering,B.Tech (Hons) in Computer Science & Engineering with Specialization in Cloud Computing & Virtualizations,School of Computing Science,B.Tech in CSCC 2015-16 V Sem IX,2.22E+11,Library BookC Recieved,0,300,0,0,0,0,0,0,0,
235274,26-07-2016,2016-2017,2016-2017,AIE,RCPT,767784,15CCCE110009,15CCCE110009,Withdrawn,General,School of Computing Science & Engineering,B.Tech/B.Tech (Hons) Computer Science Engineering,School of Computing Science,B.Tech in CSE 2016-17 III Sem V,2.22E+11,Fine Fee,0,3000,0,0,0,0,0,0,0,
235275,26-07-2016,2016-2017,2016-2017,AIE,RCPT,767784,15CCCE110009,15CCCE110009,Withdrawn,General,School of Computing Science & Engineering,B.Tech/B.Tech (Hons) Computer Science Engineering,School of Computing Science,B.Tech in CSE 2016-17 III Sem V,2.22E+11,Tuition Fee (Back Paper),0,5400,0,0,0,0,0,0,0,
235276,26-07-2016,2016-2017,2016-2017,AIE,RCPT,767784,15CCCE110009,15CCCE110009,Withdrawn,General,School of Computing Science & Engineering,B.Tech/B.Tech (Hons) Computer Science Engineering,School of Computing Science,B.Tech in CSE 2016-17 III Sem V,2.22E+11,Exam Fee (Back Paper),0,1500,0,0,0,0,0,0,0,
235277,26-07-2016,2016-2017,2016-2017,AIE,RCPT,778947,15CCCE101381,15CCCE101381,Alumni,General,School of Computing Science & Engineering,B.Tech/B.Tech (Hons) Computer Science Engineering,School of Computing Science,B.Tech in CSE 2015-16 V Sem IX,2.22E+11,Library BookC Recieved,0,300,0,0,0,0,0,0,0,
235278,26-07-2016,2016-2017,2016-2017,AIE,RCPT,769726,15CCCE105104,15CCCE105104,Alumni,General,School of Computing Science & Engineering,B.Tech (Hons) in Computer Science & Engineering with Specialization in Cloud Computing & Virtualizations,School of Computing Science,B.Tech in CSCC 2015-16 V Sem IX,2.22E+11,Library BookC Recieved,0,300,0,0,0,0,0,0,0,
235279,26-07-2016,2016-2017,2016-2017,AIE,RCPT,770436,15CCCE105035,15CCCE105035,Alumni,General,School of Computing Science & Engineering,B.Tech (Hons) in Computer Science & Engineering with Specialization in Cloud Computing & Virtualizations,School of Computing Science,B.Tech in CSCC 2015-16 V Sem IX,2.22E+11,Library BookC Recieved,0,300,0,0,0,0,0,0,0,
235280,26-07-2016,2016-2017,2016-2017,AIE,RCPT,771443,15CCCE104009,15CCCE104009,Alumni,General,School of Computing Science & Engineering,BCA,School of Computing Science,BCA 2015-16 III Sem VI,2.22E+11,Library BookC Recieved,0,300,0,0,0,0,0,0,0,
235281,26-07-2016,2016-2017,2016-2017,AIE,RCPT,764484,15CMCC101016,15CMCC101016,Active,General,School of Media & Communication Studies,BA Journalism & Mass Communication,School of Media & Communication Studies,BJMC 2014-2015 III Sem VI,1.52E+11,Exam Fee (Back Paper),0,3000,0,0,0,0,0,0,0,
235282,26-07-2016,2016-2017,2016-2017,AIE,RCPT,765897,15CECE105021,15CECE105021,Alumni,General,School of Electrical Electronics & Communication Engineering,B.Tech/B.Tech (Hons) Electronics & Communications Engineering,School of Electrical  Electronics,ELECTRONICS AND COMMUNICATION ENGINEERING-2015-16 V Sem IX,2.42E+11,Library BookC Recieved,0,300,0,0,0,0,0,0,0,
235283,26-07-2016,2016-2017,2016-2017,AIE,RCPT,788375,15CCME101283,15CCME101283,Alumni,General,School of Mechanical Engineering,B.Tech/B.Tech (Hons) Mechanical Engineering,School of Mechanical Engineering,ME 2015-2016 V Sem IX,2.32E+11,Library BookC Recieved,0,400,0,0,0,0,0,0,0,
235284,26-07-2016,2016-2017,2016-2017,AIE,RCPT,805089,16CCCE107057,16CCCE107057,Alumni,General,School of Computing Science & Engineering,B.Tech (Hons) in Computer Science & Engineering with Specialization in Business Analytics,School of Computing Science,B.Tech in CSBA 2016-17 IV Sem VIII,2.22E+11,TUITION FEE,0,170000,0,0,0,0,0,0,0,
235285,26-07-2016,2016-2017,2016-2017,AIE,RCPT,805089,16CCCE107057,16CCCE107057,Alumni,General,School of Computing Science & Engineering,B.Tech (Hons) in Computer Science & Engineering with Specialization in Business Analytics,School of Computing Science,B.Tech in CSBA 2016-17 IV Sem VIII,2.22E+11,Exam Fee,0,10000,0,0,0,0,0,0,0,
235286,26-07-2016,2016-2017,2016-2017,AIE,RCPT,775996,15CCCE101519,15CCCE101519,Alumni,General,School of Computing Science & Engineering,B.Tech/B.Tech (Hons) Computer Science Engineering,School of Computing Science,B.Tech in CSE 2015-16 V Sem IX,2.22E+11,Library BookC Recieved,0,300,0,0,0,0,0,0,0,
235287,26-07-2016,2016-2017,2016-2017,AIE,RCPT,776652,15CCCE101487,15CCCE101487,Alumni,General,School of Computing Science & Engineering,B.Tech/B.Tech (Hons) Computer Science Engineering,School of Computing Science,B.Tech in CSE 2015-16 V Sem IX,2.22E+11,Library BookC Recieved,0,300,0,0,0,0,0,0,0,
235288,26-07-2016,2016-2017,2016-2017,AIE,RCPT,769032,15CCCE105173,15CCCE105173,Alumni,General,School of Computing Science & Engineering,B.Tech (Hons) in Computer Science & Engineering with Specialization in Cloud Computing & Virtualizations,School of Computing Science,B.Tech in CSCC 2015-16 V Sem IX,2.22E+11,Library BookC Recieved,0,300,0,0,0,0,0,0,0,
235289,26-07-2016,2016-2017,2016-2017,AIE,RCPT,767758,15CCCE110011,15CCCE110011,Alumni,General,School of Computing Science & Engineering,B.Tech/B.Tech (Hons) Computer Science Engineering,School of Computing Science,B.Tech in CSE 2015-16 V Sem IX,2.22E+11,Library BookC Recieved,0,300,0,0,0,0,0,0,0,
235290,26-07-2016,2016-2017,2016-2017,AIE,RCPT,769702,15CCCE105106,15CCCE105106,Alumni,General,School of Computing Science & Engineering,B.Tech (Hons) in Computer Science & Engineering with Specialization in Cloud Computing & Virtualizations,School of Computing Science,B.Tech in CSCC 2015-16 V Sem IX,2.22E+11,Library BookC Recieved,0,300,0,0,0,0,0,0,0,
235291,26-07-2016,2016-2017,2016-2017,AIE,RCPT,767237,15CCCE203032,15CCCE203032,Alumni,General,School of Computing Science & Engineering,MCA,School of Computing Science,MCA 2015 - 16 III Sem VI,2.22E+11,Library BookC Recieved,0,600,0,0,0,0,0,0,0,
235292,26-07-2016,2016-2017,2016-2017,AIE,RCPT,783910,15CCCE101144,15CCCE101144,Alumni,General,School of Computing Science & Engineering,B.Tech/B.Tech (Hons) Computer Science Engineering,School of Computing Science,B.Tech in CSE 2015-16 V Sem IX,2.22E+11,Library BookC Recieved,0,300,0,0,0,0,0,0,0,
235293,26-07-2016,2016-2017,2016-2017,AIE,RCPT,770080,15CCCE105067,15CCCE105067,Alumni,General,School of Computing Science & Engineering,B.Tech (Hons) in Computer Science & Engineering with Specialization in Cloud Computing & Virtualizations,School of Computing Science,B.Tech in CSCC 2015-16 V Sem IX,2.22E+11,Library BookC Recieved,0,300,0,0,0,0,0,0,0,
235294,26-07-2016,2016-2017,2016-2017,AIE,RCPT,770837,15CCCE104093,15CCCE104093,Alumni,General,School of Computing Science & Engineering,BCA,School of Computing Science,BCA 2015-16 III Sem VI,2.22E+11,Library BookC Recieved,0,300,0,0,0,0,0,0,0,
235295,26-07-2016,2016-2017,2016-2017,AIE,RCPT,767746,15CCCE111001,15CCCE111001,Alumni,General,School of Computing Science & Engineering,Integrated BCA + MCA,School of Computing Science,BCA + MCA 2015-2016 V Sem X,2.22E+11,Library BookC Recieved,0,300,0,0,0,0,0,0,0,
235296,26-07-2016,2016-2017,2016-2017,AIE,RCPT,781303,15CCCE101265,15CCCE101265,Alumni,General,School of Computing Science & Engineering,B.Tech/B.Tech (Hons) Computer Science Engineering,School of Computing Science,B.Tech in CSE 2015-16 V Sem IX,2.22E+11,Library BookC Recieved,0,300,0,0,0,0,0,0,0,
235297,26-07-2016,2016-2017,2016-2017,AIE,RCPT,768594,15CCCE106015,15CCCE106015,Alumni,General,School of Computing Science & Engineering,B.Tech (Hons) in Computer Science & Engineering with Specialization in Open Source Software & Open S,School of Computing Science,B.Tech in CSOS 2015-16 V Sem IX,2.22E+11,Library BookC Recieved,0,300,0,0,0,0,0,0,0,
235298,26-07-2016,2016-2017,2016-2017,AIE,RCPT,802552,16CCCE203022,16CCCE203022,Alumni,General,School of Computing Science & Engineering,MCA,School of Computing Science,MCA 2015 - 16 III Sem VI,2.22E+11,Library BookC Recieved,0,600,0,0,0,0,0,0,0,
235299,26-07-2016,2016-2017,2016-2017,AIE,RCPT,775360,15CCCE101550,15CCCE101550,Alumni,General,School of Computing Science & Engineering,B.Tech/B.Tech (Hons) Computer Science Engineering,School of Computing Science,B.Tech in CSE 2015-16 V Sem IX,2.22E+11,Exam Fee (Back Paper),0,300,0,0,0,0,0,0,0,
235300,26-07-2016,2016-2017,2016-2017,AIE,RCPT,779473,15CCCE101353,15CCCE101353,Alumni,General,School of Computing Science & Engineering,B.Tech/B.Tech (Hons) Computer Science Engineering,School of Computing Science,B.Tech in CSE 2015-16 V Sem IX,2.22E+11,Library BookC Recieved,0,300,0,0,0,0,0,0,0,
235301,26-07-2016,2016-2017,2016-2017,AIE,RCPT,777669,15CCCE101441,15CCCE101441,Alumni,General,School of Computing Science & Engineering,B.Tech/B.Tech (Hons) Computer Science Engineering,School of Computing Science,B.Tech in CSE 2015-16 V Sem IX,2.22E+11,Degree/Convocation/Certificate fee,0,300,0,0,0,0,0,0,0,
235302,26-07-2016,2016-2017,2016-2017,AIE,RCPT,776332,15CCCE101504,15CCCE101504,Alumni,General,School of Computing Science & Engineering,B.Tech/B.Tech (Hons) Computer Science Engineering,School of Computing Science,B.Tech in CSE 2016-17 IV Sem VII,2.22E+11,Library BookC Recieved,0,300,0,0,0,0,0,0,0,
235303,26-07-2016,2016-2017,2016-2017,AIE,RCPT,768256,15CCCE107030,15CCCE107030,Alumni,General,School of Computing Science & Engineering,B.Tech (Hons) in Computer Science & Engineering with Specialization in Business Analytics,School of Computing Science,B.Tech in CSBA 2015-16 V Sem IX,2.22E+11,Library BookC Recieved,0,300,0,0,0,0,0,0,0,
235304,26-07-2016,2016-2017,2016-2017,AIE,RCPT,782838,15CCCE101195,15CCCE101195,Alumni,General,School of Computing Science & Engineering,B.Tech/B.Tech (Hons) Computer Science Engineering,School of Computing Science,B.Tech in CSE 2015-16 V Sem IX,2.22E+11,Library BookC Recieved,0,300,0,0,0,0,0,0,0,
235305,26-07-2016,2016-2017,2016-2017,AIE,RCPT,769227,15CCCE105156,15CCCE105156,Alumni,General,School of Computing Science & Engineering,B.Tech (Hons) in Computer Science & Engineering with Specialization in Cloud Computing & Virtualizations,School of Computing Science,B.Tech in CSCC 2015-16 V Sem IX,2.22E+11,Exam Fee (Back Paper),0,300,0,0,0,0,0,0,0,
235306,26-07-2016,2016-2017,2016-2017,AIE,RCPT,784450,15CCCE101119,15CCCE101119,Alumni,General,School of Computing Science & Engineering,B.Tech/B.Tech (Hons) Computer Science Engineering,School of Computing Science,B.Tech in CSE 2015-16 V Sem IX,2.22E+11,Library BookC Recieved,0,300,0,0,0,0,0,0,0,
235307,26-07-2016,2016-2017,2016-2017,,RCPT,786041,15CCCE101042,15CCCE101042,Alumni,General,School of Computing Science & Engineering,B.Tech/B.Tech (Hons) Computer Science Engineering,School of Computing Science,B.Tech in CSE 2015-16 V Sem IX,2.22E+11,Library BookC Recieved,0,300,0,0,0,0,0,0,0,
235308,26-07-2016,2016-2017,2016-2017,AIE,RCPT,772881,15CCCE101672,15CCCE101672,Alumni,General,School of Computing Science & Engineering,B.Tech/B.Tech (Hons) Computer Science Engineering,School of Computing Science,B.Tech in CSE 2015-16 V Sem IX,2.22E+11,Library BookC Recieved,0,300,0,0,0,0,0,0,0,
235309,26-07-2016,2016-2017,2016-2017,AIE,RCPT,779533,15CCCE101350,15CCCE101350,Alumni,General,School of Computing Science & Engineering,B.Tech/B.Tech (Hons) Computer Science Engineering,School of Computing Science,B.Tech in CSE 2015-16 V Sem IX,2.22E+11,Library BookC Recieved,0,300,0,0,0,0,0,0,0,
235310,26-07-2016,2016-2017,2016-2017,AIE,RCPT,769390,15CCCE105141,15CCCE105141,Alumni,General,School of Computing Science & Engineering,B.Tech (Hons) in Computer Science & Engineering with Specialization in Cloud Computing & Virtualizations,School of Computing Science,B.Tech in CSCC 2015-16 V Sem IX,2.22E+11,Library BookC Recieved,0,300,0,0,0,0,0,0,0,
235311,26-07-2016,2016-2017,2016-2017,AIE,RCPT,774466,15CCCE101590,15CCCE101590,Alumni,General,School of Computing Science & Engineering,B.Tech/B.Tech (Hons) Computer Science Engineering,School of Computing Science,B.Tech in CSE 2015-16 V Sem IX,2.22E+11,Library BookC Recieved,0,300,0,0,0,0,0,0,0,
235312,26-07-2016,2016-2017,2016-2017,AIE,RCPT,772263,15CCCE101729,15CCCE101729,Alumni,General,School of Computing Science & Engineering,B.Tech/B.Tech (Hons) Computer Science Engineering,School of Computing Science,B.Tech in CSE 2015-16 V Sem IX,2.22E+11,Library BookC Recieved,0,300,0,0,0,0,0,0,0,
235313,26-07-2016,2016-2017,2016-2017,AIE,RCPT,780339,15CCCE101309,15CCCE101309,Alumni,General,School of Computing Science & Engineering,B.Tech/B.Tech (Hons) Computer Science Engineering,School of Computing Science,B.Tech in CSE 2015-16 V Sem IX,2.22E+11,Library BookC Recieved,0,300,0,0,0,0,0,0,0,
235314,26-07-2016,2016-2017,2016-2017,AIE,RCPT,771044,15CCCE104064,15CCCE104064,Alumni,General,School of Computing Science & Engineering,BCA,School of Computing Science,BCA 2015-16 III Sem VI,2.22E+11,Library BookC Recieved,0,300,0,0,0,0,0,0,0,
235315,26-07-2016,2016-2017,2016-2017,AIE,RCPT,779514,15CCCE101351,15CCCE101351,Alumni,General,School of Computing Science & Engineering,B.Tech/B.Tech (Hons) Computer Science Engineering,School of Computing Science,B.Tech in CSE 2015-16 IV Sem VIII,2.22E+11,Library BookC Recieved,0,300,0,0,0,0,0,0,0,
235316,26-07-2016,2016-2017,2016-2017,AIE,RCPT,781849,15CCCE101241,15CCCE101241,Alumni,General,School of Computing Science & Engineering,B.Tech/B.Tech (Hons) Computer Science Engineering,School of Computing Science,B.Tech in CSE 2015-16 V Sem IX,2.22E+11,Library BookC Recieved,0,300,0,0,0,0,0,0,0,
235317,26-07-2016,2016-2017,2016-2017,AIE,RCPT,770789,15CCCE105005,15CCCE105005,Alumni,General,School of Computing Science & Engineering,B.Tech (Hons) in Computer Science & Engineering with Specialization in Cloud Computing & Virtualizations,School of Computing Science,B.Tech in CSCC 2015-16 V Sem IX,2.22E+11,Library BookC Recieved,0,300,0,0,0,0,0,0,0,
235318,26-07-2016,2016-2017,2016-2017,AIE,RCPT,770056,15CCCE105070,15CCCE105070,Alumni,General,School of Computing Science & Engineering,B.Tech (Hons) in Computer Science & Engineering with Specialization in Cloud Computing & Virtualizations,School of Computing Science,B.Tech in CSCC 2015-16 V Sem IX,2.22E+11,Library BookC Recieved,0,300,0,0,0,0,0,0,0,
235319,26-07-2016,2016-2017,2016-2017,AIE,RCPT,766102,15CECE104001,15CECE104001,Alumni,General,School of Computing Science & Engineering,Integrated B.Tech (Chemical Engineering) + MBA,School of Computing Science,B.Tech (CSE) + MBA 2015-16 V Sem X,2.22E+11,Library BookC Recieved,0,300,0,0,0,0,0,0,0,
235320,26-07-2016,2016-2017,2016-2017,AIE,RCPT,777642,15CCCE101443,15CCCE101443,Alumni,General,School of Computing Science & Engineering,B.Tech/B.Tech (Hons) Computer Science Engineering,School of Computing Science,B.Tech in CSE 2015-16 V Sem IX,2.22E+11,Library BookC Recieved,0,300,0,0,0,0,0,0,0,
235321,26-07-2016,2016-2017,2016-2017,AIE,RCPT,768200,15CCCE107036,15CCCE107036,No Information,General,School of Computing Science & Engineering,B.Tech (Hons) in Computer Science & Engineering with Specialization in Business Analytics,School of Computing Science,B.Tech in CSBA 2015-16 III Sem VI,2.22E+11,Fine Fee,0,2000,0,0,0,0,0,0,0,
235322,26-07-2016,2016-2017,2016-2017,AIE,RCPT,768200,15CCCE107036,15CCCE107036,No Information,General,School of Computing Science & Engineering,B.Tech (Hons) in Computer Science & Engineering with Specialization in Business Analytics,School of Computing Science,B.Tech in CSBA 2015-16 III Sem VI,2.22E+11,Tuition Fee (Back Paper),0,3600,0,0,0,0,0,0,0,
235323,26-07-2016,2016-2017,2016-2017,AIE,RCPT,768200,15CCCE107036,15CCCE107036,No Information,General,School of Computing Science & Engineering,B.Tech (Hons) in Computer Science & Engineering with Specialization in Business Analytics,School of Computing Science,B.Tech in CSBA 2015-16 III Sem VI,2.22E+11,Exam Fee (Back Paper),0,1000,0,0,0,0,0,0,0,
235324,26-07-2016,2016-2017,2016-2017,AIE,RCPT,768655,15CCCE106010,15CCCE106010,Alumni,General,School of Computing Science & Engineering,B.Tech (Hons) in Computer Science & Engineering with Specialization in Open Source Software & Open S,School of Computing Science,B.Tech in CSOS 2015-16 V Sem IX,2.22E+11,Library BookC Recieved,0,300,0,0,0,0,0,0,0,
235325,26-07-2016,2016-2017,2016-2017,AIE,RCPT,783586,15CCCE101159,15CCCE101159,Alumni,General,School of Computing Science & Engineering,B.Tech/B.Tech (Hons) Computer Science Engineering,School of Computing Science,B.Tech in CSE 2015-16 V Sem IX,2.22E+11,Library BookC Recieved,0,300,0,0,0,0,0,0,0,
235326,26-07-2016,2016-2017,2016-2017,AIE,RCPT,780954,15CCCE101283,15CCCE101283,Alumni,General,School of Computing Science & Engineering,B.Tech/B.Tech (Hons) Computer Science Engineering,School of Computing Science,B.Tech in CSE 2015-16 IV Sem VIII,2.22E+11,Library BookC Recieved,0,300,0,0,0,0,0,0,0,
235327,26-07-2016,2016-2017,2016-2017,AIE,RCPT,772036,15CCCE101749,15CCCE101749,Alumni,General,School of Computing Science & Engineering,B.Tech/B.Tech (Hons) Computer Science Engineering,School of Computing Science,B.Tech in CSE 2015-16 V Sem IX,2.22E+11,Library BookC Recieved,0,300,0,0,0,0,0,0,0,
235328,26-07-2016,2016-2017,2016-2017,AIE,RCPT,781279,15CCCE101266,15CCCE101266,Alumni,General,School of Computing Science & Engineering,B.Tech/B.Tech (Hons) Computer Science Engineering,School of Computing Science,B.Tech in CSE 2015-16 V Sem IX,2.22E+11,Library BookC Recieved,0,300,0,0,0,0,0,0,0,
235329,26-07-2016,2016-2017,2016-2017,AIE,RCPT,768223,15CCCE107033,15CCCE107033,Withdrawn,General,School of Computing Science & Engineering,B.Tech (Hons) in Computer Science & Engineering with Specialization in Business Analytics,School of Computing Science,B.Tech in CSBA 2015-16 IV Sem VII,2.22E+11,Library BookC Recieved,0,300,0,0,0,0,0,0,0,
235330,26-07-2016,2016-2017,2016-2017,AIE,RCPT,767831,15CCCE110006,15CCCE110006,Alumni,General,School of Computing Science & Engineering,B.Tech/B.Tech (Hons) Computer Science Engineering,School of Computing Science,B.Tech in CSE 2015-16 V Sem IX,2.22E+11,Exam Fee (Back Paper),0,300,0,0,0,0,0,0,0,
235331,26-07-2016,2016-2017,2016-2017,AIE,RCPT,780961,15CCCE101282,15CCCE101282,No Information,General,School of Computing Science & Engineering,B.Tech/B.Tech (Hons) Computer Science Engineering,School of Computing Science,B.Tech in CSE 2015-16 III Sem VI,2.22E+11,Library BookC Recieved,0,300,0,0,0,0,0,0,0,
235332,26-07-2016,2016-2017,2016-2017,AIE,RCPT,770974,15CCCE104072,15CCCE104072,Alumni,General,School of Computing Science & Engineering,BCA,School of Computing Science,BCA 2015-16 III Sem VI,2.22E+11,Library BookC Recieved,0,300,0,0,0,0,0,0,0,
235333,26-07-2016,2016-2017,2016-2017,AIE,RCPT,781869,15CCCE101240,15CCCE101240,Alumni,General,School of Computing Science & Engineering,B.Tech/B.Tech (Hons) Computer Science Engineering,School of Computing Science,B.Tech in CSE 2015-16 V Sem IX,2.22E+11,Library BookC Recieved,0,300,0,0,0,0,0,0,0,
235334,26-07-2016,2016-2017,2016-2017,AIE,RCPT,786238,15GCOB101262,15GCOB101262,No Information,General,School of Business,Bachelor of Business Administration,School of Business,Bachelor of Business Administration 2015-16 III Sem VI,1.32E+11,Fine Fee,0,4000,0,0,0,0,0,0,0,
235335,26-07-2016,2016-2017,2016-2017,AIE,RCPT,786238,15GCOB101262,15GCOB101262,No Information,General,School of Business,Bachelor of Business Administration,School of Business,Bachelor of Business Administration 2015-16 III Sem VI,1.32E+11,Tuition Fee (Back Paper),0,7200,0,0,0,0,0,0,0,
235336,26-07-2016,2016-2017,2016-2017,AIE,RCPT,786238,15GCOB101262,15GCOB101262,No Information,General,School of Business,Bachelor of Business Administration,School of Business,Bachelor of Business Administration 2015-16 III Sem VI,1.32E+11,Exam Fee (Back Paper),0,2000,0,0,0,0,0,0,0,
235337,26-07-2016,2016-2017,2016-2017,AIE,RCPT,813166,15CCME101086,15CCME101086,Alumni,General,School of Mechanical Engineering,B.Tech/B.Tech (Hons) Mechanical Engineering,School of Mechanical Engineering,ME 2015-2016 V Sem IX,2.32E+11,Library BookC Recieved,0,400,0,0,0,0,0,0,0,
235338,26-07-2016,2016-2017,2016-2017,AIE,RCPT,819130,15GCFC101029,15GCFC101029,Alumni,General,School of Finance & Commerce,B.Com. (Hons),School of Finance,B COM H-2015-16 III Sem VI,1.72E+11,Fine Fee,0,5000,0,0,0,0,0,0,0,
235339,26-07-2016,2016-2017,2016-2017,AIE,RCPT,819130,15GCFC101029,15GCFC101029,Alumni,General,School of Finance & Commerce,B.Com. (Hons),School of Finance,B COM H-2015-16 III Sem VI,1.72E+11,Tuition Fee (Back Paper),0,9000,0,0,0,0,0,0,0,
235340,26-07-2016,2016-2017,2016-2017,AIE,RCPT,819130,15GCFC101029,15GCFC101029,Alumni,General,School of Finance & Commerce,B.Com. (Hons),School of Finance,B COM H-2015-16 III Sem VI,1.72E+11,Exam Fee (Back Paper),0,2500,0,0,0,0,0,0,0,
235341,26-07-2016,2016-2017,2016-2017,AIE,RCPT,764483,15CMCC101016,15CMCC101016,Active,General,School of Media & Communication Studies,BA Journalism & Mass Communication,School of Media & Communication Studies,BJMC 2014-2015 III Sem VI,1.52E+11,Fine Fee,0,1000,0,0,0,0,0,0,0,
235342,26-07-2016,2016-2017,2016-2017,AIE,RCPT,764483,15CMCC101016,15CMCC101016,Active,General,School of Media & Communication Studies,BA Journalism & Mass Communication,School of Media & Communication Studies,BJMC 2014-2015 III Sem VI,1.52E+11,Tuition Fee (Back Paper),0,1800,0,0,0,0,0,0,0,
235343,26-07-2016,2016-2017,2016-2017,AIE,RCPT,764483,15CMCC101016,15CMCC101016,Active,General,School of Media & Communication Studies,BA Journalism & Mass Communication,School of Media & Communication Studies,BJMC 2014-2015 III Sem VI,1.52E+11,Exam Fee (Back Paper),0,500,0,0,0,0,0,0,0,
235344,26-07-2016,2016-2017,2016-2017,AIE,RCPT,776361,15CCCE101503,15CCCE101503,Alumni,General,School of Computing Science & Engineering,B.Tech/B.Tech (Hons) Computer Science Engineering,School of Computing Science,B.Tech in CSE 2015-16 V Sem IX,2.22E+11,Library BookC Recieved,0,300,0,0,0,0,0,0,0,
235345,26-07-2016,2016-2017,2016-2017,AIE,RCPT,783859,15CCCE101146,15CCCE101146,Alumni,General,School of Computing Science & Engineering,B.Tech/B.Tech (Hons) Computer Science Engineering,School of Computing Science,B.Tech in CSE 2015-16 V Sem IX,2.22E+11,Library BookC Recieved,0,300,0,0,0,0,0,0,0,
235346,26-07-2016,2016-2017,2016-2017,AIE,RCPT,768636,15CCCE106011,15CCCE106011,Alumni,General,School of Computing Science & Engineering,B.Tech (Hons) in Computer Science & Engineering with Specialization in Open Source Software & Open S,School of Computing Science,B.Tech in CSOS 2015-16 V Sem IX,2.22E+11,Library BookC Recieved,0,300,0,0,0,0,0,0,0,
235347,26-07-2016,2016-2017,2016-2017,AIE,RCPT,777386,15CCCE101457,15CCCE101457,Alumni,General,School of Computing Science & Engineering,B.Tech/B.Tech (Hons) Computer Science Engineering,School of Computing Science,B.Tech in CSE 2015-16 V Sem IX,2.22E+11,Library BookC Recieved,0,300,0,0,0,0,0,0,0,
235348,26-07-2016,2016-2017,2016-2017,AIE,RCPT,771460,15CCCE104007,15CCCE104007,Alumni,General,School of Computing Science & Engineering,BCA,School of Computing Science,BCA 2015-16 III Sem VI,2.22E+11,Library BookC Recieved,0,300,0,0,0,0,0,0,0,
235349,26-07-2016,2016-2017,2016-2017,AIE,RCPT,802558,16CCCE203021,16CCCE203021,Alumni,General,School of Computing Science & Engineering,MCA,School of Computing Science,MCA 2015 - 16 III Sem VI,2.22E+11,Library BookC Recieved,0,600,0,0,0,0,0,0,0,
235350,26-07-2016,2016-2017,2016-2017,AIE,RCPT,767156,15CCCE203044,15CCCE203044,Alumni,General,School of Computing Science & Engineering,MCA,School of Computing Science,MCA 2015 - 16 III Sem VI,2.22E+11,Library BookC Recieved,0,600,0,0,0,0,0,0,0,
235351,26-07-2016,2016-2017,2016-2017,AIE,RCPT,773598,15CCCE101633,15CCCE101633,Alumni,General,School of Computing Science & Engineering,B.Tech/B.Tech (Hons) Computer Science Engineering,School of Computing Science,B.Tech in CSE 2015-16 V Sem IX,2.22E+11,Library BookC Recieved,0,300,0,0,0,0,0,0,0,
235352,26-07-2016,2016-2017,2016-2017,AIE,RCPT,768233,15CCCE107032,15CCCE107032,Alumni,General,School of Computing Science & Engineering,B.Tech (Hons) in Computer Science & Engineering with Specialization in Business Analytics,School of Computing Science,B.Tech in CSBA 2015-16 V Sem IX,2.22E+11,Library BookC Recieved,0,300,0,0,0,0,0,0,0,
235353,26-07-2016,2016-2017,2016-2017,AIE,RCPT,779494,15CCCE101352,15CCCE101352,Alumni,General,School of Computing Science & Engineering,B.Tech/B.Tech (Hons) Computer Science Engineering,School of Computing Science,B.Tech in CSE 2015-16 V Sem IX,2.22E+11,Library BookC Recieved,0,300,0,0,0,0,0,0,0,
235354,26-07-2016,2016-2017,2016-2017,AIE,RCPT,770446,15CCCE105034,15CCCE105034,Alumni,General,School of Computing Science & Engineering,B.Tech (Hons) in Computer Science & Engineering with Specialization in Cloud Computing & Virtualizations,School of Computing Science,B.Tech in CSCC 2015-16 V Sem IX,2.22E+11,Library BookC Recieved,0,300,0,0,0,0,0,0,0,
235355,26-07-2016,2016-2017,2016-2017,AIE,RCPT,786937,15CCCE101003,15CCCE101003,Alumni,General,School of Computing Science & Engineering,B.Tech/B.Tech (Hons) Computer Science Engineering,School of Computing Science,B.Tech in CSE 2015-16 V Sem IX,2.22E+11,Library BookC Recieved,0,300,0,0,0,0,0,0,0,
235356,26-07-2016,2016-2017,2016-2017,AIE,RCPT,773082,15CCCE101656,15CCCE101656,Alumni,General,School of Computing Science & Engineering,B.Tech/B.Tech (Hons) Computer Science Engineering,School of Computing Science,B.Tech in CSE 2015-16 V Sem IX,2.22E+11,Library BookC Recieved,0,300,0,0,0,0,0,0,0,
235357,26-07-2016,2016-2017,2016-2017,AIE,RCPT,783480,15CCCE101164,15CCCE101164,No Information,General,School of Computing Science & Engineering,B.Tech/B.Tech (Hons) Computer Science Engineering,School of Computing Science,B.Tech in CSE 2016-17 II Sem IV,2.22E+11,Exam Fee (Back Paper),0,500,0,0,0,0,0,0,0,
235358,26-07-2016,2016-2017,2016-2017,AIE,RCPT,762755,16GPTC401029,16GPTC401029,Alumni,General,Gs Polytechnic,Diploma in Mechanical Engineering,Gs Polytechnic,MECHANICAL  ENGINEERING 2016-2017 IV Sem VII,3.22E+11,TUITION FEE,0,35000,0,0,0,0,0,0,0,
235359,26-07-2016,2016-2017,2016-2017,AIE,RCPT,762755,16GPTC401029,16GPTC401029,Alumni,General,Gs Polytechnic,Diploma in Mechanical Engineering,Gs Polytechnic,MECHANICAL  ENGINEERING 2016-2017 IV Sem VII,3.22E+11,Exam Fee,0,10000,0,0,0,0,0,0,0,
235360,26-07-2016,2016-2017,2016-2017,AIE,RCPT,777024,15CCCE101471,15CCCE101471,Alumni,General,School of Computing Science & Engineering,B.Tech/B.Tech (Hons) Computer Science Engineering,School of Computing Science,B.Tech in CSE 2015-16 V Sem IX,2.22E+11,Library BookC Recieved,0,300,0,0,0,0,0,0,0,
235361,26-07-2016,2016-2017,2016-2017,AIE,RCPT,767662,15CCCE111010,15CCCE111010,Alumni,General,School of Computing Science & Engineering,Integrated BCA + MCA,School of Computing Science,BCA + MCA 2015-2016 V Sem X,2.22E+11,Library BookC Recieved,0,300,0,0,0,0,0,0,0,
235362,26-07-2016,2016-2017,2016-2017,AIE,RCPT,775970,15CCCE101520,15CCCE101520,Alumni,General,School of Computing Science & Engineering,B.Tech/B.Tech (Hons) Computer Science Engineering,School of Computing Science,B.Tech in CSE 2015-16 V Sem IX,2.22E+11,Library BookC Recieved,0,300,0,0,0,0,0,0,0,
235363,26-07-2016,2016-2017,2016-2017,AIE,RCPT,776688,15CCCE101486,15CCCE101486,Alumni,General,School of Computing Science & Engineering,B.Tech/B.Tech (Hons) Computer Science Engineering,School of Computing Science,B.Tech in CSE 2015-16 V Sem IX,2.22E+11,Exam Fee (Back Paper),0,300,0,0,0,0,0,0,0,
235364,26-07-2016,2016-2017,2016-2017,AIE,RCPT,781960,15CCCE101237,15CCCE101237,Alumni,General,School of Computing Science & Engineering,B.Tech/B.Tech (Hons) Computer Science Engineering,School of Computing Science,B.Tech in CSE 2015-16 V Sem IX,2.22E+11,Library BookC Recieved,0,300,0,0,0,0,0,0,0,
235365,26-07-2016,2016-2017,2016-2017,AIE,RCPT,802528,16CCCE203026,16CCCE203026,Alumni,General,School of Computing Science & Engineering,MCA,School of Computing Science,MCA 2016 - 17 IV Sem VII,2.22E+11,Library BookC Recieved,0,600,0,0,0,0,0,0,0,
235366,26-07-2016,2016-2017,2016-2017,,RCPT,780150,15CCCE101320,15CCCE101320,Alumni,General,School of Computing Science & Engineering,B.Tech/B.Tech (Hons) Computer Science Engineering,School of Computing Science,B.Tech in CSE 2015-16 V Sem IX,2.22E+11,Library BookC Recieved,0,300,0,0,0,0,0,0,0,
235367,26-07-2016,2016-2017,2016-2017,AIE,RCPT,780298,15CCCE101312,15CCCE101312,Alumni,General,School of Computing Science & Engineering,B.Tech/B.Tech (Hons) Computer Science Engineering,School of Computing Science,B.Tech in CSE 2015-16 IV Sem VIII,2.22E+11,Library BookC Recieved,0,300,0,0,0,0,0,0,0,
235368,26-07-2016,2016-2017,2016-2017,AIE,RCPT,770561,15CCCE105024,15CCCE105024,Alumni,General,School of Computing Science & Engineering,B.Tech (Hons) in Computer Science & Engineering with Specialization in Cloud Computing & Virtualizations,School of Computing Science,B.Tech in CSCC 2015-16 V Sem IX,2.22E+11,Library BookC Recieved,0,300,0,0,0,0,0,0,0,
235369,26-07-2016,2016-2017,2016-2017,AIE,RCPT,780643,15CCCE101296,15CCCE101296,Alumni,General,School of Computing Science & Engineering,B.Tech/B.Tech (Hons) Computer Science Engineering,School of Computing Science,B.Tech in CSE 2015-16 V Sem IX,2.22E+11,Library BookC Recieved,0,300,0,0,0,0,0,0,0,
235370,26-07-2016,2016-2017,2016-2017,AIE,RCPT,817590,15GCOL102014,15GCOL102014,Active,General,School of Law,Integrated BA + LLB (Hons.),School of Law,BALLB  2015-2016 V Sem X,1.92E+11,Exam Fee (Back Paper),0,1000,0,0,0,0,0,0,0,
235371,26-07-2016,2016-2017,2016-2017,AIE,RCPT,768528,15CCCE107005,15CCCE107005,Alumni,General,School of Computing Science & Engineering,B.Tech (Hons) in Computer Science & Engineering with Specialization in Business Analytics,School of Computing Science,B.Tech in CSBA 2015-16 V Sem IX,2.22E+11,Library BookC Recieved,0,300,0,0,0,0,0,0,0,
235372,26-07-2016,2016-2017,2016-2017,AIE,RCPT,802224,16CECE101005,16CECE101005,Alumni,General,School of Electrical Electronics & Communication Engineering,B.Tech/B.Tech (Hons) Electrical & Electronics Engineering,School of Electrical  Electronics,Electrical and Electronics Engineering-2016-17 IV Sem VIII,2.42E+11,TUITION FEE,0,144000,0,0,0,0,0,0,0,
235373,26-07-2016,2016-2017,2016-2017,AIE,RCPT,777241,15CCCE101463,15CCCE101463,Alumni,General,School of Computing Science & Engineering,B.Tech/B.Tech (Hons) Computer Science Engineering,School of Computing Science,B.Tech in CSE 2015-16 V Sem IX,2.22E+11,Library BookC Recieved,0,300,0,0,0,0,0,0,0,
235374,26-07-2016,2016-2017,2016-2017,AIE,RCPT,771230,15CCCE104038,15CCCE104038,Alumni,General,School of Computing Science & Engineering,BCA,School of Computing Science,BCA 2015-16 III Sem VI,2.22E+11,Library BookC Recieved,0,300,0,0,0,0,0,0,0,
235375,26-07-2016,2016-2017,2016-2017,AIE,RCPT,769060,15CCCE105169,15CCCE105169,Alumni,General,School of Computing Science & Engineering,B.Tech (Hons) in Computer Science & Engineering with Specialization in Cloud Computing & Virtualizations,School of Computing Science,B.Tech in CSCC 2015-16 V Sem IX,2.22E+11,Library BookC Recieved,0,300,0,0,0,0,0,0,0,
235376,26-07-2016,2016-2017,2016-2017,AIE,RCPT,783025,15CCCE101186,15CCCE101186,Alumni,General,School of Computing Science & Engineering,B.Tech/B.Tech (Hons) Computer Science Engineering,School of Computing Science,B.Tech in CSE 2015-16 V Sem IX,2.22E+11,Library BookC Recieved,0,300,0,0,0,0,0,0,0,
235377,26-07-2016,2016-2017,2016-2017,AIE,RCPT,769194,15CCCE105158,15CCCE105158,Alumni,General,School of Computing Science & Engineering,B.Tech (Hons) in Computer Science & Engineering with Specialization in Cloud Computing & Virtualizations,School of Computing Science,B.Tech in CSCC 2015-16 V Sem IX,2.22E+11,Library BookC Recieved,0,300,0,0,0,0,0,0,0,
235378,26-07-2016,2016-2017,2016-2017,AIE,RCPT,778289,15CCCE101412,15CCCE101412,Alumni,General,School of Computing Science & Engineering,B.Tech/B.Tech (Hons) Computer Science Engineering,School of Computing Science,B.Tech in CSE 2015-16 V Sem IX,2.22E+11,Library BookC Recieved,0,300,0,0,0,0,0,0,0,
235379,26-07-2016,2016-2017,2016-2017,AIE,RCPT,771239,15CCCE104037,15CCCE104037,Alumni,General,School of Computing Science & Engineering,BCA,School of Computing Science,BCA 2015-16 III Sem VI,2.22E+11,Library BookC Recieved,0,300,0,0,0,0,0,0,0,
235380,26-07-2016,2016-2017,2016-2017,AIE,RCPT,772005,15CCCE101751,15CCCE101751,Alumni,General,School of Computing Science & Engineering,B.Tech/B.Tech (Hons) Computer Science Engineering,School of Computing Science,B.Tech in CSE 2015-16 V Sem IX,2.22E+11,Library BookC Recieved,0,300,0,0,0,0,0,0,0,
235381,26-07-2016,2016-2017,2016-2017,AIE,RCPT,767343,15CCCE203018,15CCCE203018,Alumni,General,School of Computing Science & Engineering,MCA,School of Computing Science,MCA 2015 - 16 III Sem VI,2.22E+11,Library BookC Recieved,0,600,0,0,0,0,0,0,0,
235382,26-07-2016,2016-2017,2016-2017,AIE,RCPT,813146,15CCME101088,15CCME101088,Withdrawn,General,School of Mechanical Engineering,B.Tech/B.Tech (Hons) Mechanical Engineering,School of Mechanical Engineering,ME 2016-2017 III Sem V,2.32E+11,Fine Fee,0,3000,0,0,0,0,0,0,0,
235383,26-07-2016,2016-2017,2016-2017,AIE,RCPT,813146,15CCME101088,15CCME101088,Withdrawn,General,School of Mechanical Engineering,B.Tech/B.Tech (Hons) Mechanical Engineering,School of Mechanical Engineering,ME 2016-2017 III Sem V,2.32E+11,Tuition Fee (Back Paper),0,5400,0,0,0,0,0,0,0,
235384,26-07-2016,2016-2017,2016-2017,AIE,RCPT,813146,15CCME101088,15CCME101088,Withdrawn,General,School of Mechanical Engineering,B.Tech/B.Tech (Hons) Mechanical Engineering,School of Mechanical Engineering,ME 2016-2017 III Sem V,2.32E+11,Exam Fee (Back Paper),0,1500,0,0,0,0,0,0,0,
235385,26-07-2016,2016-2017,2016-2017,AIE,RCPT,767636,15CCCE111012,15CCCE111012,Alumni,General,School of Computing Science & Engineering,Integrated BCA + MCA,School of Computing Science,BCA + MCA 2015-2016 V Sem X,2.22E+11,Library BookC Recieved,0,300,0,0,0,0,0,0,0,
235386,26-07-2016,2016-2017,2016-2017,AIE,RCPT,784304,15CCCE101125,15CCCE101125,Alumni,General,School of Computing Science & Engineering,B.Tech/B.Tech (Hons) Computer Science Engineering,School of Computing Science,B.Tech in CSE 2015-16 V Sem IX,2.22E+11,Library BookC Recieved,0,300,0,0,0,0,0,0,0,
235387,26-07-2016,2016-2017,2016-2017,AIE,RCPT,784320,15CCCE101124,15CCCE101124,Alumni,General,School of Computing Science & Engineering,B.Tech/B.Tech (Hons) Computer Science Engineering,School of Computing Science,B.Tech in CSE 2015-16 V Sem IX,2.22E+11,Library BookC Recieved,0,300,0,0,0,0,0,0,0,
235388,26-07-2016,2016-2017,2016-2017,AIE,RCPT,783476,15CCCE101164,15CCCE101164,No Information,General,School of Computing Science & Engineering,B.Tech/B.Tech (Hons) Computer Science Engineering,School of Computing Science,B.Tech in CSE 2016-17 II Sem IV,2.22E+11,Library BookC Recieved,0,300,0,0,0,0,0,0,0,
235389,26-07-2016,2016-2017,2016-2017,AIE,RCPT,769639,15CCCE105112,15CCCE105112,Alumni,General,School of Computing Science & Engineering,B.Tech (Hons) in Computer Science & Engineering with Specialization in Cloud Computing & Virtualizations,School of Computing Science,B.Tech in CSCC 2015-16 V Sem IX,2.22E+11,Library BookC Recieved,0,300,0,0,0,0,0,0,0,
235390,26-07-2016,2016-2017,2016-2017,AIE,RCPT,782374,15CCCE101216,15CCCE101216,Alumni,General,School of Computing Science & Engineering,B.Tech/B.Tech (Hons) Computer Science Engineering,School of Computing Science,B.Tech in CSE 2015-16 V Sem IX,2.22E+11,Library BookC Recieved,0,300,0,0,0,0,0,0,0,
235391,26-07-2016,2016-2017,2016-2017,NRI,RCPT,806271,16CCCE105127,16CCCE105127,Alumni,General,School of Computing Science & Engineering,B.Tech (Hons) in Computer Science & Engineering with Specialization in Cloud Computing & Virtualizations,School of Computing Science,B.Tech in CSCC 2015-16 V Sem IX,2.22E+11,Exam Fee,0,12000,0,0,0,0,0,0,0,
235392,26-07-2016,2016-2017,2016-2017,AIE,RCPT,772314,15CCCE101723,15CCCE101723,Alumni,General,School of Computing Science & Engineering,B.Tech/B.Tech (Hons) Computer Science Engineering,School of Computing Science,B.Tech in CSE 2015-16 V Sem IX,2.22E+11,Library BookC Recieved,0,300,0,0,0,0,0,0,0,
235393,26-07-2016,2016-2017,2016-2017,AIE,RCPT,785786,15CCCE101054,15CCCE101054,Alumni,General,School of Computing Science & Engineering,B.Tech/B.Tech (Hons) Computer Science Engineering,School of Computing Science,B.Tech in CSE 2015-16 V Sem IX,2.22E+11,Exam Fee (Back Paper),0,300,0,0,0,0,0,0,0,
235394,26-07-2016,2016-2017,2016-2017,AIE,RCPT,771027,15CCCE104066,15CCCE104066,Alumni,General,School of Computing Science & Engineering,BCA,School of Computing Science,BCA 2015-16 III Sem VI,2.22E+11,Exam Fee (Back Paper),0,300,0,0,0,0,0,0,0,
235395,26-07-2016,2016-2017,2016-2017,AIE,RCPT,781585,15CCCE101252,15CCCE101252,Alumni,General,School of Computing Science & Engineering,B.Tech/B.Tech (Hons) Computer Science Engineering,School of Computing Science,B.Tech in CSE 2015-16 V Sem IX,2.22E+11,Library BookC Recieved,0,300,0,0,0,0,0,0,0,
235396,26-07-2016,2016-2017,2016-2017,AIE,RCPT,771954,15CCCE101757,15CCCE101757,Alumni,General,School of Computing Science & Engineering,B.Tech/B.Tech (Hons) Computer Science Engineering,School of Computing Science,B.Tech in CSE 2015-16 V Sem IX,2.22E+11,Library BookC Recieved,0,300,0,0,0,0,0,0,0,
235397,26-07-2016,2016-2017,2016-2017,AIE,RCPT,784347,15CCCE101123,15CCCE101123,Alumni,General,School of Computing Science & Engineering,B.Tech/B.Tech (Hons) Computer Science Engineering,School of Computing Science,B.Tech in CSE 2015-16 V Sem IX,2.22E+11,Library BookC Recieved,0,300,0,0,0,0,0,0,0,
235398,26-07-2016,2016-2017,2016-2017,AIE,RCPT,777682,15CCCE101440,15CCCE101440,No Information,General,School of Computing Science & Engineering,B.Tech/B.Tech (Hons) Computer Science Engineering,School of Computing Science,B.Tech in CSE 2016-17 II Sem IV,2.22E+11,Fine Fee,0,3000,0,0,0,0,0,0,0,
235399,26-07-2016,2016-2017,2016-2017,AIE,RCPT,777682,15CCCE101440,15CCCE101440,No Information,General,School of Computing Science & Engineering,B.Tech/B.Tech (Hons) Computer Science Engineering,School of Computing Science,B.Tech in CSE 2016-17 II Sem IV,2.22E+11,Tuition Fee (Back Paper),0,5400,0,0,0,0,0,0,0,
235400,26-07-2016,2016-2017,2016-2017,AIE,RCPT,777682,15CCCE101440,15CCCE101440,No Information,General,School of Computing Science & Engineering,B.Tech/B.Tech (Hons) Computer Science Engineering,School of Computing Science,B.Tech in CSE 2016-17 II Sem IV,2.22E+11,Exam Fee (Back Paper),0,1500,0,0,0,0,0,0,0,
235401,26-07-2016,2016-2017,2016-2017,AIE,RCPT,782877,15CCCE101193,15CCCE101193,Alumni,General,School of Computing Science & Engineering,B.Tech/B.Tech (Hons) Computer Science Engineering,School of Computing Science,B.Tech in CSE 2015-16 V Sem IX,2.22E+11,Library BookC Recieved,0,300,0,0,0,0,0,0,0,
235402,26-07-2016,2016-2017,2016-2017,AIE,RCPT,770571,15CCCE105023,15CCCE105023,Alumni,General,School of Computing Science & Engineering,B.Tech (Hons) in Computer Science & Engineering with Specialization in Cloud Computing & Virtualizations,School of Computing Science,B.Tech in CSCC 2015-16 V Sem IX,2.22E+11,Library BookC Recieved,0,300,0,0,0,0,0,0,0,
235403,26-07-2016,2016-2017,2016-2017,AIE,RCPT,768273,15CCCE107029,15CCCE107029,Alumni,General,School of Computing Science & Engineering,B.Tech (Hons) in Computer Science & Engineering with Specialization in Business Analytics,School of Computing Science,B.Tech in CSBA 2015-16 V Sem IX,2.22E+11,Library BookC Recieved,0,300,0,0,0,0,0,0,0,
235404,26-07-2016,2016-2017,2016-2017,AIE,RCPT,767267,15CCCE203028,15CCCE203028,Alumni,General,School of Computing Science & Engineering,MCA,School of Computing Science,MCA 2015 - 16 III Sem VI,2.22E+11,Library BookC Recieved,0,600,0,0,0,0,0,0,0,
235405,26-07-2016,2016-2017,2016-2017,AIE,RCPT,769676,15CCCE105108,15CCCE105108,Alumni,General,School of Computing Science & Engineering,B.Tech (Hons) in Computer Science & Engineering with Specialization in Cloud Computing & Virtualizations,School of Computing Science,B.Tech in CSCC 2015-16 V Sem IX,2.22E+11,Library BookC Recieved,0,300,0,0,0,0,0,0,0,
235406,26-07-2016,2016-2017,2016-2017,AIE,RCPT,771218,15CCCE104040,15CCCE104040,Alumni,General,School of Computing Science & Engineering,BCA,School of Computing Science,BCA 2015-16 III Sem VI,2.22E+11,Library BookC Recieved,0,300,0,0,0,0,0,0,0,
235407,26-07-2016,2016-2017,2016-2017,AIE,RCPT,774138,15CCCE101604,15CCCE101604,Alumni,General,School of Computing Science & Engineering,B.Tech/B.Tech (Hons) Computer Science Engineering,School of Computing Science,B.Tech in CSE 2015-16 V Sem IX,2.22E+11,Library BookC Recieved,0,300,0,0,0,0,0,0,0,
235408,26-07-2016,2016-2017,2016-2017,AIE,RCPT,778989,15CCCE101379,15CCCE101379,No Information,General,School of Computing Science & Engineering,B.Tech/B.Tech (Hons) Computer Science Engineering,School of Computing Science,B.Tech in CSE 2015-16 III Sem VI,2.22E+11,Library BookC Recieved,0,300,0,0,0,0,0,0,0,
235409,26-07-2016,2016-2017,2016-2017,AIE,RCPT,768567,15CCCE107002,15CCCE107002,Alumni,General,School of Computing Science & Engineering,B.Tech (Hons) in Computer Science & Engineering with Specialization in Business Analytics,School of Computing Science,B.Tech in CSBA 2015-16 V Sem IX,2.22E+11,Library BookC Recieved,0,300,0,0,0,0,0,0,0,
235410,26-07-2016,2016-2017,2016-2017,AIE,RCPT,769412,15CCCE105139,15CCCE105139,Alumni,General,School of Computing Science & Engineering,B.Tech (Hons) in Computer Science & Engineering with Specialization in Cloud Computing & Virtualizations,School of Computing Science,B.Tech in CSCC 2015-16 V Sem IX,2.22E+11,Library BookC Recieved,0,300,0,0,0,0,0,0,0,
235411,26-07-2016,2016-2017,2016-2017,AIE,RCPT,772769,15CCCE101679,15CCCE101679,Alumni,General,School of Computing Science & Engineering,B.Tech/B.Tech (Hons) Computer Science Engineering,School of Computing Science,B.Tech in CSE 2015-16 V Sem IX,2.22E+11,Library BookC Recieved,0,300,0,0,0,0,0,0,0,
235412,26-07-2016,2016-2017,2016-2017,AIE,RCPT,782859,15CCCE101194,15CCCE101194,Alumni,General,School of Computing Science & Engineering,B.Tech/B.Tech (Hons) Computer Science Engineering,School of Computing Science,B.Tech in CSE 2015-16 V Sem IX,2.22E+11,Library BookC Recieved,0,300,0,0,0,0,0,0,0,
235413,26-07-2016,2016-2017,2016-2017,AIE,RCPT,775632,15CCCE101537,15CCCE101537,Alumni,General,School of Computing Science & Engineering,B.Tech/B.Tech (Hons) Computer Science Engineering,School of Computing Science,B.Tech in CSE 2015-16 V Sem IX,2.22E+11,Library BookC Recieved,0,300,0,0,0,0,0,0,0,
235414,26-07-2016,2016-2017,2016-2017,AIE,RCPT,781620,15CCCE101250,15CCCE101250,Alumni,General,School of Computing Science & Engineering,B.Tech/B.Tech (Hons) Computer Science Engineering,School of Computing Science,B.Tech in CSE 2015-16 V Sem IX,2.22E+11,Library BookC Recieved,0,300,0,0,0,0,0,0,0,
235415,26-07-2016,2016-2017,2016-2017,AIE,RCPT,770842,15CCCE104092,15CCCE104092,Alumni,General,School of Computing Science & Engineering,BCA,School of Computing Science,BCA 2015-16 III Sem VI,2.22E+11,Library BookC Recieved,0,300,0,0,0,0,0,0,0,
235416,26-07-2016,2016-2017,2016-2017,AIE,RCPT,771422,15CCCE104012,15CCCE104012,Alumni,General,School of Computing Science & Engineering,BCA,School of Computing Science,BCA 2015-16 III Sem VI,2.22E+11,Library BookC Recieved,0,300,0,0,0,0,0,0,0,
235417,26-07-2016,2016-2017,2016-2017,AIE,RCPT,773635,15CCCE101630,15CCCE101630,Alumni,General,School of Computing Science & Engineering,B.Tech/B.Tech (Hons) Computer Science Engineering,School of Computing Science,B.Tech in CSE 2015-16 V Sem IX,2.22E+11,Library BookC Recieved,0,300,0,0,0,0,0,0,0,
235418,26-07-2016,2016-2017,2016-2017,AIE,RCPT,770848,15CCCE104091,15CCCE104091,Alumni,General,School of Computing Science & Engineering,BCA,School of Computing Science,BCA 2015-16 III Sem VI,2.22E+11,Library BookC Recieved,0,300,0,0,0,0,0,0,0,
235419,26-07-2016,2016-2017,2016-2017,AIE,RCPT,780674,15CCCE101295,15CCCE101295,Alumni,General,School of Computing Science & Engineering,B.Tech/B.Tech (Hons) Computer Science Engineering,School of Computing Science,B.Tech in CSE 2015-16 V Sem IX,2.22E+11,Exam Fee (Back Paper),0,300,0,0,0,0,0,0,0,
235420,26-07-2016,2016-2017,2016-2017,AIE,RCPT,774835,15CCCE101574,15CCCE101574,Alumni,General,School of Computing Science & Engineering,B.Tech/B.Tech (Hons) Computer Science Engineering,School of Computing Science,B.Tech in CSE 2015-16 V Sem IX,2.22E+11,Library BookC Recieved,0,300,0,0,0,0,0,0,0,
235421,26-07-2016,2016-2017,2016-2017,AIE,RCPT,775340,15CCCE101551,15CCCE101551,Alumni,General,School of Computing Science & Engineering,B.Tech/B.Tech (Hons) Computer Science Engineering,School of Computing Science,B.Tech in CSE 2015-16 V Sem IX,2.22E+11,Library BookC Recieved,0,300,0,0,0,0,0,0,0,
235422,26-07-2016,2016-2017,2016-2017,AIE,RCPT,816888,15GCOL102101,15GCOL102101,Alumni,General,School of Law,Integrated BA + LLB (Hons.),School of Law,BALLB  2015-2016 V Sem X,1.92E+11,Exam Fee (Back Paper),0,1000,0,0,0,0,0,0,0,
235423,26-07-2016,2016-2017,2016-2017,AIE,RCPT,770862,15CCCE104089,15CCCE104089,Alumni,General,School of Computing Science & Engineering,BCA,School of Computing Science,BCA 2016-17 IV Sem VII,2.22E+11,Library BookC Recieved,0,300,0,0,0,0,0,0,0,
235424,26-07-2016,2016-2017,2016-2017,AIE,RCPT,761714,16GPTC406032,16GPTC406032,No Information,General,Gs Polytechnic,Diploma in Computer Science & Engineering,Gs Polytechnic,COMPUTER SCIENCE ENGINEERING 2016-2017 II Sem IV,3.22E+11,TUITION FEE,0,35000,0,0,0,0,0,0,0,
235425,26-07-2016,2016-2017,2016-2017,AIE,RCPT,761714,16GPTC406032,16GPTC406032,No Information,General,Gs Polytechnic,Diploma in Computer Science & Engineering,Gs Polytechnic,COMPUTER SCIENCE ENGINEERING 2016-2017 II Sem IV,3.22E+11,Exam Fee,0,10000,0,0,0,0,0,0,0,
235426,26-07-2016,2016-2017,2016-2017,AIE,RCPT,779013,15CCCE101378,15CCCE101378,Alumni,General,School of Computing Science & Engineering,B.Tech/B.Tech (Hons) Computer Science Engineering,School of Computing Science,B.Tech in CSE 2015-16 V Sem IX,2.22E+11,Library BookC Recieved,0,300,0,0,0,0,0,0,0,
235427,26-07-2016,2016-2017,2016-2017,AIE,RCPT,768538,15CCCE107004,15CCCE107004,Alumni,General,School of Computing Science & Engineering,B.Tech (Hons) in Computer Science & Engineering with Specialization in Business Analytics,School of Computing Science,B.Tech in CSBA 2015-16 V Sem IX,2.22E+11,Library BookC Recieved,0,300,0,0,0,0,0,0,0,
235428,26-07-2016,2016-2017,2016-2017,AIE,RCPT,771225,15CCCE104039,15CCCE104039,Alumni,General,School of Computing Science & Engineering,BCA,School of Computing Science,BCA 2015-16 III Sem VI,2.22E+11,Library BookC Recieved,0,300,0,0,0,0,0,0,0,
235429,26-07-2016,2016-2017,2016-2017,AIE,RCPT,769657,15CCCE105111,15CCCE105111,Alumni,General,School of Computing Science & Engineering,B.Tech (Hons) in Computer Science & Engineering with Specialization in Cloud Computing & Virtualizations,School of Computing Science,B.Tech in CSCC 2015-16 V Sem IX,2.22E+11,Library BookC Recieved,0,300,0,0,0,0,0,0,0,
235430,26-07-2016,2016-2017,2016-2017,AIE,RCPT,762743,16GPTC401030,16GPTC401030,Alumni,General,Gs Polytechnic,Diploma in Mechanical Engineering,Gs Polytechnic,MECHANICAL  ENGINEERING 2016-2017 IV Sem VII,3.22E+11,TUITION FEE,0,35000,0,0,0,0,0,0,0,
235431,26-07-2016,2016-2017,2016-2017,AIE,RCPT,762743,16GPTC401030,16GPTC401030,Alumni,General,Gs Polytechnic,Diploma in Mechanical Engineering,Gs Polytechnic,MECHANICAL  ENGINEERING 2016-2017 IV Sem VII,3.22E+11,Exam Fee,0,10000,0,0,0,0,0,0,0,
235432,26-07-2016,2016-2017,2016-2017,AIE,RCPT,778069,15CCCE101421,15CCCE101421,Alumni,General,School of Computing Science & Engineering,B.Tech/B.Tech (Hons) Computer Science Engineering,School of Computing Science,B.Tech in CSE 2015-16 V Sem IX,2.22E+11,Library BookC Recieved,0,300,0,0,0,0,0,0,0,
235433,26-07-2016,2016-2017,2016-2017,AIE,RCPT,762739,16GPTC401031,16GPTC401031,No Information,General,Gs Polytechnic,Diploma in Mechanical Engineering,Gs Polytechnic,MECHANICAL  ENGINEERING 2015-2016 III Sem VI,3.22E+11,TUITION FEE,0,35000,0,0,0,0,0,0,0,
235434,26-07-2016,2016-2017,2016-2017,AIE,RCPT,762739,16GPTC401031,16GPTC401031,No Information,General,Gs Polytechnic,Diploma in Mechanical Engineering,Gs Polytechnic,MECHANICAL  ENGINEERING 2015-2016 III Sem VI,3.22E+11,Exam Fee,0,10000,0,0,0,0,0,0,0,
235435,26-07-2016,2016-2017,2016-2017,AIE,RCPT,799567,16CMAC102036,16CMAC102036,Alumni,General,School of Medical and Allied Sciences,Bachelor of Pharmacy,School of Medical and Allied Sciences,B.Pharm 2015-16 IV Sem VIII,2.12E+11,TUITION FEE,0,10000,0,0,0,0,0,0,0,
235436,26-07-2016,2016-2017,2016-2017,,RCPT,776278,15CCCE101506,15CCCE101506,Alumni,General,School of Computing Science & Engineering,B.Tech/B.Tech (Hons) Computer Science Engineering,School of Computing Science,B.Tech in CSE 2015-16 V Sem IX,2.22E+11,Library BookC Recieved,0,300,0,0,0,0,0,0,0,
235437,26-07-2016,2016-2017,2016-2017,AIE,RCPT,767273,15CCCE203027,15CCCE203027,Alumni,General,School of Computing Science & Engineering,MCA,School of Computing Science,MCA 2015 - 16 III Sem VI,2.22E+11,Library BookC Recieved,0,600,0,0,0,0,0,0,0,
235438,26-07-2016,2016-2017,2016-2017,AIE,RCPT,773871,15CCCE101618,15CCCE101618,Alumni,General,School of Computing Science & Engineering,B.Tech/B.Tech (Hons) Computer Science Engineering,School of Computing Science,B.Tech in CSE 2015-16 V Sem IX,2.22E+11,Library BookC Recieved,0,300,0,0,0,0,0,0,0,
235439,26-07-2016,2016-2017,2016-2017,AIE,RCPT,761717,16GPTC406031,16GPTC406031,Alumni,General,Gs Polytechnic,Diploma in Computer Science & Engineering,Gs Polytechnic,COMPUTER SCIENCE ENGINEERING 2016-2017 IV Sem VII,3.22E+11,TUITION FEE,0,35000,0,0,0,0,0,0,0,
235440,26-07-2016,2016-2017,2016-2017,AIE,RCPT,761717,16GPTC406031,16GPTC406031,Alumni,General,Gs Polytechnic,Diploma in Computer Science & Engineering,Gs Polytechnic,COMPUTER SCIENCE ENGINEERING 2016-2017 IV Sem VII,3.22E+11,Exam Fee,0,10000,0,0,0,0,0,0,0,
235441,26-07-2016,2016-2017,2016-2017,AIE,RCPT,769051,15CCCE105171,15CCCE105171,Alumni,General,School of Computing Science & Engineering,B.Tech (Hons) in Computer Science & Engineering with Specialization in Cloud Computing & Virtualizations,School of Computing Science,B.Tech in CSCC 2015-16 V Sem IX,2.22E+11,Library BookC Recieved,0,300,0,0,0,0,0,0,0,
235442,26-07-2016,2016-2017,2016-2017,AIE,RCPT,782903,15CCCE101192,15CCCE101192,Alumni,General,School of Computing Science & Engineering,B.Tech/B.Tech (Hons) Computer Science Engineering,School of Computing Science,B.Tech in CSE 2015-16 V Sem IX,2.22E+11,Library BookC Recieved,0,300,0,0,0,0,0,0,0,
235443,26-07-2016,2016-2017,2016-2017,AIE,RCPT,802572,16CCCE203018,16CCCE203018,Alumni,General,School of Computing Science & Engineering,MCA,School of Computing Science,MCA 2015 - 16 III Sem VI,2.22E+11,Library BookC Recieved,0,600,0,0,0,0,0,0,0,
235444,26-07-2016,2016-2017,2016-2017,AIE,RCPT,825500,14CECE103045,14CECE103045,Alumni,General,School of Electrical Electronics & Communication Engineering,B.Tech/B.Tech (Hons) Electronics & Communications Engineering,School of Electrical  Electronics,ELECTRONICS AND COMMUNICATION ENGINEERING-2014-15 IV Sem VIII,2.42E+11,Library BookC Recieved,0,300,0,0,0,0,0,0,0,
235445,26-07-2016,2016-2017,2016-2017,AIE,RCPT,830423,14CCCE101237,14CCCE101237,Alumni,General,School of Computing Science & Engineering,B.Tech/B.Tech (Hons) Computer Science Engineering,School of Computing Science,B.Tech in CSE 2014-15 IV Sem VIII,2.22E+11,Library BookC Recieved,0,400,0,0,0,0,0,0,0,
235446,26-07-2016,2016-2017,2016-2017,AIE,RCPT,825725,14CECE103024,14CECE103024,Alumni,General,School of Electrical Electronics & Communication Engineering,B.Tech/B.Tech (Hons) Electronics & Communications Engineering,School of Electrical  Electronics,ELECTRONICS AND COMMUNICATION ENGINEERING-2014-15 IV Sem VIII,2.42E+11,Fine Fee,0,5000,0,0,0,0,0,0,0,
235447,26-07-2016,2016-2017,2016-2017,AIE,RCPT,825725,14CECE103024,14CECE103024,Alumni,General,School of Electrical Electronics & Communication Engineering,B.Tech/B.Tech (Hons) Electronics & Communications Engineering,School of Electrical  Electronics,ELECTRONICS AND COMMUNICATION ENGINEERING-2014-15 IV Sem VIII,2.42E+11,Tuition Fee (Back Paper),0,9000,0,0,0,0,0,0,0,
235448,26-07-2016,2016-2017,2016-2017,AIE,RCPT,825725,14CECE103024,14CECE103024,Alumni,General,School of Electrical Electronics & Communication Engineering,B.Tech/B.Tech (Hons) Electronics & Communications Engineering,School of Electrical  Electronics,ELECTRONICS AND COMMUNICATION ENGINEERING-2014-15 IV Sem VIII,2.42E+11,Exam Fee (Back Paper),0,2500,0,0,0,0,0,0,0,
235449,26-07-2016,2016-2017,2016-2017,AIE,RCPT,825748,14CECE103021,14CECE103021,Alumni,General,School of Computing Science & Engineering,B.Tech/B.Tech (Hons) Computer Science Engineering,School of Computing Science,B.Tech in CSE 2014-15 IV Sem VIII,2.22E+11,Library BookC Recieved,0,400,0,0,0,0,0,0,0,
235450,26-07-2016,2016-2017,2016-2017,AIE,RCPT,825808,14CECE103013,14CECE103013,Alumni,General,School of Electrical Electronics & Communication Engineering,B.Tech/B.Tech (Hons) Electronics & Communications Engineering,School of Electrical  Electronics,ELECTRONICS AND COMMUNICATION ENGINEERING-2014-15 IV Sem VIII,2.42E+11,Library BookC Recieved,0,300,0,0,0,0,0,0,0,
235451,26-07-2016,2016-2017,2016-2017,AIE,RCPT,825696,14CECE103026,14CECE103026,Alumni,General,School of Electrical Electronics & Communication Engineering,B.Tech/B.Tech (Hons) Electronics & Communications Engineering,School of Electrical  Electronics,ELECTRONICS AND COMMUNICATION ENGINEERING-2014-15 IV Sem VIII,2.42E+11,Library BookC Recieved,0,300,0,0,0,0,0,0,0,
235452,26-07-2016,2016-2017,2016-2017,AIE,RCPT,820779,15GCCE101055,15GCCE101055,No Information,General,School of Civil Engineering,B.Tech/B.Tech (Hons) Civil Engineering,School of Civil Engineering,B Tech Civil Engineering 2015-16 III Sem VI,3.12E+11,Fine Fee,0,5000,0,0,0,0,0,0,0,
235453,26-07-2016,2016-2017,2016-2017,AIE,RCPT,820779,15GCCE101055,15GCCE101055,No Information,General,School of Civil Engineering,B.Tech/B.Tech (Hons) Civil Engineering,School of Civil Engineering,B Tech Civil Engineering 2015-16 III Sem VI,3.12E+11,Tuition Fee (Back Paper),0,9000,0,0,0,0,0,0,0,
235454,26-07-2016,2016-2017,2016-2017,AIE,RCPT,820779,15GCCE101055,15GCCE101055,No Information,General,School of Civil Engineering,B.Tech/B.Tech (Hons) Civil Engineering,School of Civil Engineering,B Tech Civil Engineering 2015-16 III Sem VI,3.12E+11,Exam Fee (Back Paper),0,2500,0,0,0,0,0,0,0,
235455,26-07-2016,2016-2017,2016-2017,AIE,RCPT,825600,14CECE103034,14CECE103034,Alumni,General,School of Electrical Electronics & Communication Engineering,B.Tech/B.Tech (Hons) Electronics & Communications Engineering,School of Electrical  Electronics,ELECTRONICS AND COMMUNICATION ENGINEERING-2014-15 IV Sem VIII,2.42E+11,Library BookC Recieved,0,300,0,0,0,0,0,0,0,
235456,26-07-2016,2016-2017,2016-2017,AIE,RCPT,825613,14CECE103033,14CECE103033,Alumni,General,School of Electrical Electronics & Communication Engineering,B.Tech/B.Tech (Hons) Electronics & Communications Engineering,School of Electrical  Electronics,ELECTRONICS AND COMMUNICATION ENGINEERING-2014-15 IV Sem VIII,2.42E+11,Library BookC Recieved,0,300,0,0,0,0,0,0,0,
235457,26-07-2016,2016-2017,2016-2017,AIE,RCPT,825641,14CECE103031,14CECE103031,Alumni,General,School of Electrical Electronics & Communication Engineering,B.Tech/B.Tech (Hons) Electronics & Communications Engineering,School of Electrical  Electronics,ELECTRONICS AND COMMUNICATION ENGINEERING-2014-15 IV Sem VIII,2.42E+11,Library BookC Recieved,0,300,0,0,0,0,0,0,0,
235458,26-07-2016,2016-2017,2016-2017,AIE,RCPT,830405,14CCCE101239,14CCCE101239,Alumni,General,School of Computing Science & Engineering,B.Tech/B.Tech (Hons) Computer Science Engineering,School of Computing Science,B.Tech in CSE 2014-15 IV Sem VIII,2.22E+11,Library BookC Recieved,0,400,0,0,0,0,0,0,0,
235459,26-07-2016,2016-2017,2016-2017,AIE,RCPT,825852,14CECE103003,14CECE103003,Alumni,General,School of Electrical Electronics & Communication Engineering,B.Tech/B.Tech (Hons) Electronics & Communications Engineering,School of Electrical  Electronics,ELECTRONICS AND COMMUNICATION ENGINEERING-2014-15 IV Sem VIII,2.42E+11,Library BookC Recieved,0,300,0,0,0,0,0,0,0,
235460,26-07-2016,2016-2017,2016-2017,AIE,RCPT,826185,14CCCE203031,14CCCE203031,No Information,General,School of Computing Science & Engineering,MCA,School of Computing Science,MCA 2017-2018 III Sem VI,2.22E+11,Fine Fee,0,1000,0,0,0,0,0,0,0,
235461,26-07-2016,2016-2017,2016-2017,AIE,RCPT,826185,14CCCE203031,14CCCE203031,No Information,General,School of Computing Science & Engineering,MCA,School of Computing Science,MCA 2017-2018 III Sem VI,2.22E+11,Tuition Fee (Back Paper),0,1800,0,0,0,0,0,0,0,
235462,26-07-2016,2016-2017,2016-2017,AIE,RCPT,826185,14CCCE203031,14CCCE203031,No Information,General,School of Computing Science & Engineering,MCA,School of Computing Science,MCA 2017-2018 III Sem VI,2.22E+11,Exam Fee (Back Paper),0,500,0,0,0,0,0,0,0,
235463,26-07-2016,2016-2017,2016-2017,AIE,RCPT,755013,16GCOB101345,16GCOB101345,Year Back,General,School of Business,Bachelor of Business Administration,School of Business,Bachelor of Business Administration 2016-17 II Sem IV,2.22E+11,Fine Fee,0,5000,0,0,0,0,0,0,0,
235464,26-07-2016,2016-2017,2016-2017,AIE,RCPT,755013,16GCOB101345,16GCOB101345,Year Back,General,School of Business,Bachelor of Business Administration,School of Business,Bachelor of Business Administration 2016-17 II Sem IV,2.22E+11,Tuition Fee (Back Paper),0,9000,0,0,0,0,0,0,0,
235465,26-07-2016,2016-2017,2016-2017,AIE,RCPT,755013,16GCOB101345,16GCOB101345,Year Back,General,School of Business,Bachelor of Business Administration,School of Business,Bachelor of Business Administration 2016-17 II Sem IV,2.22E+11,Exam Fee (Back Paper),0,2500,0,0,0,0,0,0,0,
235466,26-07-2016,2016-2017,2016-2017,AIE,RCPT,826566,14CCCE108002,14CCCE108002,Alumni,General,School of Computing Science & Engineering,B.Tech (Hons) in Computer Science & Engineering with Specialization in Business Analytics,School of Computing Science,B.Tech in CSBA 2014-15 IV Sem VIII,2.22E+11,Library BookC Recieved,0,400,0,0,0,0,0,0,0,
235467,26-07-2016,2016-2017,2016-2017,AIE,RCPT,742460,16CCCE101282,16CCCE101282,Alumni,General,School of Computing Science & Engineering,B.Tech/B.Tech (Hons) Computer Science Engineering,School of Computing Science,B.Tech in CSE 2016-17 IV Sem VIII,2.22E+11,TUITION FEE,0,134000,0,0,0,0,0,0,0,
235468,26-07-2016,2016-2017,2016-2017,AIE,RCPT,826058,14CECE101008,14CECE101008,Alumni,General,School of Electrical Electronics & Communication Engineering,B.Tech/B.Tech (Hons) Electrical & Electronics Engineering,School of Electrical  Electronics,Electrical and Electronics Engineering-2014-15 IV Sem VIII,2.42E+11,Library BookC Recieved,0,300,0,0,0,0,0,0,0,
235469,26-07-2016,2016-2017,2016-2017,NRI,RCPT,825880,14CECE101025,14CECE101025,Alumni,General,School of Electrical Electronics & Communication Engineering,B.Tech/B.Tech (Hons) Electrical & Electronics Engineering,School of Electrical  Electronics,Electrical and Electronics Engineering-2014-15 IV Sem VIII,2.42E+11,Library BookC Recieved,0,300,0,0,0,0,0,0,0,
235470,26-07-2016,2016-2017,2016-2017,AIE,RCPT,752550,16GCOL101012,16GCOL101012,Alumni,General,School of Law,Bachelor of Law (LLB) (Hons.),School of Law,LLB 2016-2017 IV Sem VII,1.92E+11,TUITION FEE,0,60000,0,0,0,0,0,0,0,
235471,26-07-2016,2016-2017,2016-2017,AIE,RCPT,752550,16GCOL101012,16GCOL101012,Alumni,General,School of Law,Bachelor of Law (LLB) (Hons.),School of Law,LLB 2016-2017 IV Sem VII,1.92E+11,Exam Fee,0,10000,0,0,0,0,0,0,0,
235472,26-07-2016,2016-2017,2016-2017,AIE,RCPT,752558,16GCOL101011,16GCOL101011,Alumni,General,School of Law,Bachelor of Law (LLB) (Hons.),School of Law,LLB 2016-2017 IV Sem VII,1.92E+11,TUITION FEE,0,60000,0,0,0,0,0,0,0,
235473,26-07-2016,2016-2017,2016-2017,AIE,RCPT,752558,16GCOL101011,16GCOL101011,Alumni,General,School of Law,Bachelor of Law (LLB) (Hons.),School of Law,LLB 2016-2017 IV Sem VII,1.92E+11,Exam Fee,0,10000,0,0,0,0,0,0,0,
235474,26-07-2016,2016-2017,2016-2017,AIE,RCPT,825549,14CECE103041,14CECE103041,Alumni,General,School of Electrical Electronics & Communication Engineering,B.Tech/B.Tech (Hons) Electronics & Communications Engineering,School of Electrical  Electronics,ELECTRONICS AND COMMUNICATION ENGINEERING-2014-15 IV Sem VIII,2.42E+11,Library BookC Recieved,0,300,0,0,0,0,0,0,0,
235475,26-07-2016,2016-2017,2016-2017,AIE,RCPT,825516,14CECE103044,14CECE103044,No Information,General,School of Electrical Electronics & Communication Engineering,B.Tech/B.Tech (Hons) Electronics & Communications Engineering,School of Electrical  Electronics,ELECTRONICS AND COMMUNICATION ENGINEERING-2015-16 III Sem VI,2.42E+11,Library BookC Recieved,0,400,0,0,0,0,0,0,0,
235476,26-07-2016,2016-2017,2016-2017,AIE,RCPT,833953,14CCME103094,14CCME103094,Alumni,General,School of Civil Engineering,B.Tech/B.Tech (Hons) Civil Engineering,School of Civil Engineering,B Tech Civil Engineering 2014-15 IV Sem VIII,2.32E+11,Fine Fee,0,5000,0,0,0,0,0,0,0,
235477,26-07-2016,2016-2017,2016-2017,AIE,RCPT,833953,14CCME103094,14CCME103094,Alumni,General,School of Civil Engineering,B.Tech/B.Tech (Hons) Civil Engineering,School of Civil Engineering,B Tech Civil Engineering 2014-15 IV Sem VIII,2.32E+11,Tuition Fee (Back Paper),0,9000,0,0,0,0,0,0,0,
235478,26-07-2016,2016-2017,2016-2017,AIE,RCPT,833953,14CCME103094,14CCME103094,Alumni,General,School of Civil Engineering,B.Tech/B.Tech (Hons) Civil Engineering,School of Civil Engineering,B Tech Civil Engineering 2014-15 IV Sem VIII,2.32E+11,Exam Fee (Back Paper),0,2500,0,0,0,0,0,0,0,
235479,26-07-2016,2016-2017,2016-2017,AIE,RCPT,833951,14CCME103094,14CCME103094,Alumni,General,School of Civil Engineering,B.Tech/B.Tech (Hons) Civil Engineering,School of Civil Engineering,B Tech Civil Engineering 2014-15 IV Sem VIII,2.32E+11,Exam Fee (Back Paper),0,500,0,0,0,0,0,0,0,
235480,26-07-2016,2016-2017,2016-2017,AIE,RCPT,833707,14CCME103114,14CCME103114,Alumni,General,School of Civil Engineering,B.Tech/B.Tech (Hons) Civil Engineering,School of Civil Engineering,B Tech Civil Engineering 2014-15 IV Sem VIII,2.32E+11,Fine Fee,0,1000,0,0,0,0,0,0,0,
235481,26-07-2016,2016-2017,2016-2017,AIE,RCPT,833707,14CCME103114,14CCME103114,Alumni,General,School of Civil Engineering,B.Tech/B.Tech (Hons) Civil Engineering,School of Civil Engineering,B Tech Civil Engineering 2014-15 IV Sem VIII,2.32E+11,Tuition Fee (Back Paper),0,1800,0,0,0,0,0,0,0,
235482,26-07-2016,2016-2017,2016-2017,AIE,RCPT,833707,14CCME103114,14CCME103114,Alumni,General,School of Civil Engineering,B.Tech/B.Tech (Hons) Civil Engineering,School of Civil Engineering,B Tech Civil Engineering 2014-15 IV Sem VIII,2.32E+11,Exam Fee (Back Paper),0,500,0,0,0,0,0,0,0,
235483,26-07-2016,2016-2017,2016-2017,AIE,RCPT,834417,14CCME103050,14CCME103050,Alumni,General,School of Civil Engineering,B.Tech/B.Tech (Hons) Civil Engineering,School of Civil Engineering,B Tech Civil Engineering 2014-15 IV Sem VIII,2.32E+11,Fine Fee,0,5000,0,0,0,0,0,0,0,
235484,26-07-2016,2016-2017,2016-2017,AIE,RCPT,834417,14CCME103050,14CCME103050,Alumni,General,School of Civil Engineering,B.Tech/B.Tech (Hons) Civil Engineering,School of Civil Engineering,B Tech Civil Engineering 2014-15 IV Sem VIII,2.32E+11,Tuition Fee (Back Paper),0,9000,0,0,0,0,0,0,0,
235485,26-07-2016,2016-2017,2016-2017,AIE,RCPT,834417,14CCME103050,14CCME103050,Alumni,General,School of Civil Engineering,B.Tech/B.Tech (Hons) Civil Engineering,School of Civil Engineering,B Tech Civil Engineering 2014-15 IV Sem VIII,2.32E+11,Exam Fee (Back Paper),0,2500,0,0,0,0,0,0,0,
235486,26-07-2016,2016-2017,2016-2017,CCAB,RCPT,835464,14CCME101487,14CCME101487,Alumni,General,School of Computing Science & Engineering,B.Tech/B.Tech (Hons) Computer Science Engineering,School of Computing Science,B.Tech in CSE 2014-15 IV Sem VIII,2.22E+11,Library BookC Recieved,0,300,0,0,0,0,0,0,0,
235487,26-07-2016,2016-2017,2016-2017,AIE,RCPT,835673,14CCME101464,14CCME101464,Alumni,General,School of Mechanical Engineering,B.Tech/B.Tech (Hons) Mechanical Engineering,School of Mechanical Engineering,ME 2014-2015 IV Sem VIII,2.32E+11,Fine Fee,0,1000,0,0,0,0,0,0,0,
235488,26-07-2016,2016-2017,2016-2017,AIE,RCPT,835673,14CCME101464,14CCME101464,Alumni,General,School of Mechanical Engineering,B.Tech/B.Tech (Hons) Mechanical Engineering,School of Mechanical Engineering,ME 2014-2015 IV Sem VIII,2.32E+11,Tuition Fee (Back Paper),0,1800,0,0,0,0,0,0,0,
235489,26-07-2016,2016-2017,2016-2017,AIE,RCPT,835673,14CCME101464,14CCME101464,Alumni,General,School of Mechanical Engineering,B.Tech/B.Tech (Hons) Mechanical Engineering,School of Mechanical Engineering,ME 2014-2015 IV Sem VIII,2.32E+11,Exam Fee (Back Paper),0,500,0,0,0,0,0,0,0,
235490,26-07-2016,2016-2017,2016-2017,CCAB,RCPT,835466,14CCME101487,14CCME101487,Alumni,General,School of Computing Science & Engineering,B.Tech/B.Tech (Hons) Computer Science Engineering,School of Computing Science,B.Tech in CSE 2014-15 IV Sem VIII,2.22E+11,Exam Fee (Back Paper),0,1000,0,0,0,0,0,0,0,
235491,26-07-2016,2016-2017,2016-2017,CCAB,RCPT,835465,14CCME101487,14CCME101487,Alumni,General,School of Computing Science & Engineering,B.Tech/B.Tech (Hons) Computer Science Engineering,School of Computing Science,B.Tech in CSE 2014-15 IV Sem VIII,2.22E+11,Fine Fee,0,2000,0,0,0,0,0,0,0,
235492,26-07-2016,2016-2017,2016-2017,CCAB,RCPT,835465,14CCME101487,14CCME101487,Alumni,General,School of Computing Science & Engineering,B.Tech/B.Tech (Hons) Computer Science Engineering,School of Computing Science,B.Tech in CSE 2014-15 IV Sem VIII,2.22E+11,Tuition Fee (Back Paper),0,3600,0,0,0,0,0,0,0,
235493,26-07-2016,2016-2017,2016-2017,AIE,RCPT,833620,14CCME103121,14CCME103121,Alumni,General,School of Civil Engineering,B.Tech/B.Tech (Hons) Civil Engineering,School of Civil Engineering,B Tech Civil Engineering 2014-15 IV Sem VIII,2.32E+11,Fine Fee,0,2000,0,0,0,0,0,0,0,
235494,26-07-2016,2016-2017,2016-2017,AIE,RCPT,833620,14CCME103121,14CCME103121,Alumni,General,School of Civil Engineering,B.Tech/B.Tech (Hons) Civil Engineering,School of Civil Engineering,B Tech Civil Engineering 2014-15 IV Sem VIII,2.32E+11,Tuition Fee (Back Paper),0,3600,0,0,0,0,0,0,0,
235495,26-07-2016,2016-2017,2016-2017,AIE,RCPT,833620,14CCME103121,14CCME103121,Alumni,General,School of Civil Engineering,B.Tech/B.Tech (Hons) Civil Engineering,School of Civil Engineering,B Tech Civil Engineering 2014-15 IV Sem VIII,2.32E+11,Exam Fee (Back Paper),0,1000,0,0,0,0,0,0,0,
235496,26-07-2016,2016-2017,2016-2017,AIE,RCPT,833329,14CCME103145,14CCME103145,Alumni,General,School of Civil Engineering,B.Tech/B.Tech (Hons) Civil Engineering,School of Civil Engineering,B Tech Civil Engineering 2014-15 IV Sem VIII,2.32E+11,Fine Fee,0,1000,0,0,0,0,0,0,0,
235497,26-07-2016,2016-2017,2016-2017,AIE,RCPT,833329,14CCME103145,14CCME103145,Alumni,General,School of Civil Engineering,B.Tech/B.Tech (Hons) Civil Engineering,School of Civil Engineering,B Tech Civil Engineering 2014-15 IV Sem VIII,2.32E+11,Tuition Fee (Back Paper),0,1800,0,0,0,0,0,0,0,
235498,26-07-2016,2016-2017,2016-2017,AIE,RCPT,833329,14CCME103145,14CCME103145,Alumni,General,School of Civil Engineering,B.Tech/B.Tech (Hons) Civil Engineering,School of Civil Engineering,B Tech Civil Engineering 2014-15 IV Sem VIII,2.32E+11,Exam Fee (Back Paper),0,500,0,0,0,0,0,0,0,
235499,26-07-2016,2016-2017,2016-2017,AIE,RCPT,825383,14CECE103062,14CECE103062,Alumni,General,School of Electrical Electronics & Communication Engineering,B.Tech/B.Tech (Hons) Electronics & Communications Engineering,School of Electrical  Electronics,ELECTRONICS AND COMMUNICATION ENGINEERING-2014-15 IV Sem VIII,2.42E+11,Library BookC Recieved,0,300,0,0,0,0,0,0,0,
235500,26-07-2016,2016-2017,2016-2017,AIE,RCPT,825386,14CECE103062,14CECE103062,Alumni,General,School of Electrical Electronics & Communication Engineering,B.Tech/B.Tech (Hons) Electronics & Communications Engineering,School of Electrical  Electronics,ELECTRONICS AND COMMUNICATION ENGINEERING-2014-15 IV Sem VIII,2.42E+11,Fine Fee,0,1000,0,0,0,0,0,0,0,
235501,26-07-2016,2016-2017,2016-2017,AIE,RCPT,825386,14CECE103062,14CECE103062,Alumni,General,School of Electrical Electronics & Communication Engineering,B.Tech/B.Tech (Hons) Electronics & Communications Engineering,School of Electrical  Electronics,ELECTRONICS AND COMMUNICATION ENGINEERING-2014-15 IV Sem VIII,2.42E+11,Tuition Fee (Back Paper),0,1800,0,0,0,0,0,0,0,
235502,26-07-2016,2016-2017,2016-2017,AIE,RCPT,825386,14CECE103062,14CECE103062,Alumni,General,School of Electrical Electronics & Communication Engineering,B.Tech/B.Tech (Hons) Electronics & Communications Engineering,School of Electrical  Electronics,ELECTRONICS AND COMMUNICATION ENGINEERING-2014-15 IV Sem VIII,2.42E+11,Exam Fee (Back Paper),0,500,0,0,0,0,0,0,0,
235503,26-07-2016,2016-2017,2016-2017,AIE,RCPT,825426,14CECE103053,14CECE103053,Alumni,General,School of Electrical Electronics & Communication Engineering,B.Tech/B.Tech (Hons) Electronics & Communications Engineering,School of Electrical  Electronics,ELECTRONICS AND COMMUNICATION ENGINEERING-2014-15 IV Sem VIII,2.42E+11,Library BookC Recieved,0,300,0,0,0,0,0,0,0,
235504,26-07-2016,2016-2017,2016-2017,AIE,RCPT,825309,14CECE104002,14CECE104002,Alumni,General,School of Electrical Electronics & Communication Engineering,Integrated B.Tech (ECE) + MBA,School of Electrical  Electronics,Integrated B.Tech (ECE) + MBA 2014-15 V Sem X,2.42E+11,Library BookC Recieved,0,300,0,0,0,0,0,0,0,
235505,26-07-2016,2016-2017,2016-2017,AIE,RCPT,752416,16GCOL102003,16GCOL102003,Active,General,School of Law,Integrated BA + LLB (Hons.),School of Law,BALLB 2016-2017 V SEM X,1.92E+11,TUITION FEE,0,55000,0,0,0,0,0,0,0,
235506,26-07-2016,2016-2017,2016-2017,AIE,RCPT,825134,14CECE105018,14CECE105018,Alumni,General,School of Electrical Electronics & Communication Engineering,B.Tech/B.Tech (Hons) Electrical Engineering,School of Electrical  Electronics,Electrical Engineering-2014-15 IV Sem VIII,2.42E+11,Library BookC Recieved,0,300,0,0,0,0,0,0,0,
235507,26-07-2016,2016-2017,2016-2017,AIE,RCPT,830466,14CCCE101233,14CCCE101233,Cancelled,General,School of Computing Science & Engineering,B.Tech/B.Tech (Hons) Computer Science Engineering,School of Computing Science,B.Tech in CSE 2014-15 IV Sem VIII,2.22E+11,Library BookC Recieved,0,400,0,0,0,0,0,0,0,
235508,26-07-2016,2016-2017,2016-2017,AIE,RCPT,825182,14CECE105013,14CECE105013,Alumni,General,School of Electrical Electronics & Communication Engineering,B.Tech/B.Tech (Hons) Electrical Engineering,School of Electrical  Electronics,Electrical Engineering-2014-15 IV Sem VIII,2.42E+11,Library BookC Recieved,0,300,0,0,0,0,0,0,0,
235509,26-07-2016,2016-2017,2016-2017,AIE,RCPT,826593,14CCCE107022,14CCCE107022,Alumni,General,School of Computing Science & Engineering,B.Tech (Hons) in Computer Science & Engineering with Specialization in Business Analytics,School of Computing Science,B.Tech in CSBA 2014-15 IV Sem VIII,2.22E+11,Degree/Convocation/Certificate fee,0,400,0,0,0,0,0,0,0,
235510,26-07-2016,2016-2017,2016-2017,AIE,RCPT,741569,16CCCE101345,16CCCE101345,Alumni,General,School of Computing Science & Engineering,B.Tech/B.Tech (Hons) Computer Science Engineering,School of Computing Science,B.Tech in CSE 2016-17 IV Sem VIII,2.22E+11,TUITION FEE,0,149000,0,0,0,0,0,0,0,
235511,26-07-2016,2016-2017,2016-2017,AIE,RCPT,827314,14CCCE105071,14CCCE105071,Alumni,General,School of Computing Science & Engineering,B.Tech (Hons) in Computer Science & Engineering with Specialization in Cloud Computing & Virtualizations,School of Computing Science,B.Tech in CSCC 2014-15 IV Sem VIII,2.22E+11,Library BookC Recieved,0,400,0,0,0,0,0,0,0,
235512,26-07-2016,2016-2017,2016-2017,AIE,RCPT,827320,14CCCE105070,14CCCE105070,Alumni,General,School of Computing Science & Engineering,B.Tech (Hons) in Computer Science & Engineering with Specialization in Cloud Computing & Virtualizations,School of Computing Science,B.Tech in CSCC 2014-15 IV Sem VIII,2.22E+11,Library BookC Recieved,0,400,0,0,0,0,0,0,0,
235513,26-07-2016,2016-2017,2016-2017,AIE,RCPT,756756,16GCOB101152,16GCOB101152,Alumni,General,School of Business,Bachelor of Business Administration,School of Business,Bachelor of Business Administration 2016-17 IV Sem VII,1.32E+11,TUITION FEE,0,30000,0,0,0,0,0,0,0,
235514,26-07-2016,2016-2017,2016-2017,AIE,RCPT,756756,16GCOB101152,16GCOB101152,Alumni,General,School of Business,Bachelor of Business Administration,School of Business,Bachelor of Business Administration 2016-17 IV Sem VII,1.32E+11,Exam Fee,0,10000,0,0,0,0,0,0,0,
235515,26-07-2016,2016-2017,2016-2017,AIE,RCPT,827327,14CCCE105069,14CCCE105069,Alumni,General,School of Computing Science & Engineering,B.Tech (Hons) in Computer Science & Engineering with Specialization in Cloud Computing & Virtualizations,School of Computing Science,B.Tech in CSCC 2014-15 IV Sem VIII,2.22E+11,Library BookC Recieved,0,400,0,0,0,0,0,0,0,
235516,26-07-2016,2016-2017,2016-2017,AIE,RCPT,756767,16GCOB101151,16GCOB101151,Alumni,General,School of Business,Bachelor of Business Administration,School of Business,Bachelor of Business Administration 2016-17 IV Sem VII,1.32E+11,TUITION FEE,0,77000,0,0,0,0,0,0,0,
235517,26-07-2016,2016-2017,2016-2017,AIE,RCPT,756767,16GCOB101151,16GCOB101151,Alumni,General,School of Business,Bachelor of Business Administration,School of Business,Bachelor of Business Administration 2016-17 IV Sem VII,1.32E+11,Exam Fee,0,10000,0,0,0,0,0,0,0,
235518,26-07-2016,2016-2017,2016-2017,AIE,RCPT,827264,14CCCE105076,14CCCE105076,Alumni,General,School of Computing Science & Engineering,B.Tech (Hons) in Computer Science & Engineering with Specialization in Cloud Computing & Virtualizations,School of Computing Science,B.Tech in CSCC 2014-15 IV Sem VIII,2.22E+11,Library BookC Recieved,0,400,0,0,0,0,0,0,0,
235519,26-07-2016,2016-2017,2016-2017,AIE,RCPT,827228,14CCCE105080,14CCCE105080,Alumni,General,School of Computing Science & Engineering,B.Tech (Hons) in Computer Science & Engineering with Specialization in Cloud Computing & Virtualizations,School of Computing Science,B.Tech in CSCC 2014-15 IV Sem VIII,2.22E+11,Library BookC Recieved,0,400,0,0,0,0,0,0,0,
235520,26-07-2016,2016-2017,2016-2017,AIE,RCPT,756782,16GCOB101150,16GCOB101150,Alumni,General,School of Business,Bachelor of Business Administration,School of Business,Bachelor of Business Administration 2016-17 IV Sem VII,1.32E+11,TUITION FEE,0,77000,0,0,0,0,0,0,0,
235521,26-07-2016,2016-2017,2016-2017,AIE,RCPT,756782,16GCOB101150,16GCOB101150,Alumni,General,School of Business,Bachelor of Business Administration,School of Business,Bachelor of Business Administration 2016-17 IV Sem VII,1.32E+11,Exam Fee,0,10000,0,0,0,0,0,0,0,
235522,26-07-2016,2016-2017,2016-2017,AIE,RCPT,827242,14CCCE105079,14CCCE105079,Alumni,General,School of Computing Science & Engineering,B.Tech (Hons) in Computer Science & Engineering with Specialization in Cloud Computing & Virtualizations,School of Computing Science,B.Tech in CSCC 2014-15 IV Sem VIII,2.22E+11,Exam Fee (Back Paper),0,3500,0,0,0,0,0,0,0,
235523,26-07-2016,2016-2017,2016-2017,AIE,RCPT,756748,16GCOB101153,16GCOB101153,No Information,General,School of Business,Bachelor of Business Administration,School of Business,Bachelor of Business Administration 2016-17 II Sem IV,1.32E+11,TUITION FEE,0,15000,0,0,0,0,0,0,0,
235524,26-07-2016,2016-2017,2016-2017,AIE,RCPT,756748,16GCOB101153,16GCOB101153,No Information,General,School of Business,Bachelor of Business Administration,School of Business,Bachelor of Business Administration 2016-17 II Sem IV,1.32E+11,Exam Fee,0,10000,0,0,0,0,0,0,0,
235525,26-07-2016,2016-2017,2016-2017,AIE,RCPT,827389,14CCCE105064,14CCCE105064,Alumni,General,School of Computing Science & Engineering,B.Tech (Hons) in Computer Science & Engineering with Specialization in Cloud Computing & Virtualizations,School of Computing Science,B.Tech in CSCC 2014-15 IV Sem VIII,2.22E+11,Library BookC Recieved,0,100,0,0,0,0,0,0,0,
235526,26-07-2016,2016-2017,2016-2017,AIE,RCPT,827570,14CCCE105045,14CCCE105045,Alumni,General,School of Computing Science & Engineering,B.Tech (Hons) in Computer Science & Engineering with Specialization in Cloud Computing & Virtualizations,School of Computing Science,B.Tech in CSCC 2014-15 IV Sem VIII,2.22E+11,Library BookC Recieved,0,400,0,0,0,0,0,0,0,
235527,26-07-2016,2016-2017,2016-2017,AIE,RCPT,827616,14CcCe105036,14CcCe105036,Alumni,General,School of Computing Science & Engineering,B.Tech (Hons) in Computer Science & Engineering with Specialization in Cloud Computing & Virtualizations,School of Computing Science,B.Tech in CSCC 2014-15 IV Sem VIII,2.22E+11,Library BookC Recieved,0,400,0,0,0,0,0,0,0,
235528,26-07-2016,2016-2017,2016-2017,AIE,RCPT,827701,14CCCE105022,14CCCE105022,Alumni,General,School of Computing Science & Engineering,B.Tech (Hons) in Computer Science & Engineering with Specialization in Cloud Computing & Virtualizations,School of Computing Science,B.Tech in CSCC 2014-15 IV Sem VIII,2.22E+11,Library BookC Recieved,0,400,0,0,0,0,0,0,0,
235529,26-07-2016,2016-2017,2016-2017,,RCPT,827524,14CCCE105052,14CCCE105052,Alumni,General,School of Computing Science & Engineering,B.Tech (Hons) in Computer Science & Engineering with Specialization in Cloud Computing & Virtualizations,School of Computing Science,B.Tech in CSCC 2014-15 IV Sem VIII,2.22E+11,Library BookC Recieved,0,400,0,0,0,0,0,0,0,
235530,26-07-2016,2016-2017,2016-2017,AIE,RCPT,827456,14CCCE105059,14CCCE105059,Alumni,General,School of Computing Science & Engineering,B.Tech (Hons) in Computer Science & Engineering with Specialization in Cloud Computing & Virtualizations,School of Computing Science,B.Tech in CSCC 2014-15 IV Sem VIII,2.22E+11,Library BookC Recieved,0,400,0,0,0,0,0,0,0,
235531,26-07-2016,2016-2017,2016-2017,AIE,RCPT,756743,16GCOB101154,16GCOB101154,Alumni,General,School of Business,Bachelor of Business Administration,School of Business,Bachelor of Business Administration 2016-17 IV Sem VII,1.32E+11,TUITION FEE,0,35000,0,0,0,0,0,0,0,
235532,26-07-2016,2016-2017,2016-2017,AIE,RCPT,827390,14CCCE105064,14CCCE105064,Alumni,General,School of Computing Science & Engineering,B.Tech (Hons) in Computer Science & Engineering with Specialization in Cloud Computing & Virtualizations,School of Computing Science,B.Tech in CSCC 2014-15 IV Sem VIII,2.22E+11,Library BookC Recieved,0,300,0,0,0,0,0,0,0,
235533,26-07-2016,2016-2017,2016-2017,AIE,RCPT,827443,14CCCE105060,14CCCE105060,Alumni,General,School of Computing Science & Engineering,B.Tech (Hons) in Computer Science & Engineering with Specialization in Cloud Computing & Virtualizations,School of Computing Science,B.Tech in CSCC 2014-15 IV Sem VIII,2.22E+11,Library BookC Recieved,0,400,0,0,0,0,0,0,0,
235534,26-07-2016,2016-2017,2016-2017,AIE,RCPT,827215,14CCCE105081,14CCCE105081,Alumni,General,School of Computing Science & Engineering,B.Tech (Hons) in Computer Science & Engineering with Specialization in Cloud Computing & Virtualizations,School of Computing Science,B.Tech in CSCC 2014-15 IV Sem VIII,2.22E+11,Library BookC Recieved,0,400,0,0,0,0,0,0,0,
235535,26-07-2016,2016-2017,2016-2017,AIE,RCPT,756789,16GCOB101149,16GCOB101149,Alumni,General,School of Business,Bachelor of Business Administration,School of Business,Bachelor of Business Administration 2016-17 IV Sem VII,1.32E+11,TUITION FEE,0,77000,0,0,0,0,0,0,0,
235536,26-07-2016,2016-2017,2016-2017,AIE,RCPT,756789,16GCOB101149,16GCOB101149,Alumni,General,School of Business,Bachelor of Business Administration,School of Business,Bachelor of Business Administration 2016-17 IV Sem VII,1.32E+11,Exam Fee,0,10000,0,0,0,0,0,0,0,
235537,26-07-2016,2016-2017,2016-2017,AIE,RCPT,826764,14CCCE107008,14CCCE107008,Alumni,General,School of Computing Science & Engineering,B.Tech (Hons) in Computer Science & Engineering with Specialization in Business Analytics,School of Computing Science,B.Tech in CSBA 2014-15 IV Sem VIII,2.22E+11,Library BookC Recieved,0,400,0,0,0,0,0,0,0,
235538,26-07-2016,2016-2017,2016-2017,AIE,RCPT,826794,14CCCE107003,14CCCE107003,Alumni,General,School of Computing Science & Engineering,B.Tech (Hons) in Computer Science & Engineering with Specialization in Business Analytics,School of Computing Science,B.Tech in CSBA 2014-15 IV Sem VIII,2.22E+11,Library BookC Recieved,0,400,0,0,0,0,0,0,0,
235539,26-07-2016,2016-2017,2016-2017,AIE,RCPT,826876,14CCCE106007,14CCCE106007,Alumni,General,School of Computing Science & Engineering,B.Tech (Hons) in Computer Science & Engineering with Specialization in Business Analytics,School of Computing Science,B.Tech in CSBA 2014-15 IV Sem VIII,2.22E+11,Degree/Convocation/Certificate fee,0,400,0,0,0,0,0,0,0,
235540,26-07-2016,2016-2017,2016-2017,AIE,RCPT,826737,14CCCE107010,14CCCE107010,Alumni,General,School of Computing Science & Engineering,B.Tech (Hons) in Computer Science & Engineering with Specialization in Business Analytics,School of Computing Science,B.Tech in CSBA 2014-15 IV Sem VIII,2.22E+11,Library BookC Recieved,0,400,0,0,0,0,0,0,0,
235541,26-07-2016,2016-2017,2016-2017,AIE,RCPT,880159,12CET101126,12CET101126,Alumni,General,School of Computing Science & Engineering,B.Tech/B.Tech (Hons) Computer Science Engineering,School of Computing Science,B.Tech/B.Tech (Hons) Computer Science Engineering 2012-2013 IV Sem VIII,1.12E+11,Exam Fee (Back Paper),0,500,0,0,0,0,0,0,0,
235542,26-07-2016,2016-2017,2016-2017,AIE,RCPT,826668,14CcCe107017,14CcCe107017,Alumni,General,School of Computing Science & Engineering,B.Tech (Hons) in Computer Science & Engineering with Specialization in Business Analytics,School of Computing Science,B.Tech in CSBA 2014-15 IV Sem VIII,2.22E+11,Library BookC Recieved,0,400,0,0,0,0,0,0,0,
235543,26-07-2016,2016-2017,2016-2017,,RCPT,826684,14CCCE107016,14CCCE107016,Alumni,General,School of Computing Science & Engineering,B.Tech (Hons) in Computer Science & Engineering with Specialization in Business Analytics,School of Computing Science,B.Tech in CSBA 2014-15 IV Sem VIII,2.22E+11,Library BookC Recieved,0,400,0,0,0,0,0,0,0,
235544,26-07-2016,2016-2017,2016-2017,AIE,RCPT,826702,14CCCE107013,14CCCE107013,Alumni,General,School of Computing Science & Engineering,B.Tech (Hons) in Computer Science & Engineering with Specialization in Business Analytics,School of Computing Science,B.Tech in CSBA 2014-15 IV Sem VIII,2.22E+11,Library BookC Recieved,0,400,0,0,0,0,0,0,0,
235545,26-07-2016,2016-2017,2016-2017,AIE,RCPT,755043,16GCOB101343,16GCOB101343,Alumni,General,School of Business,Bachelor of Business Administration,School of Business,Bachelor of Business Administration 2016-17 III Sem VI,2.22E+11,Fine Fee,0,3000,0,0,0,0,0,0,0,
235546,26-07-2016,2016-2017,2016-2017,AIE,RCPT,755043,16GCOB101343,16GCOB101343,Alumni,General,School of Business,Bachelor of Business Administration,School of Business,Bachelor of Business Administration 2016-17 III Sem VI,2.22E+11,Tuition Fee (Back Paper),0,5400,0,0,0,0,0,0,0,
235547,26-07-2016,2016-2017,2016-2017,AIE,RCPT,755043,16GCOB101343,16GCOB101343,Alumni,General,School of Business,Bachelor of Business Administration,School of Business,Bachelor of Business Administration 2016-17 III Sem VI,2.22E+11,Exam Fee (Back Paper),0,1500,0,0,0,0,0,0,0,
235548,26-07-2016,2016-2017,2016-2017,AIE,RCPT,826966,14CCCE106001,14CCCE106001,Alumni,General,School of Computing Science & Engineering,B.Tech (Hons) in Computer Science & Engineering with Specialization in Open Source Software & Open S,School of Computing Science,B.Tech in CSOS 2014-15 IV Sem VIII,2.22E+11,Library BookC Recieved,0,400,0,0,0,0,0,0,0,
235549,26-07-2016,2016-2017,2016-2017,AIE,RCPT,827171,14CCCE105085,14CCCE105085,Alumni,General,School of Computing Science & Engineering,B.Tech (Hons) in Computer Science & Engineering with Specialization in Cloud Computing & Virtualizations,School of Computing Science,B.Tech in CSCC 2014-15 IV Sem VIII,2.22E+11,Library BookC Recieved,0,400,0,0,0,0,0,0,0,
235550,26-07-2016,2016-2017,2016-2017,AIE,RCPT,827181,14CCCE105084,14CCCE105084,Alumni,General,School of Computing Science & Engineering,B.Tech (Hons) in Computer Science & Engineering with Specialization in Business Analytics,School of Computing Science,B.Tech in CSBA 2014-15 IV Sem VIII,2.22E+11,Library BookC Recieved,0,400,0,0,0,0,0,0,0,
235551,26-07-2016,2016-2017,2016-2017,AIE,RCPT,827190,14CCCE105083,14CCCE105083,Alumni,General,School of Computing Science & Engineering,B.Tech (Hons) in Computer Science & Engineering with Specialization in Cloud Computing & Virtualizations,School of Computing Science,B.Tech in CSCC 2014-15 IV Sem VIII,2.22E+11,Library BookC Recieved,0,400,0,0,0,0,0,0,0,
235552,26-07-2016,2016-2017,2016-2017,AIE,RCPT,827038,14CCCE105094,14CCCE105094,Alumni,General,School of Computing Science & Engineering,B.Tech (Hons) in Computer Science & Engineering with Specialization in Cloud Computing & Virtualizations,School of Computing Science,B.Tech in CSCC 2014-15 IV Sem VIII,2.22E+11,Library BookC Recieved,0,400,0,0,0,0,0,0,0,
235553,26-07-2016,2016-2017,2016-2017,AIE,RCPT,740964,16CCCE101384,16CCCE101384,Alumni,General,School of Computing Science & Engineering,B.Tech/B.Tech (Hons) Computer Science Engineering,School of Computing Science,B.Tech in CSE 2016-17 IV Sem VIII,2.22E+11,TUITION FEE,0,109000,0,0,0,0,0,0,0,
235554,26-07-2016,2016-2017,2016-2017,AIE,RCPT,826979,14CCCE105098,14CCCE105098,Alumni,General,School of Computing Science & Engineering,B.Tech (Hons) in Computer Science & Engineering with Specialization in Cloud Computing & Virtualizations,School of Computing Science,B.Tech in CSCC 2014-15 IV Sem VIII,2.22E+11,Library BookC Recieved,0,400,0,0,0,0,0,0,0,
235555,26-07-2016,2016-2017,2016-2017,AIE,RCPT,826995,14CcCe105097,14CcCe105097,Alumni,General,School of Computing Science & Engineering,B.Tech (Hons) in Computer Science & Engineering with Specialization in Cloud Computing & Virtualizations,School of Computing Science,B.Tech in CSCC 2014-15 IV Sem VIII,2.22E+11,Library BookC Recieved,0,400,0,0,0,0,0,0,0,
235556,26-07-2016,2016-2017,2016-2017,AIE,RCPT,827008,14CcCe105096,14CcCe105096,Active,General,School of Computing Science & Engineering,B.Tech (Hons) in Computer Science & Engineering with Specialization in Cloud Computing & Virtualizations,School of Computing Science,B.Tech in CSCC 2014-15 IV Sem VIII,2.22E+11,Library BookC Recieved,0,400,0,0,0,0,0,0,0,
235557,26-07-2016,2016-2017,2016-2017,AIE,RCPT,835752,14CCME101457,14CCME101457,Alumni,General,School of Computing Science & Engineering,B.Tech/B.Tech (Hons) Computer Science Engineering,School of Computing Science,B.Tech in CSE 2014-15 IV Sem VIII,2.22E+11,Library BookC Recieved,0,100,0,0,0,0,0,0,0,
235558,26-07-2016,2016-2017,2016-2017,AIE,RCPT,835753,14CCME101457,14CCME101457,Alumni,General,School of Computing Science & Engineering,B.Tech/B.Tech (Hons) Computer Science Engineering,School of Computing Science,B.Tech in CSE 2014-15 IV Sem VIII,2.22E+11,Library BookC Recieved,0,300,0,0,0,0,0,0,0,
235559,26-07-2016,2016-2017,2016-2017,AIE,RCPT,746214,16CCCE101006,16CCCE101006,Alumni,General,School of Computing Science & Engineering,B.Tech/B.Tech (Hons) Computer Science Engineering,School of Computing Science,B.Tech in CSE 2016-17 IV Sem VIII,2.22E+11,TUITION FEE,0,110000,0,0,0,0,0,0,0,
235560,26-07-2016,2016-2017,2016-2017,AIE,RCPT,982355,16CCME105008,16CCME105008,Year Back,General,School of Mechanical Engineering,B.Tech/B.Tech (Hons) Automobile Engineering,School of Mechanical Engineering,AE 2017-2018 II Sem III,2.32E+11,TUITION FEE,0,149000,0,0,0,0,0,0,0,
235561,26-07-2016,2016-2017,2016-2017,AIE,RCPT,982355,16CCME105008,16CCME105008,Year Back,General,School of Mechanical Engineering,B.Tech/B.Tech (Hons) Automobile Engineering,School of Mechanical Engineering,AE 2017-2018 II Sem III,2.32E+11,Ajustable_Excess_Amount,0,100000,0,0,0,0,0,0,0,
235562,26-07-2016,2016-2017,2016-2017,AIE,RCPT,982355,16CCME105008,16CCME105008,Year Back,General,School of Mechanical Engineering,B.Tech/B.Tech (Hons) Automobile Engineering,School of Mechanical Engineering,AE 2017-2018 II Sem III,2.32E+11,Exam Fee,0,10000,0,0,0,0,0,0,0,
235563,26-07-2016,2016-2017,2016-2017,AIE,RCPT,843982,14GCOB101007,14GCOB101007,No Information,General,School of Business,Bachelor of Business Administration,School of Business,Bachelor of Business Administration 2015-16 III Sem VI,1.32E+11,Fine Fee,0,4000,0,0,0,0,0,0,0,
235564,26-07-2016,2016-2017,2016-2017,AIE,RCPT,843982,14GCOB101007,14GCOB101007,No Information,General,School of Business,Bachelor of Business Administration,School of Business,Bachelor of Business Administration 2015-16 III Sem VI,1.32E+11,Tuition Fee (Back Paper),0,7200,0,0,0,0,0,0,0,
235565,26-07-2016,2016-2017,2016-2017,AIE,RCPT,843982,14GCOB101007,14GCOB101007,No Information,General,School of Business,Bachelor of Business Administration,School of Business,Bachelor of Business Administration 2015-16 III Sem VI,1.32E+11,Exam Fee (Back Paper),0,2000,0,0,0,0,0,0,0,
235566,26-07-2016,2016-2017,2016-2017,AIE,RCPT,843797,14GCOB101032,14GCOB101032,No Information,General,School of Business,Bachelor of Business Administration,School of Business,Bachelor of Business Administration 2015-16 III Sem VI,1.32E+11,Exam Fee (Back Paper),0,500,0,0,0,0,0,0,0,
235567,26-07-2016,2016-2017,2016-2017,AIE,RCPT,844112,14GCOA101031,14GCOA101031,Alumni,General,School of Architecture,B.Arch,School of Architecture,B Arch 2014-15 V Sem X,3.02E+11,Fine Fee,0,1000,0,0,0,0,0,0,0,
235568,26-07-2016,2016-2017,2016-2017,AIE,RCPT,844112,14GCOA101031,14GCOA101031,Alumni,General,School of Architecture,B.Arch,School of Architecture,B Arch 2014-15 V Sem X,3.02E+11,Tuition Fee (Back Paper),0,1800,0,0,0,0,0,0,0,
235569,26-07-2016,2016-2017,2016-2017,AIE,RCPT,844112,14GCOA101031,14GCOA101031,Alumni,General,School of Architecture,B.Arch,School of Architecture,B Arch 2014-15 V Sem X,3.02E+11,Exam Fee (Back Paper),0,500,0,0,0,0,0,0,0,
235570,26-07-2016,2016-2017,2016-2017,AIE,RCPT,844242,14GCOA101017,14GCOA101017,Alumni,General,School of Architecture,B.Arch,School of Architecture,B Arch 2014-15 V Sem X,3.02E+11,Exam Fee (Back Paper),0,500,0,0,0,0,0,0,0,
235571,26-07-2016,2016-2017,2016-2017,AIE,RCPT,844403,14GCOA101002,14GCOA101002,No Information,General,School of Architecture,B.Arch,School of Architecture,B Arch 2014-15 III Sem VI,3.02E+11,Fine Fee,0,2000,0,0,0,0,0,0,0,
235572,26-07-2016,2016-2017,2016-2017,AIE,RCPT,844403,14GCOA101002,14GCOA101002,No Information,General,School of Architecture,B.Arch,School of Architecture,B Arch 2014-15 III Sem VI,3.02E+11,Tuition Fee (Back Paper),0,3600,0,0,0,0,0,0,0,
235573,26-07-2016,2016-2017,2016-2017,AIE,RCPT,844403,14GCOA101002,14GCOA101002,No Information,General,School of Architecture,B.Arch,School of Architecture,B Arch 2014-15 III Sem VI,3.02E+11,Exam Fee (Back Paper),0,1000,0,0,0,0,0,0,0,
235574,26-07-2016,2016-2017,2016-2017,AIE,RCPT,844364,14GCOA101006,14GCOA101006,Alumni,General,School of Architecture,B.Arch,School of Architecture,B Arch 2014-15 V Sem X,3.02E+11,Fine Fee,0,2000,0,0,0,0,0,0,0,
235575,26-07-2016,2016-2017,2016-2017,AIE,RCPT,844364,14GCOA101006,14GCOA101006,Alumni,General,School of Architecture,B.Arch,School of Architecture,B Arch 2014-15 V Sem X,3.02E+11,Tuition Fee (Back Paper),0,3600,0,0,0,0,0,0,0,
235576,26-07-2016,2016-2017,2016-2017,AIE,RCPT,844364,14GCOA101006,14GCOA101006,Alumni,General,School of Architecture,B.Arch,School of Architecture,B Arch 2014-15 V Sem X,3.02E+11,Exam Fee (Back Paper),0,2000,0,0,0,0,0,0,0,
235577,26-07-2016,2016-2017,2016-2017,AIE,RCPT,844362,14GCOA101006,14GCOA101006,Alumni,General,School of Architecture,B.Arch,School of Architecture,B Arch 2014-15 V Sem X,3.02E+11,Fine Fee,0,1600,0,0,0,0,0,0,0,
235578,26-07-2016,2016-2017,2016-2017,AIE,RCPT,843796,14GCOB101032,14GCOB101032,No Information,General,School of Business,Bachelor of Business Administration,School of Business,Bachelor of Business Administration 2015-16 III Sem VI,1.32E+11,Fine Fee,0,5000,0,0,0,0,0,0,0,
235579,26-07-2016,2016-2017,2016-2017,AIE,RCPT,843796,14GCOB101032,14GCOB101032,No Information,General,School of Business,Bachelor of Business Administration,School of Business,Bachelor of Business Administration 2015-16 III Sem VI,1.32E+11,Tuition Fee (Back Paper),0,9000,0,0,0,0,0,0,0,
235580,26-07-2016,2016-2017,2016-2017,AIE,RCPT,843796,14GCOB101032,14GCOB101032,No Information,General,School of Business,Bachelor of Business Administration,School of Business,Bachelor of Business Administration 2015-16 III Sem VI,1.32E+11,Exam Fee (Back Paper),0,2500,0,0,0,0,0,0,0,
235581,26-07-2016,2016-2017,2016-2017,AIE,RCPT,843735,14GCOB101041,14GCOB101041,No Information,General,School of Business,Bachelor of Business Administration,School of Business,Bachelor of Business Administration 2015-16 III Sem VI,1.32E+11,Fine Fee,0,3000,0,0,0,0,0,0,0,
235582,26-07-2016,2016-2017,2016-2017,AIE,RCPT,843735,14GCOB101041,14GCOB101041,No Information,General,School of Business,Bachelor of Business Administration,School of Business,Bachelor of Business Administration 2015-16 III Sem VI,1.32E+11,Tuition Fee (Back Paper),0,5400,0,0,0,0,0,0,0,
235583,26-07-2016,2016-2017,2016-2017,AIE,RCPT,843735,14GCOB101041,14GCOB101041,No Information,General,School of Business,Bachelor of Business Administration,School of Business,Bachelor of Business Administration 2015-16 III Sem VI,1.32E+11,Exam Fee (Back Paper),0,1500,0,0,0,0,0,0,0,
235584,26-07-2016,2016-2017,2016-2017,AIE,RCPT,843052,14GCOB101129,14GCOB101129,No Information,General,School of Business,Bachelor of Business Administration,School of Business,Bachelor of Business Administration 2015-16 III Sem VI,1.32E+11,Fine Fee,0,5000,0,0,0,0,0,0,0,
235585,26-07-2016,2016-2017,2016-2017,AIE,RCPT,843052,14GCOB101129,14GCOB101129,No Information,General,School of Business,Bachelor of Business Administration,School of Business,Bachelor of Business Administration 2015-16 III Sem VI,1.32E+11,Tuition Fee (Back Paper),0,9000,0,0,0,0,0,0,0,
235586,26-07-2016,2016-2017,2016-2017,AIE,RCPT,843052,14GCOB101129,14GCOB101129,No Information,General,School of Business,Bachelor of Business Administration,School of Business,Bachelor of Business Administration 2015-16 III Sem VI,1.32E+11,Exam Fee (Back Paper),0,2500,0,0,0,0,0,0,0,
235587,26-07-2016,2016-2017,2016-2017,AIE,RCPT,842902,14GCOB101151,14GCOB101151,No Information,General,School of Business,Bachelor of Business Administration,School of Business,Bachelor of Business Administration 2015-16 III Sem VI,1.32E+11,Fine Fee,0,5000,0,0,0,0,0,0,0,
235588,26-07-2016,2016-2017,2016-2017,AIE,RCPT,842902,14GCOB101151,14GCOB101151,No Information,General,School of Business,Bachelor of Business Administration,School of Business,Bachelor of Business Administration 2015-16 III Sem VI,1.32E+11,Tuition Fee (Back Paper),0,9000,0,0,0,0,0,0,0,
235589,26-07-2016,2016-2017,2016-2017,AIE,RCPT,842902,14GCOB101151,14GCOB101151,No Information,General,School of Business,Bachelor of Business Administration,School of Business,Bachelor of Business Administration 2015-16 III Sem VI,1.32E+11,Exam Fee (Back Paper),0,2500,0,0,0,0,0,0,0,
235590,26-07-2016,2016-2017,2016-2017,AIE,RCPT,842831,14GCOB101159,14GCOB101159,No Information,General,School of Business,Bachelor of Business Administration,School of Business,Bachelor of Business Administration 2015-16 III Sem VI,1.32E+11,Fine Fee,0,4000,0,0,0,0,0,0,0,
235591,26-07-2016,2016-2017,2016-2017,AIE,RCPT,842831,14GCOB101159,14GCOB101159,No Information,General,School of Business,Bachelor of Business Administration,School of Business,Bachelor of Business Administration 2015-16 III Sem VI,1.32E+11,Tuition Fee (Back Paper),0,7200,0,0,0,0,0,0,0,
235592,26-07-2016,2016-2017,2016-2017,AIE,RCPT,842831,14GCOB101159,14GCOB101159,No Information,General,School of Business,Bachelor of Business Administration,School of Business,Bachelor of Business Administration 2015-16 III Sem VI,1.32E+11,Exam Fee (Back Paper),0,2000,0,0,0,0,0,0,0,
235593,26-07-2016,2016-2017,2016-2017,AIE,RCPT,843200,14GCOB101112,14GCOB101112,No Information,General,School of Business,Bachelor of Business Administration,School of Business,Bachelor of Business Administration 2015-16 III Sem VI,1.32E+11,Fine Fee,0,2000,0,0,0,0,0,0,0,
235594,26-07-2016,2016-2017,2016-2017,AIE,RCPT,843200,14GCOB101112,14GCOB101112,No Information,General,School of Business,Bachelor of Business Administration,School of Business,Bachelor of Business Administration 2015-16 III Sem VI,1.32E+11,Tuition Fee (Back Paper),0,3600,0,0,0,0,0,0,0,
235595,26-07-2016,2016-2017,2016-2017,AIE,RCPT,843200,14GCOB101112,14GCOB101112,No Information,General,School of Business,Bachelor of Business Administration,School of Business,Bachelor of Business Administration 2015-16 III Sem VI,1.32E+11,Exam Fee (Back Paper),0,1000,0,0,0,0,0,0,0,
235596,26-07-2016,2016-2017,2016-2017,AIE,RCPT,843222,14GCOB101110,14GCOB101110,No Information,General,School of Business,Bachelor of Business Administration,School of Business,Bachelor of Business Administration 2015-16 III Sem VI,1.32E+11,Fine Fee,0,5000,0,0,0,0,0,0,0,
235597,26-07-2016,2016-2017,2016-2017,AIE,RCPT,843222,14GCOB101110,14GCOB101110,No Information,General,School of Business,Bachelor of Business Administration,School of Business,Bachelor of Business Administration 2015-16 III Sem VI,1.32E+11,Tuition Fee (Back Paper),0,9000,0,0,0,0,0,0,0,
235598,26-07-2016,2016-2017,2016-2017,AIE,RCPT,843222,14GCOB101110,14GCOB101110,No Information,General,School of Business,Bachelor of Business Administration,School of Business,Bachelor of Business Administration 2015-16 III Sem VI,1.32E+11,Exam Fee (Back Paper),0,2500,0,0,0,0,0,0,0,
235599,26-07-2016,2016-2017,2016-2017,AIE,RCPT,843456,14GCOB101083,14GCOB101083,No Information,General,School of Business,Bachelor of Business Administration,School of Business,Bachelor of Business Administration 2015-16 III Sem VI,1.32E+11,Fine Fee,0,5000,0,0,0,0,0,0,0,
235600,26-07-2016,2016-2017,2016-2017,AIE,RCPT,843456,14GCOB101083,14GCOB101083,No Information,General,School of Business,Bachelor of Business Administration,School of Business,Bachelor of Business Administration 2015-16 III Sem VI,1.32E+11,Tuition Fee (Back Paper),0,9000,0,0,0,0,0,0,0,
235601,26-07-2016,2016-2017,2016-2017,AIE,RCPT,843456,14GCOB101083,14GCOB101083,No Information,General,School of Business,Bachelor of Business Administration,School of Business,Bachelor of Business Administration 2015-16 III Sem VI,1.32E+11,Exam Fee (Back Paper),0,2500,0,0,0,0,0,0,0,
235602,26-07-2016,2016-2017,2016-2017,AIE,RCPT,843291,14GCOB101103,14GCOB101103,No Information,General,School of Business,Bachelor of Business Administration,School of Business,Bachelor of Business Administration 2015-16 III Sem VI,1.32E+11,Fine Fee,0,5000,0,0,0,0,0,0,0,
235603,26-07-2016,2016-2017,2016-2017,AIE,RCPT,843291,14GCOB101103,14GCOB101103,No Information,General,School of Business,Bachelor of Business Administration,School of Business,Bachelor of Business Administration 2015-16 III Sem VI,1.32E+11,Tuition Fee (Back Paper),0,9000,0,0,0,0,0,0,0,
235604,26-07-2016,2016-2017,2016-2017,AIE,RCPT,843291,14GCOB101103,14GCOB101103,No Information,General,School of Business,Bachelor of Business Administration,School of Business,Bachelor of Business Administration 2015-16 III Sem VI,1.32E+11,Exam Fee (Back Paper),0,2500,0,0,0,0,0,0,0,
235605,26-07-2016,2016-2017,2016-2017,AIE,RCPT,843262,14GCOB101106,14GCOB101106,No Information,General,School of Business,Bachelor of Business Administration,School of Business,Bachelor of Business Administration 2015-16 III Sem VI,1.32E+11,Fine Fee,0,3000,0,0,0,0,0,0,0,
235606,26-07-2016,2016-2017,2016-2017,AIE,RCPT,843262,14GCOB101106,14GCOB101106,No Information,General,School of Business,Bachelor of Business Administration,School of Business,Bachelor of Business Administration 2015-16 III Sem VI,1.32E+11,Tuition Fee (Back Paper),0,5400,0,0,0,0,0,0,0,
235607,26-07-2016,2016-2017,2016-2017,AIE,RCPT,843262,14GCOB101106,14GCOB101106,No Information,General,School of Business,Bachelor of Business Administration,School of Business,Bachelor of Business Administration 2015-16 III Sem VI,1.32E+11,Exam Fee (Back Paper),0,1500,0,0,0,0,0,0,0,
235608,26-07-2016,2016-2017,2016-2017,AIE,RCPT,844642,14GCFC101030,14GCFC101030,No Information,General,School of Finance & Commerce,B.Com. (Hons),School of Finance,B COM H-2015-16 III Sem VI,1.72E+11,Fine Fee,0,5000,0,0,0,0,0,0,0,
235609,26-07-2016,2016-2017,2016-2017,AIE,RCPT,844642,14GCFC101030,14GCFC101030,No Information,General,School of Finance & Commerce,B.Com. (Hons),School of Finance,B COM H-2015-16 III Sem VI,1.72E+11,Tuition Fee (Back Paper),0,9000,0,0,0,0,0,0,0,
235610,26-07-2016,2016-2017,2016-2017,AIE,RCPT,844642,14GCFC101030,14GCFC101030,No Information,General,School of Finance & Commerce,B.Com. (Hons),School of Finance,B COM H-2015-16 III Sem VI,1.72E+11,Exam Fee (Back Paper),0,2500,0,0,0,0,0,0,0,
235611,26-07-2016,2016-2017,2016-2017,AIE,RCPT,844678,14GCFC101026,14GCFC101026,No Information,General,School of Finance & Commerce,B.Com. (Hons),School of Finance,B COM H-2015-16 III Sem VI,1.72E+11,Fine Fee,0,5000,0,0,0,0,0,0,0,Received from Online Payment
235612,26-07-2016,2016-2017,2016-2017,AIE,RCPT,844678,14GCFC101026,14GCFC101026,No Information,General,School of Finance & Commerce,B.Com. (Hons),School of Finance,B COM H-2015-16 III Sem VI,1.72E+11,Tuition Fee (Back Paper),0,9000,0,0,0,0,0,0,0,Received from Online Payment
235613,26-07-2016,2016-2017,2016-2017,AIE,RCPT,844678,14GCFC101026,14GCFC101026,No Information,General,School of Finance & Commerce,B.Com. (Hons),School of Finance,B COM H-2015-16 III Sem VI,1.72E+11,Exam Fee (Back Paper),0,2000,0,0,0,0,0,0,0,Received from Online Payment
235614,26-07-2016,2016-2017,2016-2017,AIE,RCPT,822764,15CCCE101120,15CCCE101120,Alumni,General,School of Computing Science & Engineering,B.Tech/B.Tech (Hons) Computer Science Engineering,School of Computing Science,B.Tech in CSE 2014-15 IV Sem VIII,2.22E+11,Library BookC Recieved,0,400,0,0,0,0,0,0,0,
235615,26-07-2016,2016-2017,2016-2017,AIE,RCPT,830843,14CCCE101199,14CCCE101199,Alumni,General,School of Computing Science & Engineering,B.Tech/B.Tech (Hons) Computer Science Engineering,School of Computing Science,B.Tech in CSE 2014-15 IV Sem VIII,2.22E+11,Library BookC Recieved,0,400,0,0,0,0,0,0,0,
235616,26-07-2016,2016-2017,2016-2017,AIE,RCPT,822775,15CCCE101004,15CCCE101004,Alumni,General,School of Computing Science & Engineering,B.Tech/B.Tech (Hons) Computer Science Engineering,School of Computing Science,B.Tech in CSE 2014-15 IV Sem VIII,2.22E+11,Library BookC Recieved,0,400,0,0,0,0,0,0,0,
235617,26-07-2016,2016-2017,2016-2017,AIE,RCPT,822736,15CCCE101622,15CCCE101622,Alumni,General,School of Computing Science & Engineering,B.Tech/B.Tech (Hons) Computer Science Engineering,School of Computing Science,B.Tech in CSE 2014-15 IV Sem VIII,2.22E+11,Library BookC Recieved,0,400,0,0,0,0,0,0,0,
235618,26-07-2016,2016-2017,2016-2017,AIE,RCPT,748359,16CCME101042,16CCME101042,Alumni,General,School of Mechanical Engineering,B.Tech/B.Tech (Hons) Mechanical Engineering,School of Mechanical Engineering,ME 2016-2017 IV Sem VIII,2.32E+11,TUITION FEE,0,59000,0,0,0,0,0,0,0,
235619,26-07-2016,2016-2017,2016-2017,AIE,RCPT,830822,14CCCE101200,14CCCE101200,Alumni,General,School of Computing Science & Engineering,B.Tech/B.Tech (Hons) Computer Science Engineering,School of Computing Science,B.Tech in CSE 2014-15 IV Sem VIII,2.22E+11,Fine Fee,0,2000,0,0,0,0,0,0,0,
235620,26-07-2016,2016-2017,2016-2017,AIE,RCPT,830822,14CCCE101200,14CCCE101200,Alumni,General,School of Computing Science & Engineering,B.Tech/B.Tech (Hons) Computer Science Engineering,School of Computing Science,B.Tech in CSE 2014-15 IV Sem VIII,2.22E+11,Tuition Fee (Back Paper),0,3600,0,0,0,0,0,0,0,
235621,26-07-2016,2016-2017,2016-2017,AIE,RCPT,830822,14CCCE101200,14CCCE101200,Alumni,General,School of Computing Science & Engineering,B.Tech/B.Tech (Hons) Computer Science Engineering,School of Computing Science,B.Tech in CSE 2014-15 IV Sem VIII,2.22E+11,Exam Fee (Back Paper),0,1000,0,0,0,0,0,0,0,
235622,26-07-2016,2016-2017,2016-2017,AIE,RCPT,822679,15CCCE101783,15CCCE101783,No Information,General,School of Computing Science & Engineering,B.Tech/B.Tech (Hons) Computer Science Engineering,School of Computing Science,B.Tech in CSE 2014-15 IV Sem VIII,2.22E+11,Fine Fee,0,5000,0,0,0,0,0,0,0,
235623,26-07-2016,2016-2017,2016-2017,AIE,RCPT,822679,15CCCE101783,15CCCE101783,No Information,General,School of Computing Science & Engineering,B.Tech/B.Tech (Hons) Computer Science Engineering,School of Computing Science,B.Tech in CSE 2014-15 IV Sem VIII,2.22E+11,Tuition Fee (Back Paper),0,9000,0,0,0,0,0,0,0,
235624,26-07-2016,2016-2017,2016-2017,AIE,RCPT,822679,15CCCE101783,15CCCE101783,No Information,General,School of Computing Science & Engineering,B.Tech/B.Tech (Hons) Computer Science Engineering,School of Computing Science,B.Tech in CSE 2014-15 IV Sem VIII,2.22E+11,Exam Fee (Back Paper),0,4500,0,0,0,0,0,0,0,
235625,26-07-2016,2016-2017,2016-2017,AIE,RCPT,822727,15CCCE101637,15CCCE101637,Alumni,General,School of Computing Science & Engineering,B.Tech/B.Tech (Hons) Computer Science Engineering,School of Computing Science,B.Tech in CSE 2014-15 IV Sem VIII,2.22E+11,Library BookC Recieved,0,400,0,0,0,0,0,0,0,
235626,26-07-2016,2016-2017,2016-2017,AIE,RCPT,751823,16GCOL102075,16GCOL102075,Active,General,School of Law,Integrated BA + LLB (Hons.),School of Law,BALLB 2016-2017 V SEM X,1.92E+11,TUITION FEE,0,100000,0,0,0,0,0,0,0,
235627,26-07-2016,2016-2017,2016-2017,AIE,RCPT,751823,16GCOL102075,16GCOL102075,Active,General,School of Law,Integrated BA + LLB (Hons.),School of Law,BALLB 2016-2017 V SEM X,1.92E+11,Exam Fee,0,10000,0,0,0,0,0,0,0,
235628,26-07-2016,2016-2017,2016-2017,AIE,RCPT,830857,14CCCE101198,14CCCE101198,Alumni,General,School of Computing Science & Engineering,B.Tech/B.Tech (Hons) Computer Science Engineering,School of Computing Science,B.Tech in CSE 2014-15 IV Sem VIII,2.22E+11,Library BookC Recieved,0,400,0,0,0,0,0,0,0,
235629,26-07-2016,2016-2017,2016-2017,AIE,REVJV,1006535,16CCME105008,16CCME105008,Year Back,General,School of Mechanical Engineering,B.Tech/B.Tech (Hons) Automobile Engineering,School of Mechanical Engineering,AE 2017-2018 II Sem III,2.32E+11,Adjusted_Amount,0,0,0,0,0,0,-100000,0,0,TUITION FEE
235630,26-07-2016,2016-2017,2016-2017,AIE,RCPT,844851,14GCFC101001,14GCFC101001,No Information,General,School of Finance & Commerce,B.Com. (Hons),School of Finance,B COM H-2015-16 III Sem VI,1.72E+11,Fine Fee,0,5000,0,0,0,0,0,0,0,
235631,26-07-2016,2016-2017,2016-2017,AIE,RCPT,844851,14GCFC101001,14GCFC101001,No Information,General,School of Finance & Commerce,B.Com. (Hons),School of Finance,B COM H-2015-16 III Sem VI,1.72E+11,Tuition Fee (Back Paper),0,9000,0,0,0,0,0,0,0,
235632,26-07-2016,2016-2017,2016-2017,AIE,RCPT,844851,14GCFC101001,14GCFC101001,No Information,General,School of Finance & Commerce,B.Com. (Hons),School of Finance,B COM H-2015-16 III Sem VI,1.72E+11,Exam Fee (Back Paper),0,2500,0,0,0,0,0,0,0,
235633,26-07-2016,2016-2017,2016-2017,AIE,REVJV,1004673,14CAHC103023,14CAHC103023,No Information,General,School of Humanities & Social Sciences,B.A (Hons) English,School of Humanities,B.A (Hons) English 2017-2018 III Sem VI,1.42E+11,Adjusted_Amount,0,0,0,0,0,0,-2550,0,0,TUITION FEE
235634,26-07-2016,2016-2017,2016-2017,AIE,RCPT,747288,16CCME101149,16CCME101149,No Information,General,School of Mechanical Engineering,B.Tech/B.Tech (Hons) Mechanical Engineering,School of Mechanical Engineering,ME 2016-2017 II Sem IV,2.32E+11,TUITION FEE,0,10000,0,0,0,0,0,0,0,
235635,26-07-2016,2016-2017,2016-2017,AIE,RCPT,747288,16CCME101149,16CCME101149,No Information,General,School of Mechanical Engineering,B.Tech/B.Tech (Hons) Mechanical Engineering,School of Mechanical Engineering,ME 2016-2017 II Sem IV,2.32E+11,Exam Fee,0,10000,0,0,0,0,0,0,0,
235636,26-07-2016,2016-2017,2016-2017,AIE,RCPT,747291,16CCME101148,16CCME101148,No Information,General,School of Mechanical Engineering,B.Tech/B.Tech (Hons) Mechanical Engineering,School of Mechanical Engineering,ME 2016-2017 II Sem IV,2.32E+11,TUITION FEE,0,10000,0,0,0,0,0,0,0,
235637,26-07-2016,2016-2017,2016-2017,AIE,RCPT,747291,16CCME101148,16CCME101148,No Information,General,School of Mechanical Engineering,B.Tech/B.Tech (Hons) Mechanical Engineering,School of Mechanical Engineering,ME 2016-2017 II Sem IV,2.32E+11,Exam Fee,0,10000,0,0,0,0,0,0,0,
235638,26-07-2016,2016-2017,2016-2017,AIE,RCPT,830869,14CCCE101197,14CCCE101197,Alumni,General,School of Computing Science & Engineering,B.Tech/B.Tech (Hons) Computer Science Engineering,School of Computing Science,B.Tech in CSE 2014-15 IV Sem VIII,2.22E+11,Exam Fee (Back Paper),0,500,0,0,0,0,0,0,0,
235639,26-07-2016,2016-2017,2016-2017,AIE,RCPT,830884,14CCCE101196,14CCCE101196,Alumni,General,School of Computing Science & Engineering,B.Tech/B.Tech (Hons) Computer Science Engineering,School of Computing Science,B.Tech in CSE 2014-15 IV Sem VIII,2.22E+11,Library BookC Recieved,0,400,0,0,0,0,0,0,0,
235640,26-07-2016,2016-2017,2016-2017,AIE,RCPT,747293,16CCME101147,16CCME101147,No Information,General,School of Mechanical Engineering,B.Tech/B.Tech (Hons) Mechanical Engineering,School of Mechanical Engineering,ME 2016-2017 II Sem IV,2.32E+11,TUITION FEE,0,70000,0,0,0,0,0,0,0,
235641,26-07-2016,2016-2017,2016-2017,AIE,RCPT,747293,16CCME101147,16CCME101147,No Information,General,School of Mechanical Engineering,B.Tech/B.Tech (Hons) Mechanical Engineering,School of Mechanical Engineering,ME 2016-2017 II Sem IV,2.32E+11,Exam Fee,0,10000,0,0,0,0,0,0,0,
235642,26-07-2016,2016-2017,2016-2017,AIE,RCPT,842816,14GCOB101160,14GCOB101160,No Information,General,School of Business,Bachelor of Business Administration,School of Business,Bachelor of Business Administration 2015-16 III Sem VI,1.32E+11,Fine Fee,0,3000,0,0,0,0,0,0,0,
235643,26-07-2016,2016-2017,2016-2017,AIE,RCPT,842816,14GCOB101160,14GCOB101160,No Information,General,School of Business,Bachelor of Business Administration,School of Business,Bachelor of Business Administration 2015-16 III Sem VI,1.32E+11,Tuition Fee (Back Paper),0,5400,0,0,0,0,0,0,0,
235644,26-07-2016,2016-2017,2016-2017,AIE,RCPT,842816,14GCOB101160,14GCOB101160,No Information,General,School of Business,Bachelor of Business Administration,School of Business,Bachelor of Business Administration 2015-16 III Sem VI,1.32E+11,Exam Fee (Back Paper),0,1500,0,0,0,0,0,0,0,
235645,26-07-2016,2016-2017,2016-2017,AIE,RCPT,842743,14GCOB101169,14GCOB101169,No Information,General,School of Business,Bachelor of Business Administration,School of Business,Bachelor of Business Administration 2015-16 III Sem VI,1.32E+11,Fine Fee,0,3000,0,0,0,0,0,0,0,
235646,26-07-2016,2016-2017,2016-2017,AIE,RCPT,842743,14GCOB101169,14GCOB101169,No Information,General,School of Business,Bachelor of Business Administration,School of Business,Bachelor of Business Administration 2015-16 III Sem VI,1.32E+11,Tuition Fee (Back Paper),0,5400,0,0,0,0,0,0,0,
235647,26-07-2016,2016-2017,2016-2017,AIE,RCPT,842743,14GCOB101169,14GCOB101169,No Information,General,School of Business,Bachelor of Business Administration,School of Business,Bachelor of Business Administration 2015-16 III Sem VI,1.32E+11,Exam Fee (Back Paper),0,1500,0,0,0,0,0,0,0,
235648,26-07-2016,2016-2017,2016-2017,AIE,RCPT,839962,14GCOL102054,14GCOL102054,Cancelled,General,School of Law,Integrated BA + LLB (Hons.),School of Law,BALLB 2014-2015 V Sem IX,1.92E+11,Fine Fee,0,1000,0,0,0,0,0,0,0,
235649,26-07-2016,2016-2017,2016-2017,AIE,RCPT,839962,14GCOL102054,14GCOL102054,Cancelled,General,School of Law,Integrated BA + LLB (Hons.),School of Law,BALLB 2014-2015 V Sem IX,1.92E+11,Tuition Fee (Back Paper),0,1800,0,0,0,0,0,0,0,
235650,26-07-2016,2016-2017,2016-2017,AIE,RCPT,839962,14GCOL102054,14GCOL102054,Cancelled,General,School of Law,Integrated BA + LLB (Hons.),School of Law,BALLB 2014-2015 V Sem IX,1.92E+11,Exam Fee (Back Paper),0,500,0,0,0,0,0,0,0,
235651,26-07-2016,2016-2017,2016-2017,AIE,RCPT,839602,14GCOL102095,14GCOL102095,Alumni,General,School of Law,Integrated BA + LLB (Hons.),School of Law,BALLB  2014-2015 V Sem X,1.92E+11,Exam Fee (Back Paper),0,500,0,0,0,0,0,0,0,
235652,26-07-2016,2016-2017,2016-2017,AIE,RCPT,745442,16CCCE101061,16CCCE101061,Alumni,General,School of Computing Science & Engineering,B.Tech/B.Tech (Hons) Computer Science Engineering,School of Computing Science,B.Tech in CSE 2016-17 IV Sem VIII,2.22E+11,TUITION FEE,0,59000,0,0,0,0,0,0,0,
235653,26-07-2016,2016-2017,2016-2017,AIE,RCPT,840031,14GCOL102044,14GCOL102044,No Information,General,School of Law,Integrated BA + LLB (Hons.),School of Law,BALLB  2014-2015 IV Sem VIII,1.92E+11,Fine Fee,0,1000,0,0,0,0,0,0,0,
235654,26-07-2016,2016-2017,2016-2017,AIE,RCPT,840031,14GCOL102044,14GCOL102044,No Information,General,School of Law,Integrated BA + LLB (Hons.),School of Law,BALLB  2014-2015 IV Sem VIII,1.92E+11,Tuition Fee (Back Paper),0,1800,0,0,0,0,0,0,0,
235655,26-07-2016,2016-2017,2016-2017,AIE,RCPT,840031,14GCOL102044,14GCOL102044,No Information,General,School of Law,Integrated BA + LLB (Hons.),School of Law,BALLB  2014-2015 IV Sem VIII,1.92E+11,Exam Fee (Back Paper),0,500,0,0,0,0,0,0,0,
235656,26-07-2016,2016-2017,2016-2017,AIE,RCPT,840069,14GCOL102040,14GCOL102040,Alumni,General,School of Law,Integrated BA + LLB (Hons.),School of Law,BALLB  2014-2015 V Sem X,1.92E+11,Exam Fee (Back Paper),0,1500,0,0,0,0,0,0,0,
235657,26-07-2016,2016-2017,2016-2017,AIE,RCPT,745852,16CCCE101032,16CCCE101032,Alumni,General,School of Computing Science & Engineering,B.Tech/B.Tech (Hons) Computer Science Engineering,School of Computing Science,B.Tech in CSE 2016-17 IV Sem VIII,2.22E+11,TUITION FEE,0,119000,0,0,0,0,0,0,0,
235658,26-07-2016,2016-2017,2016-2017,AIE,RCPT,840367,14GCOL102003,14GCOL102003,No Information,General,School of Law,Test,School of Design, ,1.92E+11,Fine Fee,0,3000,0,0,0,0,0,0,0,
235659,26-07-2016,2016-2017,2016-2017,AIE,RCPT,840367,14GCOL102003,14GCOL102003,No Information,General,School of Law,Test,School of Design, ,1.92E+11,Tuition Fee (Back Paper),0,5400,0,0,0,0,0,0,0,
235660,26-07-2016,2016-2017,2016-2017,AIE,RCPT,840367,14GCOL102003,14GCOL102003,No Information,General,School of Law,Test,School of Design, ,1.92E+11,Exam Fee (Back Paper),0,1500,0,0,0,0,0,0,0,
235661,26-07-2016,2016-2017,2016-2017,AIE,RCPT,840103,14GCOL102035,14GCOL102035,Alumni,General,School of Law,Integrated BA + LLB (Hons.),School of Law,BALLB  2014-2015 V Sem X,1.92E+11,Exam Fee (Back Paper),0,1000,0,0,0,0,0,0,0,
235662,26-07-2016,2016-2017,2016-2017,AIE,RCPT,839172,14GCOL103043,14GCOL103043,Alumni,General,School of Law,Integrated BBA + LLB (Hons.),School of Law,BBA LLB  2014-2015 V Sem X,1.92E+11,Exam Fee (Back Paper),0,500,0,0,0,0,0,0,0,
235663,26-07-2016,2016-2017,2016-2017,AIE,RCPT,839171,14GCOL103043,14GCOL103043,Alumni,General,School of Law,Integrated BBA + LLB (Hons.),School of Law,BBA LLB  2014-2015 V Sem X,1.92E+11,Fine Fee,0,1000,0,0,0,0,0,0,0,
235664,26-07-2016,2016-2017,2016-2017,AIE,RCPT,839171,14GCOL103043,14GCOL103043,Alumni,General,School of Law,Integrated BBA + LLB (Hons.),School of Law,BBA LLB  2014-2015 V Sem X,1.92E+11,Tuition Fee (Back Paper),0,1800,0,0,0,0,0,0,0,
235665,26-07-2016,2016-2017,2016-2017,AIE,RCPT,839171,14GCOL103043,14GCOL103043,Alumni,General,School of Law,Integrated BBA + LLB (Hons.),School of Law,BBA LLB  2014-2015 V Sem X,1.92E+11,Exam Fee (Back Paper),0,500,0,0,0,0,0,0,0,
235666,26-07-2016,2016-2017,2016-2017,AIE,RCPT,836759,14CCME101359,14CCME101359,Year Back,General,School of Mechanical Engineering,B.Tech/B.Tech (Hons) Mechanical Engineering,School of Mechanical Engineering,ME 2015-2016 III Sem VI,2.32E+11,Fine Fee,0,2000,0,0,0,0,0,0,0,
235667,26-07-2016,2016-2017,2016-2017,AIE,RCPT,836759,14CCME101359,14CCME101359,Year Back,General,School of Mechanical Engineering,B.Tech/B.Tech (Hons) Mechanical Engineering,School of Mechanical Engineering,ME 2015-2016 III Sem VI,2.32E+11,Tuition Fee (Back Paper),0,3600,0,0,0,0,0,0,0,
235668,26-07-2016,2016-2017,2016-2017,AIE,RCPT,836759,14CCME101359,14CCME101359,Year Back,General,School of Mechanical Engineering,B.Tech/B.Tech (Hons) Mechanical Engineering,School of Mechanical Engineering,ME 2015-2016 III Sem VI,2.32E+11,Exam Fee (Back Paper),0,1000,0,0,0,0,0,0,0,
235669,26-07-2016,2016-2017,2016-2017,AIE,RCPT,836241,14CCME101406,14CCME101406,Alumni,General,School of Mechanical Engineering,B.Tech/B.Tech (Hons) Mechanical Engineering,School of Mechanical Engineering,ME 2014-2015 IV Sem VIII,2.32E+11,Fine Fee,0,2000,0,0,0,0,0,0,0,
235670,26-07-2016,2016-2017,2016-2017,AIE,RCPT,836241,14CCME101406,14CCME101406,Alumni,General,School of Mechanical Engineering,B.Tech/B.Tech (Hons) Mechanical Engineering,School of Mechanical Engineering,ME 2014-2015 IV Sem VIII,2.32E+11,Tuition Fee (Back Paper),0,3600,0,0,0,0,0,0,0,
235671,26-07-2016,2016-2017,2016-2017,AIE,RCPT,836241,14CCME101406,14CCME101406,Alumni,General,School of Mechanical Engineering,B.Tech/B.Tech (Hons) Mechanical Engineering,School of Mechanical Engineering,ME 2014-2015 IV Sem VIII,2.32E+11,Exam Fee (Back Paper),0,1000,0,0,0,0,0,0,0,
235672,26-07-2016,2016-2017,2016-2017,AIE,RCPT,744607,16CCCE101122,16CCCE101122,Alumni,General,School of Computing Science & Engineering,B.Tech/B.Tech (Hons) Computer Science Engineering,School of Computing Science,B.Tech in CSE 2016-17 IV Sem VIII,2.22E+11,TUITION FEE,0,59000,0,0,0,0,0,0,0,
235673,26-07-2016,2016-2017,2016-2017,AIE,RCPT,837031,14CCME101323,14CCME101323,Alumni,General,School of Mechanical Engineering,B.Tech/B.Tech (Hons) Mechanical Engineering,School of Mechanical Engineering,ME 2014-2015 IV Sem VIII,2.32E+11,Exam Fee (Back Paper),0,500,0,0,0,0,0,0,0,
235674,26-07-2016,2016-2017,2016-2017,AIE,RCPT,964334,15CCCE101456,15CCCE101456,No Information,General,School of Computing Science & Engineering,B.Tech/B.Tech (Hons) Computer Science Engineering,School of Computing Science,B.Tech First Year 2017-2018 I Sem II,2.22E+11,Library BookC Recieved,0,300,0,0,0,0,0,0,0,
235675,26-07-2016,2016-2017,2016-2017,AIE,RCPT,839097,14GCOL103051,14GCOL103051,Alumni,General,School of Law,Integrated BBA + LLB (Hons.),School of Law,BBALLB 2015-2016 V Sem X,1.92E+11,Exam Fee (Back Paper),0,500,0,0,0,0,0,0,0,
235676,26-07-2016,2016-2017,2016-2017,AIE,RCPT,838456,14CAHC103009,14CAHC103009,Alumni,General,School of Humanities & Social Sciences,B.A (Hons) English,School of Humanities,B.A (Hons) English 2017-2018 III Sem VI,1.42E+11,Fine Fee,0,1000,0,0,0,0,0,0,0,
235677,26-07-2016,2016-2017,2016-2017,AIE,RCPT,838456,14CAHC103009,14CAHC103009,Alumni,General,School of Humanities & Social Sciences,B.A (Hons) English,School of Humanities,B.A (Hons) English 2017-2018 III Sem VI,1.42E+11,Tuition Fee (Back Paper),0,1800,0,0,0,0,0,0,0,
235678,26-07-2016,2016-2017,2016-2017,AIE,RCPT,838456,14CAHC103009,14CAHC103009,Alumni,General,School of Humanities & Social Sciences,B.A (Hons) English,School of Humanities,B.A (Hons) English 2017-2018 III Sem VI,1.42E+11,Exam Fee (Back Paper),0,500,0,0,0,0,0,0,0,
235679,26-07-2016,2016-2017,2016-2017,AIE,RCPT,838374,14CAHC103023,14CAHC103023,No Information,General,School of Humanities & Social Sciences,B.A (Hons) English,School of Humanities,B.A (Hons) English 2017-2018 III Sem VI,1.42E+11,Fine Fee,0,5000,0,0,0,0,0,0,0,
235680,26-07-2016,2016-2017,2016-2017,AIE,RCPT,838374,14CAHC103023,14CAHC103023,No Information,General,School of Humanities & Social Sciences,B.A (Hons) English,School of Humanities,B.A (Hons) English 2017-2018 III Sem VI,1.42E+11,Tuition Fee (Back Paper),0,9000,0,0,0,0,0,0,0,
235681,26-07-2016,2016-2017,2016-2017,AIE,RCPT,838374,14CAHC103023,14CAHC103023,No Information,General,School of Humanities & Social Sciences,B.A (Hons) English,School of Humanities,B.A (Hons) English 2017-2018 III Sem VI,1.42E+11,Exam Fee (Back Paper),0,2500,0,0,0,0,0,0,0,
235682,26-07-2016,2016-2017,2016-2017,AIE,RCPT,840403,14GCOL101034,14GCOL101034,No Information,General,School of Law,Test,School of Design, ,1.92E+11,Fine Fee,0,5000,0,0,0,0,0,0,0,
235683,26-07-2016,2016-2017,2016-2017,AIE,RCPT,840403,14GCOL101034,14GCOL101034,No Information,General,School of Law,Test,School of Design, ,1.92E+11,Tuition Fee (Back Paper),0,9000,0,0,0,0,0,0,0,
235684,26-07-2016,2016-2017,2016-2017,AIE,RCPT,840403,14GCOL101034,14GCOL101034,No Information,General,School of Law,Test,School of Design, ,1.92E+11,Exam Fee (Back Paper),0,2500,0,0,0,0,0,0,0,
235685,26-07-2016,2016-2017,2016-2017,AIE,RCPT,840456,14GCOL101026,14GCOL101026,No Information,General,School of Law,Test,School of Design, ,1.92E+11,Fine Fee,0,5000,0,0,0,0,0,0,0,
235686,26-07-2016,2016-2017,2016-2017,AIE,RCPT,840456,14GCOL101026,14GCOL101026,No Information,General,School of Law,Test,School of Design, ,1.92E+11,Tuition Fee (Back Paper),0,9000,0,0,0,0,0,0,0,
235687,26-07-2016,2016-2017,2016-2017,AIE,RCPT,840456,14GCOL101026,14GCOL101026,No Information,General,School of Law,Test,School of Design, ,1.92E+11,Exam Fee (Back Paper),0,2500,0,0,0,0,0,0,0,
235688,26-07-2016,2016-2017,2016-2017,AIE,RCPT,842538,14GCOB101198,14GCOB101198,No Information,General,School of Business,Bachelor of Business Administration,School of Business,Bachelor of Business Administration 2015-16 III Sem VI,1.32E+11,Fine Fee,0,5000,0,0,0,0,0,0,0,
235689,26-07-2016,2016-2017,2016-2017,AIE,RCPT,842538,14GCOB101198,14GCOB101198,No Information,General,School of Business,Bachelor of Business Administration,School of Business,Bachelor of Business Administration 2015-16 III Sem VI,1.32E+11,Tuition Fee (Back Paper),0,9000,0,0,0,0,0,0,0,
235690,26-07-2016,2016-2017,2016-2017,AIE,RCPT,842538,14GCOB101198,14GCOB101198,No Information,General,School of Business,Bachelor of Business Administration,School of Business,Bachelor of Business Administration 2015-16 III Sem VI,1.32E+11,Exam Fee (Back Paper),0,2500,0,0,0,0,0,0,0,
235691,26-07-2016,2016-2017,2016-2017,AIE,RCPT,842381,14GCOB101218,14GCOB101218,Alumni,General,School of Business,Bachelor of Business Administration,School of Business,Bachelor of Business Administration 2015-16 III Sem VI,1.32E+11,Fine Fee,0,5000,0,0,0,0,0,0,0,
235692,26-07-2016,2016-2017,2016-2017,AIE,RCPT,842381,14GCOB101218,14GCOB101218,Alumni,General,School of Business,Bachelor of Business Administration,School of Business,Bachelor of Business Administration 2015-16 III Sem VI,1.32E+11,Tuition Fee (Back Paper),0,9000,0,0,0,0,0,0,0,
235693,26-07-2016,2016-2017,2016-2017,AIE,RCPT,842381,14GCOB101218,14GCOB101218,Alumni,General,School of Business,Bachelor of Business Administration,School of Business,Bachelor of Business Administration 2015-16 III Sem VI,1.32E+11,Exam Fee (Back Paper),0,2500,0,0,0,0,0,0,0,
235694,26-07-2016,2016-2017,2016-2017,AIE,RCPT,842352,14GCOB101222,14GCOB101222,No Information,General,School of Business,Bachelor of Business Administration,School of Business,Bachelor of Business Administration 2015-16 III Sem VI,1.32E+11,TUITION FEE,0,3600,0,0,0,0,0,0,0,
235695,26-07-2016,2016-2017,2016-2017,AIE,RCPT,842352,14GCOB101222,14GCOB101222,No Information,General,School of Business,Bachelor of Business Administration,School of Business,Bachelor of Business Administration 2015-16 III Sem VI,1.32E+11,Fine Fee,0,2000,0,0,0,0,0,0,0,
235696,26-07-2016,2016-2017,2016-2017,AIE,RCPT,842352,14GCOB101222,14GCOB101222,No Information,General,School of Business,Bachelor of Business Administration,School of Business,Bachelor of Business Administration 2015-16 III Sem VI,1.32E+11,Exam Fee (Back Paper),0,1000,0,0,0,0,0,0,0,
235697,26-07-2016,2016-2017,2016-2017,AIE,RCPT,842550,14GCOB101197,14GCOB101197,Alumni,General,School of Business,Bachelor of Business Administration,School of Business,Bachelor of Business Administration 2015-16 III Sem VI,1.32E+11,Fine Fee,0,5000,0,0,0,0,0,0,0,
235698,26-07-2016,2016-2017,2016-2017,AIE,RCPT,842550,14GCOB101197,14GCOB101197,Alumni,General,School of Business,Bachelor of Business Administration,School of Business,Bachelor of Business Administration 2015-16 III Sem VI,1.32E+11,Tuition Fee (Back Paper),0,9000,0,0,0,0,0,0,0,
235699,26-07-2016,2016-2017,2016-2017,AIE,RCPT,842550,14GCOB101197,14GCOB101197,Alumni,General,School of Business,Bachelor of Business Administration,School of Business,Bachelor of Business Administration 2015-16 III Sem VI,1.32E+11,Exam Fee (Back Paper),0,2500,0,0,0,0,0,0,0,
235700,26-07-2016,2016-2017,2016-2017,AIE,RCPT,842570,14GCOB101193,14GCOB101193,No Information,General,School of Business,Bachelor of Business Administration,School of Business,Bachelor of Business Administration 2015-16 III Sem VI,1.32E+11,Exam Fee (Back Paper),0,500,0,0,0,0,0,0,0,
235701,26-07-2016,2016-2017,2016-2017,AIE,RCPT,842707,14GCOB101173,14GCOB101173,No Information,General,School of Business,Bachelor of Business Administration,School of Business,Bachelor of Business Administration 2015-16 III Sem VI,1.32E+11,Fine Fee,0,3000,0,0,0,0,0,0,0,
235702,26-07-2016,2016-2017,2016-2017,AIE,RCPT,842707,14GCOB101173,14GCOB101173,No Information,General,School of Business,Bachelor of Business Administration,School of Business,Bachelor of Business Administration 2015-16 III Sem VI,1.32E+11,Tuition Fee (Back Paper),0,5400,0,0,0,0,0,0,0,
235703,26-07-2016,2016-2017,2016-2017,AIE,RCPT,842707,14GCOB101173,14GCOB101173,No Information,General,School of Business,Bachelor of Business Administration,School of Business,Bachelor of Business Administration 2015-16 III Sem VI,1.32E+11,Exam Fee (Back Paper),0,1500,0,0,0,0,0,0,0,
235704,26-07-2016,2016-2017,2016-2017,AIE,RCPT,842676,14GCOB101179,14GCOB101179,No Information,General,School of Business,Bachelor of Business Administration,School of Business,Bachelor of Business Administration 2015-16 III Sem VI,1.32E+11,Fine Fee,0,5000,0,0,0,0,0,0,0,
235705,26-07-2016,2016-2017,2016-2017,AIE,RCPT,842676,14GCOB101179,14GCOB101179,No Information,General,School of Business,Bachelor of Business Administration,School of Business,Bachelor of Business Administration 2015-16 III Sem VI,1.32E+11,Tuition Fee (Back Paper),0,9000,0,0,0,0,0,0,0,
235706,26-07-2016,2016-2017,2016-2017,AIE,RCPT,842676,14GCOB101179,14GCOB101179,No Information,General,School of Business,Bachelor of Business Administration,School of Business,Bachelor of Business Administration 2015-16 III Sem VI,1.32E+11,Exam Fee (Back Paper),0,2500,0,0,0,0,0,0,0,
235707,26-07-2016,2016-2017,2016-2017,AIE,RCPT,842571,14GCOB101193,14GCOB101193,No Information,General,School of Business,Bachelor of Business Administration,School of Business,Bachelor of Business Administration 2015-16 III Sem VI,1.32E+11,Fine Fee,0,5000,0,0,0,0,0,0,0,
235708,26-07-2016,2016-2017,2016-2017,AIE,RCPT,842571,14GCOB101193,14GCOB101193,No Information,General,School of Business,Bachelor of Business Administration,School of Business,Bachelor of Business Administration 2015-16 III Sem VI,1.32E+11,Tuition Fee (Back Paper),0,9000,0,0,0,0,0,0,0,
235709,26-07-2016,2016-2017,2016-2017,AIE,RCPT,842571,14GCOB101193,14GCOB101193,No Information,General,School of Business,Bachelor of Business Administration,School of Business,Bachelor of Business Administration 2015-16 III Sem VI,1.32E+11,Exam Fee (Back Paper),0,2500,0,0,0,0,0,0,0,
235710,26-07-2016,2016-2017,2016-2017,AIE,RCPT,841973,14GCOB102012,14GCOB102012,Alumni,General,School of Business,Integrated MBA (BBA+MBA),School of Business,Integrated MBA (BBA+MBA) 2014-15 V Sem X,1.32E+11,Fine Fee,0,3000,0,0,0,0,0,0,0,
235711,26-07-2016,2016-2017,2016-2017,AIE,RCPT,841973,14GCOB102012,14GCOB102012,Alumni,General,School of Business,Integrated MBA (BBA+MBA),School of Business,Integrated MBA (BBA+MBA) 2014-15 V Sem X,1.32E+11,Tuition Fee (Back Paper),0,5400,0,0,0,0,0,0,0,
235712,26-07-2016,2016-2017,2016-2017,AIE,RCPT,841973,14GCOB102012,14GCOB102012,Alumni,General,School of Business,Integrated MBA (BBA+MBA),School of Business,Integrated MBA (BBA+MBA) 2014-15 V Sem X,1.32E+11,Exam Fee (Back Paper),0,1500,0,0,0,0,0,0,0,
235713,26-07-2016,2016-2017,2016-2017,AIE,RCPT,841947,14GCOB102013,14GCOB102013,Withdrawn,General,School of Business,Integrated MBA (BBA+MBA),School of Business,Integrated MBA (BBA+MBA) 2014-15 V Sem IX,1.32E+11,Exam Fee (Back Paper),0,1500,0,0,0,0,0,0,0,
235714,26-07-2016,2016-2017,2016-2017,AIE,RCPT,840559,14GCOL101014,14GCOL101014,No Information,General,School of Law,Test,School of Design, ,1.92E+11,Fine Fee,0,4000,0,0,0,0,0,0,0,
235715,26-07-2016,2016-2017,2016-2017,AIE,RCPT,840559,14GCOL101014,14GCOL101014,No Information,General,School of Law,Test,School of Design, ,1.92E+11,Tuition Fee (Back Paper),0,7200,0,0,0,0,0,0,0,
235716,26-07-2016,2016-2017,2016-2017,AIE,RCPT,840559,14GCOL101014,14GCOL101014,No Information,General,School of Law,Test,School of Design, ,1.92E+11,Exam Fee (Back Paper),0,2000,0,0,0,0,0,0,0,
235717,26-07-2016,2016-2017,2016-2017,AIE,RCPT,840549,14GCOL101015,14GCOL101015,No Information,General,School of Law,Test,School of Design, ,1.92E+11,Exam Fee (Back Paper),0,500,0,0,0,0,0,0,0,
235718,26-07-2016,2016-2017,2016-2017,AIE,RCPT,840489,14GCOL101023,14GCOL101023,Alumni,General,School of Law,Test,School of Design, ,1.92E+11,Fine Fee,0,3000,0,0,0,0,0,0,0,
235719,26-07-2016,2016-2017,2016-2017,AIE,RCPT,840489,14GCOL101023,14GCOL101023,Alumni,General,School of Law,Test,School of Design, ,1.92E+11,Tuition Fee (Back Paper),0,5400,0,0,0,0,0,0,0,
235720,26-07-2016,2016-2017,2016-2017,AIE,RCPT,840489,14GCOL101023,14GCOL101023,Alumni,General,School of Law,Test,School of Design, ,1.92E+11,Exam Fee (Back Paper),0,1500,0,0,0,0,0,0,0,
235721,26-07-2016,2016-2017,2016-2017,AIE,RCPT,840575,14GCOL101012,14GCOL101012,No Information,General,School of Law,Test,School of Design, ,1.92E+11,Fine Fee,0,5000,0,0,0,0,0,0,0,
235722,26-07-2016,2016-2017,2016-2017,AIE,RCPT,840575,14GCOL101012,14GCOL101012,No Information,General,School of Law,Test,School of Design, ,1.92E+11,Tuition Fee (Back Paper),0,9000,0,0,0,0,0,0,0,
235723,26-07-2016,2016-2017,2016-2017,AIE,RCPT,840575,14GCOL101012,14GCOL101012,No Information,General,School of Law,Test,School of Design, ,1.92E+11,Exam Fee (Back Paper),0,2500,0,0,0,0,0,0,0,
235724,26-07-2016,2016-2017,2016-2017,AIE,RCPT,840636,14GCOL101002,14GCOL101002,No Information,General,School of Law,Test,School of Design, ,1.92E+11,Fine Fee,0,5000,0,0,0,0,0,0,0,
235725,26-07-2016,2016-2017,2016-2017,AIE,RCPT,840636,14GCOL101002,14GCOL101002,No Information,General,School of Law,Test,School of Design, ,1.92E+11,Tuition Fee (Back Paper),0,9000,0,0,0,0,0,0,0,
235726,26-07-2016,2016-2017,2016-2017,AIE,RCPT,840636,14GCOL101002,14GCOL101002,No Information,General,School of Law,Test,School of Design, ,1.92E+11,Exam Fee (Back Paper),0,2500,0,0,0,0,0,0,0,
235727,26-07-2016,2016-2017,2016-2017,AIE,RCPT,841829,14GCOB102025,14GCOB102025,Alumni,General,School of Business,Integrated MBA (BBA+MBA),School of Business,Integrated MBA (BBA+MBA) 2014-15 V Sem X,1.32E+11,Fine Fee,0,2000,0,0,0,0,0,0,0,
235728,26-07-2016,2016-2017,2016-2017,AIE,RCPT,841829,14GCOB102025,14GCOB102025,Alumni,General,School of Business,Integrated MBA (BBA+MBA),School of Business,Integrated MBA (BBA+MBA) 2014-15 V Sem X,1.32E+11,Tuition Fee (Back Paper),0,3600,0,0,0,0,0,0,0,
235729,26-07-2016,2016-2017,2016-2017,AIE,RCPT,841829,14GCOB102025,14GCOB102025,Alumni,General,School of Business,Integrated MBA (BBA+MBA),School of Business,Integrated MBA (BBA+MBA) 2014-15 V Sem X,1.32E+11,Exam Fee (Back Paper),0,1000,0,0,0,0,0,0,0,
235730,26-07-2016,2016-2017,2016-2017,AIE,RCPT,840778,14GCOH101009,14GCOH101009,No Information,General,School of Hospitality,B.Sc (Hotel Management),School of Hospitality,B.Sc (Hotel Management) 2017-2018 III Sem VI,2.02E+11,Fine Fee,0,2000,0,0,0,0,0,0,0,
235731,26-07-2016,2016-2017,2016-2017,AIE,RCPT,840778,14GCOH101009,14GCOH101009,No Information,General,School of Hospitality,B.Sc (Hotel Management),School of Hospitality,B.Sc (Hotel Management) 2017-2018 III Sem VI,2.02E+11,Tuition Fee (Back Paper),0,3600,0,0,0,0,0,0,0,
235732,26-07-2016,2016-2017,2016-2017,AIE,RCPT,840778,14GCOH101009,14GCOH101009,No Information,General,School of Hospitality,B.Sc (Hotel Management),School of Hospitality,B.Sc (Hotel Management) 2017-2018 III Sem VI,2.02E+11,Exam Fee (Back Paper),0,1000,0,0,0,0,0,0,0,
235733,26-07-2016,2016-2017,2016-2017,AIE,RCPT,840647,14GCOL101001,14GCOL101001,No Information,General,School of Law,Test,School of Design, ,1.92E+11,Fine Fee,0,4000,0,0,0,0,0,0,0,
235734,26-07-2016,2016-2017,2016-2017,AIE,RCPT,840647,14GCOL101001,14GCOL101001,No Information,General,School of Law,Test,School of Design, ,1.92E+11,Tuition Fee (Back Paper),0,7200,0,0,0,0,0,0,0,
235735,26-07-2016,2016-2017,2016-2017,AIE,RCPT,840647,14GCOL101001,14GCOL101001,No Information,General,School of Law,Test,School of Design, ,1.92E+11,Exam Fee (Back Paper),0,2000,0,0,0,0,0,0,0,
235736,26-07-2016,2016-2017,2016-2017,AIE,RCPT,827724,14CCCE105019,14CCCE105019,Alumni,General,School of Computing Science & Engineering,B.Tech (Hons) in Computer Science & Engineering with Specialization in Cloud Computing & Virtualizations,School of Computing Science,B.Tech in CSCC 2014-15 IV Sem VIII,2.22E+11,Library BookC Recieved,0,300,0,0,0,0,0,0,0,
235737,26-07-2016,2016-2017,2016-2017,AIE,RCPT,827725,14CCCE105019,14CCCE105019,Alumni,General,School of Computing Science & Engineering,B.Tech (Hons) in Computer Science & Engineering with Specialization in Cloud Computing & Virtualizations,School of Computing Science,B.Tech in CSCC 2014-15 IV Sem VIII,2.22E+11,Library BookC Recieved,0,100,0,0,0,0,0,0,0,
235738,26-07-2016,2016-2017,2016-2017,AIE,RCPT,828768,14CCCE101403,14CCCE101403,Alumni,General,School of Computing Science & Engineering,B.Tech/B.Tech (Hons) Computer Science Engineering,School of Computing Science,B.Tech in CSE 2014-15 IV Sem VIII,2.22E+11,Library BookC Recieved,0,400,0,0,0,0,0,0,0,
235739,26-07-2016,2016-2017,2016-2017,AIE,RCPT,829423,14CCCE101337,14CCCE101337,Alumni,General,School of Computing Science & Engineering,B.Tech/B.Tech (Hons) Computer Science Engineering,School of Computing Science,B.Tech in CSE 2014-15 IV Sem VIII,2.22E+11,Library BookC Recieved,0,400,0,0,0,0,0,0,0,
235740,26-07-2016,2016-2017,2016-2017,AIE,RCPT,831328,14CCCE101133,14CCCE101133,Alumni,General,School of Computing Science & Engineering,B.Tech/B.Tech (Hons) Computer Science Engineering,School of Computing Science,B.Tech in CSE 2014-15 IV Sem VIII,2.22E+11,Library BookC Recieved,0,400,0,0,0,0,0,0,0,
235741,26-07-2016,2016-2017,2016-2017,AIE,RCPT,831310,14CCCE101135,14CCCE101135,Alumni,General,School of Computing Science & Engineering,B.Tech/B.Tech (Hons) Computer Science Engineering,School of Computing Science,B.Tech in CSE 2014-15 IV Sem VIII,2.22E+11,Library BookC Recieved,0,400,0,0,0,0,0,0,0,
235742,26-07-2016,2016-2017,2016-2017,AIE,RCPT,831361,14CCCE101131,14CCCE101131,Alumni,General,School of Computing Science & Engineering,B.Tech/B.Tech (Hons) Computer Science Engineering,School of Computing Science,B.Tech in CSE 2014-15 IV Sem VIII,2.22E+11,Exam Fee (Back Paper),0,500,0,0,0,0,0,0,0,
235743,26-07-2016,2016-2017,2016-2017,AIE,RCPT,829474,14CCCE101333,14CCCE101333,Alumni,General,School of Computing Science & Engineering,B.Tech/B.Tech (Hons) Computer Science Engineering,School of Computing Science,B.Tech in CSE 2014-15 IV Sem VIII,2.22E+11,Library BookC Recieved,0,400,0,0,0,0,0,0,0,
235744,26-07-2016,2016-2017,2016-2017,AIE,RCPT,829514,14CCCE101329,14CCCE101329,Alumni,General,School of Computing Science & Engineering,B.Tech/B.Tech (Hons) Computer Science Engineering,School of Computing Science,B.Tech in CSE 2014-15 IV Sem VIII,2.22E+11,Library BookC Recieved,0,400,0,0,0,0,0,0,0,
235745,26-07-2016,2016-2017,2016-2017,AIE,RCPT,829492,14CCCE101331,14CCCE101331,Alumni,General,School of Computing Science & Engineering,B.Tech/B.Tech (Hons) Computer Science Engineering,School of Computing Science,B.Tech in CSE 2014-15 IV Sem VIII,2.22E+11,Library BookC Recieved,0,400,0,0,0,0,0,0,0,
235746,26-07-2016,2016-2017,2016-2017,AIE,RCPT,829484,14CCCE101332,14CCCE101332,Alumni,General,School of Computing Science & Engineering,B.Tech/B.Tech (Hons) Computer Science Engineering,School of Computing Science,B.Tech in CSE 2014-15 IV Sem VIII,2.22E+11,Library BookC Recieved,0,400,0,0,0,0,0,0,0,
235747,26-07-2016,2016-2017,2016-2017,AIE,RCPT,831269,14CCCE101145,14CCCE101145,Alumni,General,School of Computing Science & Engineering,B.Tech/B.Tech (Hons) Computer Science Engineering,School of Computing Science,B.Tech in CSE 2014-15 IV Sem VIII,2.22E+11,Library BookC Recieved,0,400,0,0,0,0,0,0,0,
235748,26-07-2016,2016-2017,2016-2017,AIE,RCPT,829399,14CCCE101339,14CCCE101339,Alumni,General,School of Computing Science & Engineering,B.Tech/B.Tech (Hons) Computer Science Engineering,School of Computing Science,B.Tech in CSE 2014-15 IV Sem VIII,2.22E+11,Library BookC Recieved,0,400,0,0,0,0,0,0,0,
235749,26-07-2016,2016-2017,2016-2017,AIE,RCPT,831131,14CCCE101170,14CCCE101170,Alumni,General,School of Computing Science & Engineering,B.Tech/B.Tech (Hons) Computer Science Engineering,School of Computing Science,B.Tech in CSE 2014-15 IV Sem VIII,2.22E+11,Library BookC Recieved,0,400,0,0,0,0,0,0,0,
235750,26-07-2016,2016-2017,2016-2017,AIE,RCPT,831123,14CCCE101171,14CCCE101171,Alumni,General,School of Computing Science & Engineering,B.Tech/B.Tech (Hons) Computer Science Engineering,School of Computing Science,B.Tech in CSE 2014-15 IV Sem VIII,2.22E+11,Library BookC Recieved,0,400,0,0,0,0,0,0,0,
235751,26-07-2016,2016-2017,2016-2017,AIE,RCPT,828779,14CCCE101402,14CCCE101402,Alumni,General,School of Computing Science & Engineering,B.Tech/B.Tech (Hons) Computer Science Engineering,School of Computing Science,B.Tech in CSE 2014-15 IV Sem VIII,2.22E+11,Library BookC Recieved,0,400,0,0,0,0,0,0,0,
235752,26-07-2016,2016-2017,2016-2017,AIE,RCPT,829356,14CCCE101343,14CCCE101343,Alumni,General,School of Computing Science & Engineering,B.Tech/B.Tech (Hons) Computer Science Engineering,School of Computing Science,B.Tech in CSE 2014-15 IV Sem VIII,2.22E+11,Library BookC Recieved,0,400,0,0,0,0,0,0,0,
235753,26-07-2016,2016-2017,2016-2017,AIE,RCPT,831198,14CCCE101160,14CCCE101160,Alumni,General,School of Computing Science & Engineering,B.Tech/B.Tech (Hons) Computer Science Engineering,School of Computing Science,B.Tech in CSE 2014-15 IV Sem VIII,2.22E+11,Library BookC Recieved,0,400,0,0,0,0,0,0,0,
235754,26-07-2016,2016-2017,2016-2017,AIE,RCPT,829372,14CCCE101342,14CCCE101342,Alumni,General,School of Computing Science & Engineering,B.Tech/B.Tech (Hons) Computer Science Engineering,School of Computing Science,B.Tech in CSE 2014-15 IV Sem VIII,2.22E+11,Library BookC Recieved,0,400,0,0,0,0,0,0,0,
235755,26-07-2016,2016-2017,2016-2017,AIE,RCPT,831224,14CCCE101151,14CCCE101151,Alumni,General,School of Computing Science & Engineering,B.Tech/B.Tech (Hons) Computer Science Engineering,School of Computing Science,B.Tech in CSE 2014-15 IV Sem VIII,2.22E+11,Library BookC Recieved,0,400,0,0,0,0,0,0,0,
235756,26-07-2016,2016-2017,2016-2017,AIE,RCPT,831208,14CCCE101159,14CCCE101159,Alumni,General,School of Computing Science & Engineering,B.Tech/B.Tech (Hons) Computer Science Engineering,School of Computing Science,B.Tech in CSE 2014-15 IV Sem VIII,2.22E+11,Library BookC Recieved,0,400,0,0,0,0,0,0,0,
235757,26-07-2016,2016-2017,2016-2017,AIE,RCPT,829553,14CCCE101326,14CCCE101326,Alumni,General,School of Computing Science & Engineering,B.Tech/B.Tech (Hons) Computer Science Engineering,School of Computing Science,B.Tech in CSE 2014-15 IV Sem VIII,2.22E+11,Library BookC Recieved,0,400,0,0,0,0,0,0,0,
235758,26-07-2016,2016-2017,2016-2017,AIE,RCPT,831399,14CCCE101129,14CCCE101129,Alumni,General,School of Computing Science & Engineering,B.Tech/B.Tech (Hons) Computer Science Engineering,School of Computing Science,B.Tech in CSE 2014-15 IV Sem VIII,2.22E+11,Library BookC Recieved,0,400,0,0,0,0,0,0,0,
235759,26-07-2016,2016-2017,2016-2017,AIE,RCPT,831679,14CCCE101095,14CCCE101095,Alumni,General,School of Computing Science & Engineering,B.Tech/B.Tech (Hons) Computer Science Engineering,School of Computing Science,B.Tech in CSE 2014-15 IV Sem VIII,2.22E+11,Library BookC Recieved,0,400,0,0,0,0,0,0,0,
235760,26-07-2016,2016-2017,2016-2017,AIE,RCPT,831669,14CCCE101096,14CCCE101096,Alumni,General,School of Computing Science & Engineering,B.Tech/B.Tech (Hons) Computer Science Engineering,School of Computing Science,B.Tech in CSE 2014-15 IV Sem VIII,2.22E+11,Library BookC Recieved,0,400,0,0,0,0,0,0,0,
235761,26-07-2016,2016-2017,2016-2017,AIE,RCPT,829649,14CCCE101313,14CCCE101313,Alumni,General,School of Computing Science & Engineering,B.Tech/B.Tech (Hons) Computer Science Engineering,School of Computing Science,B.Tech in CSE 2014-15 IV Sem VIII,2.22E+11,Library BookC Recieved,0,400,0,0,0,0,0,0,0,
235762,26-07-2016,2016-2017,2016-2017,AIE,RCPT,831702,14CCCE101092,14CCCE101092,Alumni,General,School of Computing Science & Engineering,B.Tech/B.Tech (Hons) Computer Science Engineering,School of Computing Science,B.Tech in CSE 2014-15 IV Sem VIII,2.22E+11,Library BookC Recieved,0,400,0,0,0,0,0,0,0,
235763,26-07-2016,2016-2017,2016-2017,AIE,RCPT,831758,14CCCE101085,14CCCE101085,Alumni,General,School of Computing Science & Engineering,B.Tech/B.Tech (Hons) Computer Science Engineering,School of Computing Science,B.Tech in CSE 2014-15 IV Sem VIII,2.22E+11,Library BookC Recieved,0,400,0,0,0,0,0,0,0,
235764,26-07-2016,2016-2017,2016-2017,AIE,RCPT,831801,14CCCE101076,14CCCE101076,Alumni,General,School of Computing Science & Engineering,B.Tech/B.Tech (Hons) Computer Science Engineering,School of Computing Science,B.Tech in CSE 2014-15 IV Sem VIII,2.22E+11,Library BookC Recieved,0,400,0,0,0,0,0,0,0,
235765,26-07-2016,2016-2017,2016-2017,AIE,RCPT,831785,14CCCE101078,14CCCE101078,Alumni,General,School of Computing Science & Engineering,B.Tech/B.Tech (Hons) Computer Science Engineering,School of Computing Science,B.Tech in CSE 2014-15 IV Sem VIII,2.22E+11,Library BookC Recieved,0,400,0,0,0,0,0,0,0,
235766,26-07-2016,2016-2017,2016-2017,AIE,RCPT,831769,14CCCE101079,14CCCE101079,Alumni,General,School of Computing Science & Engineering,B.Tech/B.Tech (Hons) Computer Science Engineering,School of Computing Science,B.Tech in CSE 2014-15 IV Sem VIII,2.22E+11,Library BookC Recieved,0,400,0,0,0,0,0,0,0,
235767,26-07-2016,2016-2017,2016-2017,AIE,RCPT,831658,14CCCE101097,14CCCE101097,Alumni,General,School of Computing Science & Engineering,B.Tech/B.Tech (Hons) Computer Science Engineering,School of Computing Science,B.Tech in CSE 2014-15 IV Sem VIII,2.22E+11,Library BookC Recieved,0,400,0,0,0,0,0,0,0,
235768,26-07-2016,2016-2017,2016-2017,AIE,RCPT,828698,14CCCE101410,14CCCE101410,Alumni,General,School of Computing Science & Engineering,B.Tech/B.Tech (Hons) Computer Science Engineering,School of Computing Science,B.Tech in CSE 2014-15 IV Sem VIII,2.22E+11,Library BookC Recieved,0,400,0,0,0,0,0,0,0,
235769,26-07-2016,2016-2017,2016-2017,AIE,RCPT,831438,14CCCE101125,14CCCE101125,Alumni,General,School of Computing Science & Engineering,B.Tech (Hons) in Computer Science & Engineering with Specialization in Open Source Software & Open S,School of Computing Science,B.Tech in CSOS 2014-15 IV Sem VIII,2.22E+11,Library BookC Recieved,0,400,0,0,0,0,0,0,0,
235770,26-07-2016,2016-2017,2016-2017,AIE,RCPT,829574,14CCCE101324,14CCCE101324,Alumni,General,School of Computing Science & Engineering,B.Tech/B.Tech (Hons) Computer Science Engineering,School of Computing Science,B.Tech in CSE 2014-15 IV Sem VIII,2.22E+11,Library BookC Recieved,0,400,0,0,0,0,0,0,0,
235771,26-07-2016,2016-2017,2016-2017,AIE,RCPT,828746,14CCCE101406,14CCCE101406,Alumni,General,School of Computing Science & Engineering,B.Tech/B.Tech (Hons) Computer Science Engineering,School of Computing Science,B.Tech in CSE 2014-15 IV Sem VIII,2.22E+11,Fine Fee,0,1000,0,0,0,0,0,0,0,
235772,26-07-2016,2016-2017,2016-2017,AIE,RCPT,828746,14CCCE101406,14CCCE101406,Alumni,General,School of Computing Science & Engineering,B.Tech/B.Tech (Hons) Computer Science Engineering,School of Computing Science,B.Tech in CSE 2014-15 IV Sem VIII,2.22E+11,Tuition Fee (Back Paper),0,1800,0,0,0,0,0,0,0,
235773,26-07-2016,2016-2017,2016-2017,AIE,RCPT,828746,14CCCE101406,14CCCE101406,Alumni,General,School of Computing Science & Engineering,B.Tech/B.Tech (Hons) Computer Science Engineering,School of Computing Science,B.Tech in CSE 2014-15 IV Sem VIII,2.22E+11,Exam Fee (Back Paper),0,500,0,0,0,0,0,0,0,
235774,26-07-2016,2016-2017,2016-2017,AIE,RCPT,831463,14CCCE101123,14CCCE101123,Alumni,General,School of Computing Science & Engineering,B.Tech/B.Tech (Hons) Computer Science Engineering,School of Computing Science,B.Tech in CSE 2014-15 IV Sem VIII,2.22E+11,Library BookC Recieved,0,400,0,0,0,0,0,0,0,
235775,26-07-2016,2016-2017,2016-2017,AIE,RCPT,831502,14CCCE101117,14CCCE101117,Alumni,General,School of Computing Science & Engineering,B.Tech/B.Tech (Hons) Computer Science Engineering,School of Computing Science,B.Tech in CSE 2014-15 IV Sem VIII,2.22E+11,Library BookC Recieved,0,400,0,0,0,0,0,0,0,
235776,26-07-2016,2016-2017,2016-2017,AIE,RCPT,828719,14CCCE101409,14CCCE101409,Alumni,General,School of Computing Science & Engineering,B.Tech/B.Tech (Hons) Computer Science Engineering,School of Computing Science,B.Tech in CSE 2014-15 IV Sem VIII,2.22E+11,Library BookC Recieved,0,400,0,0,0,0,0,0,0,
235777,26-07-2016,2016-2017,2016-2017,AIE,RCPT,754082,16GCOB201074,16GCOB201074,Alumni,General,School of Business,MBA in dual specialization ,School of Business,MBA 2016-2017 II Sem IV,1.32E+11,TUITION FEE,0,100000,0,0,0,0,0,0,0,
235778,26-07-2016,2016-2017,2016-2017,AIE,RCPT,831512,14CCCE101114,14CCCE101114,Alumni,General,School of Computing Science & Engineering,B.Tech/B.Tech (Hons) Computer Science Engineering,School of Computing Science,B.Tech in CSE 2014-15 IV Sem VIII,2.22E+11,Library BookC Recieved,0,400,0,0,0,0,0,0,0,
235779,26-07-2016,2016-2017,2016-2017,AIE,RCPT,828793,14CCCE101400,14CCCE101400,Alumni,General,School of Computing Science & Engineering,B.Tech/B.Tech (Hons) Computer Science Engineering,School of Computing Science,B.Tech in CSE 2014-15 IV Sem VIII,2.22E+11,Library BookC Recieved,0,400,0,0,0,0,0,0,0,
235780,26-07-2016,2016-2017,2016-2017,AIE,RCPT,829342,14CCCE101344,14CCCE101344,Alumni,General,School of Computing Science & Engineering,B.Tech/B.Tech (Hons) Computer Science Engineering,School of Computing Science,B.Tech in CSE 2014-15 IV Sem VIII,2.22E+11,Library BookC Recieved,0,400,0,0,0,0,0,0,0,
235781,26-07-2016,2016-2017,2016-2017,CCAB,RCPT,829000,14CCCE101379,14CCCE101379,Alumni,General,School of Computing Science & Engineering,B.Tech/B.Tech (Hons) Computer Science Engineering,School of Computing Science,B.Tech in CSE 2014-15 IV Sem VIII,2.22E+11,Library BookC Recieved,0,400,0,0,0,0,0,0,0,
235782,26-07-2016,2016-2017,2016-2017,AIE,RCPT,753839,16GCOB201109,16GCOB201109,Alumni,General,School of Business,MBA in dual specialization ,School of Business,MBA 2016-2017 II Sem IV,1.32E+11,TUITION FEE,0,149000,0,0,0,0,0,0,0,
235783,26-07-2016,2016-2017,2016-2017,AIE,RCPT,753839,16GCOB201109,16GCOB201109,Alumni,General,School of Business,MBA in dual specialization ,School of Business,MBA 2016-2017 II Sem IV,1.32E+11,Exam Fee,0,10000,0,0,0,0,0,0,0,
235784,26-07-2016,2016-2017,2016-2017,AIE,RCPT,753833,16GCOB201110,16GCOB201110,Alumni,General,School of Business,MBA in dual specialization ,School of Business,MBA 2016-2017 II Sem IV,1.32E+11,TUITION FEE,0,149000,0,0,0,0,0,0,0,
235785,26-07-2016,2016-2017,2016-2017,AIE,RCPT,753833,16GCOB201110,16GCOB201110,Alumni,General,School of Business,MBA in dual specialization ,School of Business,MBA 2016-2017 II Sem IV,1.32E+11,Exam Fee,0,10000,0,0,0,0,0,0,0,
235786,26-07-2016,2016-2017,2016-2017,AIE,RCPT,753827,16GCOB201111,16GCOB201111,Alumni,General,School of Business,MBA in dual specialization ,School of Business,MBA 2016-2017 II Sem IV,1.32E+11,TUITION FEE,0,149000,0,0,0,0,0,0,0,
235787,26-07-2016,2016-2017,2016-2017,AIE,RCPT,753827,16GCOB201111,16GCOB201111,Alumni,General,School of Business,MBA in dual specialization ,School of Business,MBA 2016-2017 II Sem IV,1.32E+11,Exam Fee,0,10000,0,0,0,0,0,0,0,
235788,26-07-2016,2016-2017,2016-2017,AIE,RCPT,828845,14CCCE101392,14CCCE101392,Alumni,General,School of Computing Science & Engineering,B.Tech/B.Tech (Hons) Computer Science Engineering,School of Computing Science,B.Tech in CSE 2014-15 IV Sem VIII,2.22E+11,Library BookC Recieved,0,400,0,0,0,0,0,0,0,
235789,26-07-2016,2016-2017,2016-2017,CCAB,RCPT,829051,14CCCE101374,14CCCE101374,Alumni,General,School of Computing Science & Engineering,B.Tech/B.Tech (Hons) Computer Science Engineering,School of Computing Science,B.Tech in CSE 2014-15 IV Sem VIII,2.22E+11,Library BookC Recieved,0,400,0,0,0,0,0,0,0,
235790,26-07-2016,2016-2017,2016-2017,CCAB,RCPT,829075,14CCCE101372,14CCCE101372,Alumni,General,School of Computing Science & Engineering,B.Tech/B.Tech (Hons) Computer Science Engineering,School of Computing Science,B.Tech in CSE 2014-15 IV Sem VIII,2.22E+11,Library BookC Recieved,0,400,0,0,0,0,0,0,0,
235791,26-07-2016,2016-2017,2016-2017,CCAB,RCPT,829060,14CCCE101373,14CCCE101373,Alumni,General,School of Computing Science & Engineering,B.Tech/B.Tech (Hons) Computer Science Engineering,School of Computing Science,B.Tech in CSE 2014-15 IV Sem VIII,2.22E+11,Library BookC Recieved,0,400,0,0,0,0,0,0,0,
235792,26-07-2016,2016-2017,2016-2017,AIE,RCPT,828836,14CCCE101395,14CCCE101395,Alumni,General,School of Computing Science & Engineering,B.Tech/B.Tech (Hons) Computer Science Engineering,School of Computing Science,B.Tech in CSE 2014-15 IV Sem VIII,2.22E+11,Library BookC Recieved,0,400,0,0,0,0,0,0,0,
235793,26-07-2016,2016-2017,2016-2017,AIE,RCPT,828957,14CCCE101383,14CCCE101383,Alumni,General,School of Computing Science & Engineering,B.Tech/B.Tech (Hons) Computer Science Engineering,School of Computing Science,B.Tech in CSE 2014-15 IV Sem VIII,2.22E+11,Fine Fee,0,1000,0,0,0,0,0,0,0,
235794,26-07-2016,2016-2017,2016-2017,AIE,RCPT,828957,14CCCE101383,14CCCE101383,Alumni,General,School of Computing Science & Engineering,B.Tech/B.Tech (Hons) Computer Science Engineering,School of Computing Science,B.Tech in CSE 2014-15 IV Sem VIII,2.22E+11,Tuition Fee (Back Paper),0,1800,0,0,0,0,0,0,0,
235795,26-07-2016,2016-2017,2016-2017,AIE,RCPT,828957,14CCCE101383,14CCCE101383,Alumni,General,School of Computing Science & Engineering,B.Tech/B.Tech (Hons) Computer Science Engineering,School of Computing Science,B.Tech in CSE 2014-15 IV Sem VIII,2.22E+11,Exam Fee (Back Paper),0,500,0,0,0,0,0,0,0,
235796,26-07-2016,2016-2017,2016-2017,AIE,RCPT,753820,16GCOB201112,16GCOB201112,Alumni,General,School of Business,MBA in dual specialization ,School of Business,MBA 2016-2017 II Sem IV,1.32E+11,TUITION FEE,0,149000,0,0,0,0,0,0,0,
235797,26-07-2016,2016-2017,2016-2017,AIE,RCPT,753820,16GCOB201112,16GCOB201112,Alumni,General,School of Business,MBA in dual specialization ,School of Business,MBA 2016-2017 II Sem IV,1.32E+11,Exam Fee,0,10000,0,0,0,0,0,0,0,
235798,26-07-2016,2016-2017,2016-2017,AIE,RCPT,820382,15GCCE101099,15GCCE101099,Cancelled,General,School of Civil Engineering,B.Tech/B.Tech (Hons) Civil Engineering,School of Civil Engineering,B Tech Civil Engineering 2016-17 IV Sem VII,3.12E+11,Fine Fee,0,4000,0,0,0,0,0,0,0,
235799,26-07-2016,2016-2017,2016-2017,AIE,RCPT,820382,15GCCE101099,15GCCE101099,Cancelled,General,School of Civil Engineering,B.Tech/B.Tech (Hons) Civil Engineering,School of Civil Engineering,B Tech Civil Engineering 2016-17 IV Sem VII,3.12E+11,Tuition Fee (Back Paper),0,7200,0,0,0,0,0,0,0,
235800,26-07-2016,2016-2017,2016-2017,AIE,RCPT,820382,15GCCE101099,15GCCE101099,Cancelled,General,School of Civil Engineering,B.Tech/B.Tech (Hons) Civil Engineering,School of Civil Engineering,B Tech Civil Engineering 2016-17 IV Sem VII,3.12E+11,Exam Fee (Back Paper),0,2000,0,0,0,0,0,0,0,
235801,26-07-2016,2016-2017,2016-2017,AIE,RCPT,830998,14CCCE101185,14CCCE101185,Alumni,General,School of Computing Science & Engineering,B.Tech/B.Tech (Hons) Computer Science Engineering,School of Computing Science,B.Tech in CSE 2014-15 IV Sem VIII,2.22E+11,Library BookC Recieved,0,400,0,0,0,0,0,0,0,
235802,26-07-2016,2016-2017,2016-2017,AIE,RCPT,819829,15GCCE101157,15GCCE101157,No Information,General,School of Civil Engineering,B.Tech/B.Tech (Hons) Civil Engineering,School of Civil Engineering,B Tech Civil Engineering 2016-17 II Sem IV,3.12E+11,Fine Fee,0,2000,0,0,0,0,0,0,0,
235803,26-07-2016,2016-2017,2016-2017,AIE,RCPT,819829,15GCCE101157,15GCCE101157,No Information,General,School of Civil Engineering,B.Tech/B.Tech (Hons) Civil Engineering,School of Civil Engineering,B Tech Civil Engineering 2016-17 II Sem IV,3.12E+11,Tuition Fee (Back Paper),0,3600,0,0,0,0,0,0,0,
235804,26-07-2016,2016-2017,2016-2017,AIE,RCPT,819829,15GCCE101157,15GCCE101157,No Information,General,School of Civil Engineering,B.Tech/B.Tech (Hons) Civil Engineering,School of Civil Engineering,B Tech Civil Engineering 2016-17 II Sem IV,3.12E+11,Exam Fee (Back Paper),0,1000,0,0,0,0,0,0,0,
235805,26-07-2016,2016-2017,2016-2017,AIE,RCPT,753800,16GCOB201114,16GCOB201114,Alumni,General,School of Business,MBA in dual specialization ,School of Business,MBA 2016-2017 II Sem IV,1.32E+11,TUITION FEE,0,100000,0,0,0,0,0,0,0,
235806,26-07-2016,2016-2017,2016-2017,AIE,RCPT,753809,16GCOB201113,16GCOB201113,Alumni,General,School of Business,MBA in dual specialization ,School of Business,MBA 2016-2017 II Sem IV,1.32E+11,TUITION FEE,0,100000,0,0,0,0,0,0,0,
235807,26-07-2016,2016-2017,2016-2017,AIE,RCPT,828936,14CCCE101385,14CCCE101385,Alumni,General,School of Computing Science & Engineering,B.Tech/B.Tech (Hons) Computer Science Engineering,School of Computing Science,B.Tech in CSE 2014-15 IV Sem VIII,2.22E+11,Fine Fee,0,3000,0,0,0,0,0,0,0,
235808,26-07-2016,2016-2017,2016-2017,AIE,RCPT,828936,14CCCE101385,14CCCE101385,Alumni,General,School of Computing Science & Engineering,B.Tech/B.Tech (Hons) Computer Science Engineering,School of Computing Science,B.Tech in CSE 2014-15 IV Sem VIII,2.22E+11,Tuition Fee (Back Paper),0,5400,0,0,0,0,0,0,0,
235809,26-07-2016,2016-2017,2016-2017,AIE,RCPT,828936,14CCCE101385,14CCCE101385,Alumni,General,School of Computing Science & Engineering,B.Tech/B.Tech (Hons) Computer Science Engineering,School of Computing Science,B.Tech in CSE 2014-15 IV Sem VIII,2.22E+11,Exam Fee (Back Paper),0,1500,0,0,0,0,0,0,0,
235810,26-07-2016,2016-2017,2016-2017,AIE,RCPT,828918,14CCCE101386,14CCCE101386,Alumni,General,School of Computing Science & Engineering,B.Tech/B.Tech (Hons) Computer Science Engineering,School of Computing Science,B.Tech in CSE 2014-15 IV Sem VIII,2.22E+11,Library BookC Recieved,0,400,0,0,0,0,0,0,0,
235811,26-07-2016,2016-2017,2016-2017,AIE,RCPT,828886,14CCCE101389,14CCCE101389,Alumni,General,School of Computing Science & Engineering,B.Tech/B.Tech (Hons) Computer Science Engineering,School of Computing Science,B.Tech in CSE 2014-15 IV Sem VIII,2.22E+11,Library BookC Recieved,0,400,0,0,0,0,0,0,0,
235812,26-07-2016,2016-2017,2016-2017,AIE,RCPT,829084,14CCCE101371,14CCCE101371,Alumni,General,School of Computing Science & Engineering,B.Tech/B.Tech (Hons) Computer Science Engineering,School of Computing Science,B.Tech in CSE 2014-15 IV Sem VIII,2.22E+11,Library BookC Recieved,0,400,0,0,0,0,0,0,0,
235813,26-07-2016,2016-2017,2016-2017,CCAB,RCPT,829104,14CCCE101370,14CCCE101370,Alumni,General,School of Computing Science & Engineering,B.Tech/B.Tech (Hons) Computer Science Engineering,School of Computing Science,B.Tech in CSE 2014-15 IV Sem VIII,2.22E+11,Fine Fee,0,3000,0,0,0,0,0,0,0,
235814,26-07-2016,2016-2017,2016-2017,CCAB,RCPT,829104,14CCCE101370,14CCCE101370,Alumni,General,School of Computing Science & Engineering,B.Tech/B.Tech (Hons) Computer Science Engineering,School of Computing Science,B.Tech in CSE 2014-15 IV Sem VIII,2.22E+11,Tuition Fee (Back Paper),0,5400,0,0,0,0,0,0,0,
235815,26-07-2016,2016-2017,2016-2017,CCAB,RCPT,829104,14CCCE101370,14CCCE101370,Alumni,General,School of Computing Science & Engineering,B.Tech/B.Tech (Hons) Computer Science Engineering,School of Computing Science,B.Tech in CSE 2014-15 IV Sem VIII,2.22E+11,Exam Fee (Back Paper),0,1500,0,0,0,0,0,0,0,
235816,26-07-2016,2016-2017,2016-2017,AIE,RCPT,829290,14CCCE101350,14CCCE101350,Alumni,General,School of Computing Science & Engineering,B.Tech/B.Tech (Hons) Computer Science Engineering,School of Computing Science,B.Tech in CSE 2014-15 IV Sem VIII,2.22E+11,Library BookC Recieved,0,400,0,0,0,0,0,0,0,
235817,26-07-2016,2016-2017,2016-2017,AIE,RCPT,829280,14CCCE101351,14CCCE101351,Alumni,General,School of Computing Science & Engineering,B.Tech/B.Tech (Hons) Computer Science Engineering,School of Computing Science,B.Tech in CSE 2014-15 IV Sem VIII,2.22E+11,Library BookC Recieved,0,400,0,0,0,0,0,0,0,
235818,26-07-2016,2016-2017,2016-2017,AIE,RCPT,829268,14CCCE101352,14CCCE101352,Alumni,General,School of Computing Science & Engineering,B.Tech/B.Tech (Hons) Computer Science Engineering,School of Computing Science,B.Tech in CSE 2014-15 IV Sem VIII,2.22E+11,Library BookC Recieved,0,400,0,0,0,0,0,0,0,
235819,26-07-2016,2016-2017,2016-2017,AIE,RCPT,820462,15GCCE101088,15GCCE101088,Alumni,General,School of Civil Engineering,B.Tech/B.Tech (Hons) Civil Engineering,School of Civil Engineering,B Tech Civil Engineering 2015-16 V Sem IX,3.12E+11,Library BookC Recieved,0,300,0,0,0,0,0,0,0,
235820,26-07-2016,2016-2017,2016-2017,AIE,RCPT,829312,14CCCE101348,14CCCE101348,Alumni,General,School of Computing Science & Engineering,B.Tech/B.Tech (Hons) Computer Science Engineering,School of Computing Science,B.Tech in CSE 2014-15 IV Sem VIII,2.22E+11,Library BookC Recieved,0,400,0,0,0,0,0,0,0,
235821,26-07-2016,2016-2017,2016-2017,AIE,RCPT,828825,14CCCE101396,14CCCE101396,Alumni,General,School of Computing Science & Engineering,B.Tech/B.Tech (Hons) Computer Science Engineering,School of Computing Science,B.Tech in CSE 2014-15 IV Sem VIII,2.22E+11,Library BookC Recieved,0,300,0,0,0,0,0,0,0,
235822,26-07-2016,2016-2017,2016-2017,AIE,RCPT,830987,14CCCE101186,14CCCE101186,Alumni,General,School of Computing Science & Engineering,B.Tech/B.Tech (Hons) Computer Science Engineering,School of Computing Science,B.Tech in CSE 2014-15 IV Sem VIII,2.22E+11,Library BookC Recieved,0,400,0,0,0,0,0,0,0,
235823,26-07-2016,2016-2017,2016-2017,AIE,RCPT,820465,15GCCE101088,15GCCE101088,Alumni,General,School of Civil Engineering,B.Tech/B.Tech (Hons) Civil Engineering,School of Civil Engineering,B Tech Civil Engineering 2015-16 V Sem IX,3.12E+11,Fine Fee,0,3000,0,0,0,0,0,0,0,
235824,26-07-2016,2016-2017,2016-2017,AIE,RCPT,820465,15GCCE101088,15GCCE101088,Alumni,General,School of Civil Engineering,B.Tech/B.Tech (Hons) Civil Engineering,School of Civil Engineering,B Tech Civil Engineering 2015-16 V Sem IX,3.12E+11,Tuition Fee (Back Paper),0,5400,0,0,0,0,0,0,0,
235825,26-07-2016,2016-2017,2016-2017,AIE,RCPT,820465,15GCCE101088,15GCCE101088,Alumni,General,School of Civil Engineering,B.Tech/B.Tech (Hons) Civil Engineering,School of Civil Engineering,B Tech Civil Engineering 2015-16 V Sem IX,3.12E+11,Exam Fee (Back Paper),0,1500,0,0,0,0,0,0,0,
235826,26-07-2016,2016-2017,2016-2017,CCAB,RCPT,829258,14CCCE101353,14CCCE101353,Alumni,General,School of Computing Science & Engineering,B.Tech/B.Tech (Hons) Computer Science Engineering,School of Computing Science,B.Tech in CSE 2014-15 IV Sem VIII,2.22E+11,Library BookC Recieved,0,400,0,0,0,0,0,0,0,
235827,26-07-2016,2016-2017,2016-2017,CCAB,RCPT,829252,14CCCE101355,14CCCE101355,Alumni,General,School of Computing Science & Engineering,B.Tech/B.Tech (Hons) Computer Science Engineering,School of Computing Science,B.Tech in CSE 2014-15 IV Sem VIII,2.22E+11,Library BookC Recieved,0,400,0,0,0,0,0,0,0,
235828,26-07-2016,2016-2017,2016-2017,CCAB,RCPT,829181,14CCCE101363,14CCCE101363,Alumni,General,School of Computing Science & Engineering,B.Tech/B.Tech (Hons) Computer Science Engineering,School of Computing Science,B.Tech in CSE 2014-15 IV Sem VIII,2.22E+11,Library BookC Recieved,0,400,0,0,0,0,0,0,0,
235829,26-07-2016,2016-2017,2016-2017,,RCPT,829168,14CCCE101365,14CCCE101365,Alumni,General,School of Computing Science & Engineering,B.Tech/B.Tech (Hons) Computer Science Engineering,School of Computing Science,B.Tech in CSE 2014-15 IV Sem VIII,2.22E+11,Library BookC Recieved,0,400,0,0,0,0,0,0,0,
235830,26-07-2016,2016-2017,2016-2017,CCAB,RCPT,829123,14CCCE101368,14CCCE101368,Alumni,General,School of Computing Science & Engineering,B.Tech/B.Tech (Hons) Computer Science Engineering,School of Computing Science,B.Tech in CSE 2014-15 IV Sem VIII,2.22E+11,Library BookC Recieved,0,400,0,0,0,0,0,0,0,
235831,26-07-2016,2016-2017,2016-2017,CCAB,RCPT,829195,14CCCE101361,14CCCE101361,Alumni,General,School of Computing Science & Engineering,B.Tech/B.Tech (Hons) Computer Science Engineering,School of Computing Science,B.Tech in CSE 2014-15 IV Sem VIII,2.22E+11,Library BookC Recieved,0,400,0,0,0,0,0,0,0,
235832,26-07-2016,2016-2017,2016-2017,AIE,RCPT,829203,14CCCE101360,14CCCE101360,Alumni,General,School of Computing Science & Engineering,B.Tech/B.Tech (Hons) Computer Science Engineering,School of Computing Science,B.Tech in CSE 2014-15 IV Sem VIII,2.22E+11,Library BookC Recieved,0,400,0,0,0,0,0,0,0,
235833,26-07-2016,2016-2017,2016-2017,CCAB,RCPT,829234,14CCCE101357,14CCCE101357,Alumni,General,School of Computing Science & Engineering,B.Tech/B.Tech (Hons) Computer Science Engineering,School of Computing Science,B.Tech in CSE 2014-15 IV Sem VIII,2.22E+11,Library BookC Recieved,0,400,0,0,0,0,0,0,0,
235834,26-07-2016,2016-2017,2016-2017,CCAB,RCPT,829220,14CCCE101358,14CCCE101358,Alumni,General,School of Computing Science & Engineering,B.Tech/B.Tech (Hons) Computer Science Engineering,School of Computing Science,B.Tech in CSE 2014-15 IV Sem VIII,2.22E+11,Library BookC Recieved,0,400,0,0,0,0,0,0,0,
235835,26-07-2016,2016-2017,2016-2017,CCAB,RCPT,829210,14CCCE101359,14CCCE101359,Alumni,General,School of Computing Science & Engineering,B.Tech/B.Tech (Hons) Computer Science Engineering,School of Computing Science,B.Tech in CSE 2014-15 IV Sem VIII,2.22E+11,Library BookC Recieved,0,400,0,0,0,0,0,0,0,
235836,26-07-2016,2016-2017,2016-2017,AIE,RCPT,831814,14CCCE101075,14CCCE101075,Alumni,General,School of Computing Science & Engineering,B.Tech/B.Tech (Hons) Computer Science Engineering,School of Computing Science,B.Tech in CSE 2014-15 IV Sem VIII,2.22E+11,Library BookC Recieved,0,400,0,0,0,0,0,0,0,
235837,26-07-2016,2016-2017,2016-2017,AIE,RCPT,831890,14CCCE101067,14CCCE101067,Alumni,General,School of Computing Science & Engineering,B.Tech/B.Tech (Hons) Computer Science Engineering,School of Computing Science,B.Tech in CSE 2014-15 IV Sem VIII,2.22E+11,Library BookC Recieved,0,400,0,0,0,0,0,0,0,
235838,26-07-2016,2016-2017,2016-2017,AIE,RCPT,830141,14CCCE101266,14CCCE101266,Alumni,General,School of Computing Science & Engineering,B.Tech/B.Tech (Hons) Computer Science Engineering,School of Computing Science,B.Tech in CSE 2014-15 IV Sem VIII,2.22E+11,Library BookC Recieved,0,400,0,0,0,0,0,0,0,
235839,26-07-2016,2016-2017,2016-2017,AIE,RCPT,828384,14CCCE102007,14CCCE102007,Alumni,General,School of Computing Science & Engineering,B.Tech/B.Tech (Hons) Computer Science Engineering,School of Computing Science,B.Tech in CSE 2014-15 IV Sem VIII,2.22E+11,Library BookC Recieved,0,400,0,0,0,0,0,0,0,
235840,26-07-2016,2016-2017,2016-2017,AIE,RCPT,832548,14CCME204004,14CCME204004,No Information,General,School of Civil Engineering,M.Tech Energy & Environmental Engineering,School of Civil Engineering,M.Tech Energy & Environmental Engineering 2017-2018 II Sem IV,2.32E+11,Fine Fee,0,4000,0,0,0,0,0,0,0,
235841,26-07-2016,2016-2017,2016-2017,AIE,RCPT,832548,14CCME204004,14CCME204004,No Information,General,School of Civil Engineering,M.Tech Energy & Environmental Engineering,School of Civil Engineering,M.Tech Energy & Environmental Engineering 2017-2018 II Sem IV,2.32E+11,Tuition Fee (Back Paper),0,7200,0,0,0,0,0,0,0,
235842,26-07-2016,2016-2017,2016-2017,AIE,RCPT,832548,14CCME204004,14CCME204004,No Information,General,School of Civil Engineering,M.Tech Energy & Environmental Engineering,School of Civil Engineering,M.Tech Energy & Environmental Engineering 2017-2018 II Sem IV,2.32E+11,Exam Fee (Back Paper),0,2000,0,0,0,0,0,0,0,
235843,26-07-2016,2016-2017,2016-2017,AIE,RCPT,830086,14CCCE101271,14CCCE101271,Alumni,General,School of Computing Science & Engineering,B.Tech/B.Tech (Hons) Computer Science Engineering,School of Computing Science,B.Tech in CSE 2014-15 IV Sem VIII,2.22E+11,Exam Fee (Back Paper),0,400,0,0,0,0,0,0,0,
235844,26-07-2016,2016-2017,2016-2017,AIE,RCPT,830178,14CCCE101262,14CCCE101262,Alumni,General,School of Computing Science & Engineering,B.Tech/B.Tech (Hons) Computer Science Engineering,School of Computing Science,B.Tech in CSE 2014-15 IV Sem VIII,2.22E+11,Library BookC Recieved,0,400,0,0,0,0,0,0,0,
235845,26-07-2016,2016-2017,2016-2017,AIE,RCPT,830186,14CCCE101261,14CCCE101261,Alumni,General,School of Computing Science & Engineering,B.Tech/B.Tech (Hons) Computer Science Engineering,School of Computing Science,B.Tech in CSE 2014-15 IV Sem VIII,2.22E+11,Exam Fee (Back Paper),0,400,0,0,0,0,0,0,0,
235846,26-07-2016,2016-2017,2016-2017,AIE,RCPT,830243,14CCCE101256,14CCCE101256,Alumni,General,School of Computing Science & Engineering,B.Tech/B.Tech (Hons) Computer Science Engineering,School of Computing Science,B.Tech in CSE 2014-15 IV Sem VIII,2.22E+11,Library BookC Recieved,0,400,0,0,0,0,0,0,0,
235847,26-07-2016,2016-2017,2016-2017,AIE,RCPT,830221,14CCCE101257,14CCCE101257,Alumni,General,School of Computing Science & Engineering,B.Tech/B.Tech (Hons) Computer Science Engineering,School of Computing Science,B.Tech in CSE 2014-15 IV Sem VIII,2.22E+11,Library BookC Recieved,0,400,0,0,0,0,0,0,0,
235848,26-07-2016,2016-2017,2016-2017,AIE,RCPT,754259,16GCOB201049,16GCOB201049,Alumni,General,School of Business,MBA in dual specialization ,School of Business,MBA 2016-2017 II Sem IV,1.32E+11,TUITION FEE,0,114000,0,0,0,0,0,0,0,
235849,26-07-2016,2016-2017,2016-2017,AIE,RCPT,828410,14CCCE102005,14CCCE102005,Alumni,General,School of Computing Science & Engineering,B.Tech/B.Tech (Hons) Computer Science Engineering,School of Computing Science,B.Tech in CSE 2014-15 IV Sem VIII,2.22E+11,Library BookC Recieved,0,400,0,0,0,0,0,0,0,
235850,26-07-2016,2016-2017,2016-2017,AIE,RCPT,832526,14CCME205003,14CCME205003,Alumni,General,School of Mechanical Engineering,M.Tech Automobile Engineering,School of Mechanical Engineering,M.Tech Automobile Engineering 2014-2015 II Sem IV,2.32E+11,Reckecking/Scrutiny Fee,0,1000,0,0,0,0,0,0,0,
235851,26-07-2016,2016-2017,2016-2017,AIE,RCPT,829959,14CCCE101281,14CCCE101281,No Information,General,School of Computing Science & Engineering,B.Tech/B.Tech (Hons) Computer Science Engineering,School of Computing Science,B.Tech in CSE 2014-15 IV Sem VIII,2.22E+11,Fine Fee,0,4000,0,0,0,0,0,0,0,
235852,26-07-2016,2016-2017,2016-2017,AIE,RCPT,829959,14CCCE101281,14CCCE101281,No Information,General,School of Computing Science & Engineering,B.Tech/B.Tech (Hons) Computer Science Engineering,School of Computing Science,B.Tech in CSE 2014-15 IV Sem VIII,2.22E+11,Tuition Fee (Back Paper),0,7200,0,0,0,0,0,0,0,
235853,26-07-2016,2016-2017,2016-2017,AIE,RCPT,829959,14CCCE101281,14CCCE101281,No Information,General,School of Computing Science & Engineering,B.Tech/B.Tech (Hons) Computer Science Engineering,School of Computing Science,B.Tech in CSE 2014-15 IV Sem VIII,2.22E+11,Exam Fee (Back Paper),0,2000,0,0,0,0,0,0,0,
235854,26-07-2016,2016-2017,2016-2017,AIE,RCPT,828445,14CCCE102002,14CCCE102002,Alumni,General,School of Computing Science & Engineering,B.Tech/B.Tech (Hons) Computer Science Engineering,School of Computing Science,B.Tech in CSE 2014-15 IV Sem VIII,2.22E+11,Library BookC Recieved,0,400,0,0,0,0,0,0,0,
235855,26-07-2016,2016-2017,2016-2017,AIE,RCPT,832498,14CCME205009,14CCME205009,Alumni,General,School of Mechanical Engineering,M.Tech Automobile Engineering,School of Mechanical Engineering,M.Tech Automobile Engineering 2014-2015 II Sem IV,2.32E+11,Reckecking/Scrutiny Fee,0,1000,0,0,0,0,0,0,0,
235856,26-07-2016,2016-2017,2016-2017,AIE,RCPT,829971,14CCCE101280,14CCCE101280,Alumni,General,School of Computing Science & Engineering,B.Tech/B.Tech (Hons) Computer Science Engineering,School of Computing Science,B.Tech in CSE 2014-15 IV Sem VIII,2.22E+11,Library BookC Recieved,0,400,0,0,0,0,0,0,0,
235857,26-07-2016,2016-2017,2016-2017,AIE,RCPT,832505,14CCME205008,14CCME205008,Alumni,General,School of Mechanical Engineering,M.Tech Automobile Engineering,School of Mechanical Engineering,M.Tech Automobile Engineering 2014-2015 II Sem IV,2.32E+11,Reckecking/Scrutiny Fee,0,1000,0,0,0,0,0,0,0,
235858,26-07-2016,2016-2017,2016-2017,AIE,RCPT,830031,14CCCE101275,14CCCE101275,Alumni,General,School of Computing Science & Engineering,B.Tech/B.Tech (Hons) Computer Science Engineering,School of Computing Science,B.Tech in CSE 2014-15 IV Sem VIII,2.22E+11,Library BookC Recieved,0,400,0,0,0,0,0,0,0,
235859,26-07-2016,2016-2017,2016-2017,AIE,RCPT,830018,14CCCE101276,14CCCE101276,Alumni,General,School of Computing Science & Engineering,B.Tech/B.Tech (Hons) Computer Science Engineering,School of Computing Science,B.Tech in CSE 2014-15 IV Sem VIII,2.22E+11,Library BookC Recieved,0,400,0,0,0,0,0,0,0,
235860,26-07-2016,2016-2017,2016-2017,AIE,RCPT,828435,14CCCE102003,14CCCE102003,No Information,General,School of Computing Science & Engineering,B.Tech/B.Tech (Hons) Computer Science Engineering,School of Computing Science,B.Tech in CSE 2015-16 III Sem VI,2.22E+11,Fine Fee,0,5000,0,0,0,0,0,0,0,
235861,26-07-2016,2016-2017,2016-2017,AIE,RCPT,828435,14CCCE102003,14CCCE102003,No Information,General,School of Computing Science & Engineering,B.Tech/B.Tech (Hons) Computer Science Engineering,School of Computing Science,B.Tech in CSE 2015-16 III Sem VI,2.22E+11,Tuition Fee (Back Paper),0,9000,0,0,0,0,0,0,0,
235862,26-07-2016,2016-2017,2016-2017,AIE,RCPT,828435,14CCCE102003,14CCCE102003,No Information,General,School of Computing Science & Engineering,B.Tech/B.Tech (Hons) Computer Science Engineering,School of Computing Science,B.Tech in CSE 2015-16 III Sem VI,2.22E+11,Exam Fee (Back Paper),0,4000,0,0,0,0,0,0,0,
235863,26-07-2016,2016-2017,2016-2017,AIE,RCPT,830252,14CCCE101255,14CCCE101255,Alumni,General,School of Computing Science & Engineering,B.Tech/B.Tech (Hons) Computer Science Engineering,School of Computing Science,B.Tech in CSE 2014-15 IV Sem VIII,2.22E+11,Library BookC Recieved,0,400,0,0,0,0,0,0,0,
235864,26-07-2016,2016-2017,2016-2017,AIE,RCPT,819616,15GCCE101184,15GCCE101184,Alumni,General,School of Electrical Electronics & Communication Engineering,B.Tech/B.Tech (Hons) Electronics & Communications Engineering,School of Electrical  Electronics,ELECTRONICS AND COMMUNICATION ENGINEERING-2015-16 V Sem IX,2.42E+11,Library BookC Recieved,0,300,0,0,0,0,0,0,0,
235865,26-07-2016,2016-2017,2016-2017,AIE,RCPT,827841,14CCCE105003,14CCCE105003,Alumni,General,School of Computing Science & Engineering,B.Tech (Hons) in Computer Science & Engineering with Specialization in Cloud Computing & Virtualizations,School of Computing Science,B.Tech in CSCC 2014-15 IV Sem VIII,2.22E+11,Library BookC Recieved,0,400,0,0,0,0,0,0,0,
235866,26-07-2016,2016-2017,2016-2017,AIE,RCPT,827849,14CCCE105002,14CCCE105002,Alumni,General,School of Computing Science & Engineering,B.Tech (Hons) in Computer Science & Engineering with Specialization in Cloud Computing & Virtualizations,School of Computing Science,B.Tech in CSCC 2014-15 IV Sem VIII,2.22E+11,Library BookC Recieved,0,400,0,0,0,0,0,0,0,
235867,26-07-2016,2016-2017,2016-2017,AIE,RCPT,827855,14CCCE105001,14CCCE105001,Alumni,General,School of Computing Science & Engineering,B.Tech (Hons) in Computer Science & Engineering with Specialization in Cloud Computing & Virtualizations,School of Computing Science,B.Tech in CSCC 2014-15 IV Sem VIII,2.22E+11,Library BookC Recieved,0,400,0,0,0,0,0,0,0,
235868,26-07-2016,2016-2017,2016-2017,AIE,RCPT,827829,14CCCE105005,14CCCE105005,Alumni,General,School of Computing Science & Engineering,B.Tech (Hons) in Computer Science & Engineering with Specialization in Cloud Computing & Virtualizations,School of Computing Science,B.Tech in CSCC 2014-15 IV Sem VIII,2.22E+11,Library BookC Recieved,0,400,0,0,0,0,0,0,0,
235869,26-07-2016,2016-2017,2016-2017,AIE,RCPT,827821,14CCCE105006,14CCCE105006,Alumni,General,School of Computing Science & Engineering,B.Tech (Hons) in Computer Science & Engineering with Specialization in Cloud Computing & Virtualizations,School of Computing Science,B.Tech in CSCC 2014-15 IV Sem VIII,2.22E+11,Library BookC Recieved,0,400,0,0,0,0,0,0,0,
235870,26-07-2016,2016-2017,2016-2017,AIE,RCPT,827763,14CCCE105011,14CCCE105011,Alumni,General,School of Computing Science & Engineering,B.Tech (Hons) in Computer Science & Engineering with Specialization in Cloud Computing & Virtualizations,School of Computing Science,B.Tech in CSCC 2014-15 IV Sem VIII,2.22E+11,Library BookC Recieved,0,400,0,0,0,0,0,0,0,
235871,26-07-2016,2016-2017,2016-2017,AIE,RCPT,827786,14CCCE105009,14CCCE105009,Alumni,General,School of Computing Science & Engineering,B.Tech (Hons) in Computer Science & Engineering with Specialization in Cloud Computing & Virtualizations,School of Computing Science,B.Tech in CSCC 2014-15 IV Sem VIII,2.22E+11,Library BookC Recieved,0,400,0,0,0,0,0,0,0,
235872,26-07-2016,2016-2017,2016-2017,AIE,RCPT,827808,14CCCE105007,14CCCE105007,Alumni,General,School of Computing Science & Engineering,B.Tech (Hons) in Computer Science & Engineering with Specialization in Cloud Computing & Virtualizations,School of Computing Science,B.Tech in CSCC 2014-15 IV Sem VIII,2.22E+11,Fine Fee,0,5000,0,0,0,0,0,0,0,
235873,26-07-2016,2016-2017,2016-2017,AIE,RCPT,827808,14CCCE105007,14CCCE105007,Alumni,General,School of Computing Science & Engineering,B.Tech (Hons) in Computer Science & Engineering with Specialization in Cloud Computing & Virtualizations,School of Computing Science,B.Tech in CSCC 2014-15 IV Sem VIII,2.22E+11,Tuition Fee (Back Paper),0,9000,0,0,0,0,0,0,0,
235874,26-07-2016,2016-2017,2016-2017,AIE,RCPT,827808,14CCCE105007,14CCCE105007,Alumni,General,School of Computing Science & Engineering,B.Tech (Hons) in Computer Science & Engineering with Specialization in Cloud Computing & Virtualizations,School of Computing Science,B.Tech in CSCC 2014-15 IV Sem VIII,2.22E+11,Exam Fee (Back Paper),0,2500,0,0,0,0,0,0,0,
235875,26-07-2016,2016-2017,2016-2017,AIE,RCPT,739535,16CCCE101487,16CCCE101487,Alumni,General,School of Computing Science & Engineering,B.Tech/B.Tech (Hons) Computer Science Engineering,School of Computing Science,B.Tech in CSE 2016-17 IV Sem VIII,2.22E+11,TUITION FEE,0,59000,0,0,0,0,0,0,0,
235876,26-07-2016,2016-2017,2016-2017,AIE,RCPT,827942,14CCCE104058,14CCCE104058,No Information,General,School of Computing Science & Engineering,BCA,School of Computing Science,BCA 2017-2018 III Sem VI,2.22E+11,Fine Fee,0,2000,0,0,0,0,0,0,0,
235877,26-07-2016,2016-2017,2016-2017,AIE,RCPT,827942,14CCCE104058,14CCCE104058,No Information,General,School of Computing Science & Engineering,BCA,School of Computing Science,BCA 2017-2018 III Sem VI,2.22E+11,Tuition Fee (Back Paper),0,3600,0,0,0,0,0,0,0,
235878,26-07-2016,2016-2017,2016-2017,AIE,RCPT,827942,14CCCE104058,14CCCE104058,No Information,General,School of Computing Science & Engineering,BCA,School of Computing Science,BCA 2017-2018 III Sem VI,2.22E+11,Exam Fee (Back Paper),0,1000,0,0,0,0,0,0,0,
235879,26-07-2016,2016-2017,2016-2017,AIE,RCPT,830323,14CCCE101248,14CCCE101248,Alumni,General,School of Computing Science & Engineering,B.Tech/B.Tech (Hons) Computer Science Engineering,School of Computing Science,B.Tech in CSE 2014-15 IV Sem VIII,2.22E+11,Library BookC Recieved,0,400,0,0,0,0,0,0,0,
235880,26-07-2016,2016-2017,2016-2017,AIE,RCPT,828200,14CCCE104018,14CCCE104018,No Information,General,School of Computing Science & Engineering,BCA,School of Computing Science,BCA 2017-2018 III Sem VI,2.22E+11,Fine Fee,0,3000,0,0,0,0,0,0,0,
235881,26-07-2016,2016-2017,2016-2017,AIE,RCPT,828200,14CCCE104018,14CCCE104018,No Information,General,School of Computing Science & Engineering,BCA,School of Computing Science,BCA 2017-2018 III Sem VI,2.22E+11,Tuition Fee (Back Paper),0,5400,0,0,0,0,0,0,0,
235882,26-07-2016,2016-2017,2016-2017,AIE,RCPT,828200,14CCCE104018,14CCCE104018,No Information,General,School of Computing Science & Engineering,BCA,School of Computing Science,BCA 2017-2018 III Sem VI,2.22E+11,Exam Fee (Back Paper),0,1500,0,0,0,0,0,0,0,
235883,26-07-2016,2016-2017,2016-2017,AIE,RCPT,830259,14CCCE101254,14CCCE101254,Alumni,General,School of Computing Science & Engineering,B.Tech/B.Tech (Hons) Computer Science Engineering,School of Computing Science,B.Tech in CSE 2014-15 IV Sem VIII,2.22E+11,Exam Fee (Back Paper),0,400,0,0,0,0,0,0,0,
235884,26-07-2016,2016-2017,2016-2017,AIE,RCPT,828141,14CCCE104027,14CCCE104027,No Information,General,School of Computing Science & Engineering,BCA,School of Computing Science,BCA 2017-2018 III Sem VI,2.22E+11,Fine Fee,0,7000,0,0,0,0,0,0,0,
235885,26-07-2016,2016-2017,2016-2017,AIE,RCPT,828141,14CCCE104027,14CCCE104027,No Information,General,School of Computing Science & Engineering,BCA,School of Computing Science,BCA 2017-2018 III Sem VI,2.22E+11,Tuition Fee (Back Paper),0,12600,0,0,0,0,0,0,0,
235886,26-07-2016,2016-2017,2016-2017,AIE,RCPT,828141,14CCCE104027,14CCCE104027,No Information,General,School of Computing Science & Engineering,BCA,School of Computing Science,BCA 2017-2018 III Sem VI,2.22E+11,Exam Fee (Back Paper),0,3500,0,0,0,0,0,0,0,
235887,26-07-2016,2016-2017,2016-2017,AIE,RCPT,830384,14CCCE101243,14CCCE101243,Alumni,General,School of Computing Science & Engineering,B.Tech/B.Tech (Hons) Computer Science Engineering,School of Computing Science,B.Tech in CSE 2014-15 IV Sem VIII,2.22E+11,Library BookC Recieved,0,400,0,0,0,0,0,0,0,
235888,26-07-2016,2016-2017,2016-2017,AIE,RCPT,828025,14CCCE104044,14CCCE104044,No Information,General,School of Computing Science & Engineering,BCA,School of Computing Science,BCA 2017-2018 III Sem VI,2.22E+11,Fine Fee,0,5000,0,0,0,0,0,0,0,
235889,26-07-2016,2016-2017,2016-2017,AIE,RCPT,828025,14CCCE104044,14CCCE104044,No Information,General,School of Computing Science & Engineering,BCA,School of Computing Science,BCA 2017-2018 III Sem VI,2.22E+11,Tuition Fee (Back Paper),0,9000,0,0,0,0,0,0,0,
235890,26-07-2016,2016-2017,2016-2017,AIE,RCPT,828025,14CCCE104044,14CCCE104044,No Information,General,School of Computing Science & Engineering,BCA,School of Computing Science,BCA 2017-2018 III Sem VI,2.22E+11,Exam Fee (Back Paper),0,2500,0,0,0,0,0,0,0,
235891,26-07-2016,2016-2017,2016-2017,AIE,RCPT,828068,14CCCE104038,14CCCE104038,No Information,General,School of Computing Science & Engineering,BCA,School of Computing Science,BCA 2017-2018 III Sem VI,2.22E+11,Fine Fee,0,2000,0,0,0,0,0,0,0,
235892,26-07-2016,2016-2017,2016-2017,AIE,RCPT,828068,14CCCE104038,14CCCE104038,No Information,General,School of Computing Science & Engineering,BCA,School of Computing Science,BCA 2017-2018 III Sem VI,2.22E+11,Tuition Fee (Back Paper),0,3600,0,0,0,0,0,0,0,
235893,26-07-2016,2016-2017,2016-2017,AIE,RCPT,828068,14CCCE104038,14CCCE104038,No Information,General,School of Computing Science & Engineering,BCA,School of Computing Science,BCA 2017-2018 III Sem VI,2.22E+11,Exam Fee (Back Paper),0,1000,0,0,0,0,0,0,0,
235894,26-07-2016,2016-2017,2016-2017,AIE,RCPT,830393,14CCCE101241,14CCCE101241,Alumni,General,School of Computing Science & Engineering,B.Tech/B.Tech (Hons) Computer Science Engineering,School of Computing Science,B.Tech in CSE 2014-15 IV Sem VIII,2.22E+11,Library BookC Recieved,0,400,0,0,0,0,0,0,0,
235895,26-07-2016,2016-2017,2016-2017,AIE,RCPT,829943,14CCCE101284,14CCCE101284,Alumni,General,School of Computing Science & Engineering,B.Tech/B.Tech (Hons) Computer Science Engineering,School of Computing Science,B.Tech in CSE 2014-15 IV Sem VIII,2.22E+11,Library BookC Recieved,0,400,0,0,0,0,0,0,0,
235896,26-07-2016,2016-2017,2016-2017,AIE,RCPT,829916,14CCCE101286,14CCCE101286,Alumni,General,School of Computing Science & Engineering,B.Tech/B.Tech (Hons) Computer Science Engineering,School of Computing Science,B.Tech in CSE 2014-15 IV Sem VIII,2.22E+11,Library BookC Recieved,0,400,0,0,0,0,0,0,0,
235897,26-07-2016,2016-2017,2016-2017,AIE,RCPT,832146,14CCCE101039,14CCCE101039,Alumni,General,School of Computing Science & Engineering,B.Tech/B.Tech (Hons) Computer Science Engineering,School of Computing Science,B.Tech in CSE 2014-15 IV Sem VIII,2.22E+11,Library BookC Recieved,0,400,0,0,0,0,0,0,0,
235898,26-07-2016,2016-2017,2016-2017,AIE,RCPT,832134,14CCCE101041,14CCCE101041,Alumni,General,School of Computing Science & Engineering,B.Tech/B.Tech (Hons) Computer Science Engineering,School of Computing Science,B.Tech in CSE 2014-15 IV Sem VIII,2.22E+11,Library BookC Recieved,0,400,0,0,0,0,0,0,0,
235899,26-07-2016,2016-2017,2016-2017,AIE,RCPT,832113,14CCCE101043,14CCCE101043,Alumni,General,School of Computing Science & Engineering,B.Tech/B.Tech (Hons) Computer Science Engineering,School of Computing Science,B.Tech in CSE 2014-15 IV Sem VIII,2.22E+11,Library BookC Recieved,0,400,0,0,0,0,0,0,0,
235900,26-07-2016,2016-2017,2016-2017,AIE,RCPT,832157,14CCCE101038,14CCCE101038,Alumni,General,School of Computing Science & Engineering,B.Tech/B.Tech (Hons) Computer Science Engineering,School of Computing Science,B.Tech in CSE 2014-15 IV Sem VIII,2.22E+11,Library BookC Recieved,0,400,0,0,0,0,0,0,0,
235901,26-07-2016,2016-2017,2016-2017,AIE,RCPT,832169,14CCCE101036,14CCCE101036,Alumni,General,School of Computing Science & Engineering,B.Tech/B.Tech (Hons) Computer Science Engineering,School of Computing Science,B.Tech in CSE 2014-15 IV Sem VIII,2.22E+11,Library BookC Recieved,0,400,0,0,0,0,0,0,0,
235902,26-07-2016,2016-2017,2016-2017,AIE,RCPT,832233,14CCCE101029,14CCCE101029,Alumni,General,School of Computing Science & Engineering,B.Tech/B.Tech (Hons) Computer Science Engineering,School of Computing Science,B.Tech in CSE 2014-15 IV Sem VIII,2.22E+11,Degree/Convocation/Certificate fee,0,400,0,0,0,0,0,0,0,
235903,26-07-2016,2016-2017,2016-2017,AIE,RCPT,829667,14CCCE101311,14CCCE101311,Alumni,General,School of Computing Science & Engineering,B.Tech/B.Tech (Hons) Computer Science Engineering,School of Computing Science,B.Tech in CSE 2014-15 IV Sem VIII,2.22E+11,Library BookC Recieved,0,400,0,0,0,0,0,0,0,
235904,26-07-2016,2016-2017,2016-2017,AIE,RCPT,829660,14CCCE101312,14CCCE101312,Alumni,General,School of Computing Science & Engineering,B.Tech/B.Tech (Hons) Computer Science Engineering,School of Computing Science,B.Tech in CSE 2014-15 IV Sem VIII,2.22E+11,Library BookC Recieved,0,400,0,0,0,0,0,0,0,
235905,26-07-2016,2016-2017,2016-2017,AIE,RCPT,832095,14CCCE101045,14CCCE101045,Alumni,General,School of Computing Science & Engineering,B.Tech/B.Tech (Hons) Computer Science Engineering,School of Computing Science,B.Tech in CSE 2014-15 IV Sem VIII,2.22E+11,Library BookC Recieved,0,400,0,0,0,0,0,0,0,
235906,26-07-2016,2016-2017,2016-2017,AIE,RCPT,832083,14CCCE101046,14CCCE101046,Alumni,General,School of Computing Science & Engineering,B.Tech/B.Tech (Hons) Computer Science Engineering,School of Computing Science,B.Tech in CSE 2014-15 IV Sem VIII,2.22E+11,Library BookC Recieved,0,400,0,0,0,0,0,0,0,
235907,26-07-2016,2016-2017,2016-2017,AIE,RCPT,831952,14CCCE101059,14CCCE101059,Alumni,General,School of Computing Science & Engineering,B.Tech/B.Tech (Hons) Computer Science Engineering,School of Computing Science,B.Tech in CSE 2014-15 IV Sem VIII,2.22E+11,Library BookC Recieved,0,400,0,0,0,0,0,0,0,
235908,26-07-2016,2016-2017,2016-2017,AIE,RCPT,831907,14CCCE101064,14CCCE101064,Alumni,General,School of Computing Science & Engineering,B.Tech/B.Tech (Hons) Computer Science Engineering,School of Computing Science,B.Tech in CSE 2014-15 IV Sem VIII,2.22E+11,Library BookC Recieved,0,400,0,0,0,0,0,0,0,
235909,26-07-2016,2016-2017,2016-2017,AIE,RCPT,831898,14CCCE101066,14CCCE101066,Alumni,General,School of Computing Science & Engineering,B.Tech/B.Tech (Hons) Computer Science Engineering,School of Computing Science,B.Tech in CSE 2014-15 IV Sem VIII,2.22E+11,Library BookC Recieved,0,400,0,0,0,0,0,0,0,
235910,26-07-2016,2016-2017,2016-2017,AIE,RCPT,831972,14CCCE101058,14CCCE101058,Alumni,General,School of Computing Science & Engineering,B.Tech/B.Tech (Hons) Computer Science Engineering,School of Computing Science,B.Tech in CSE 2014-15 IV Sem VIII,2.22E+11,Library BookC Recieved,0,400,0,0,0,0,0,0,0,
235911,26-07-2016,2016-2017,2016-2017,AIE,RCPT,832006,14CCCE101056,14CCCE101056,Alumni,General,School of Computing Science & Engineering,B.Tech/B.Tech (Hons) Computer Science Engineering,School of Computing Science,B.Tech in CSE 2014-15 IV Sem VIII,2.22E+11,Library BookC Recieved,0,400,0,0,0,0,0,0,0,
235912,26-07-2016,2016-2017,2016-2017,AIE,RCPT,832057,14CCCE101049,14CCCE101049,Alumni,General,School of Computing Science & Engineering,B.Tech/B.Tech (Hons) Computer Science Engineering,School of Computing Science,B.Tech in CSE 2014-15 IV Sem VIII,2.22E+11,Library BookC Recieved,0,400,0,0,0,0,0,0,0,
235913,26-07-2016,2016-2017,2016-2017,AIE,RCPT,832039,14CCCE101053,14CCCE101053,Alumni,General,School of Computing Science & Engineering,B.Tech/B.Tech (Hons) Computer Science Engineering,School of Computing Science,B.Tech in CSE 2014-15 IV Sem VIII,2.22E+11,Library BookC Recieved,0,400,0,0,0,0,0,0,0,
235914,26-07-2016,2016-2017,2016-2017,AIE,RCPT,832016,14CCCE101055,14CCCE101055,Alumni,General,School of Computing Science & Engineering,B.Tech/B.Tech (Hons) Computer Science Engineering,School of Computing Science,B.Tech in CSE 2014-15 IV Sem VIII,2.22E+11,Library BookC Recieved,0,400,0,0,0,0,0,0,0,
235915,26-07-2016,2016-2017,2016-2017,AIE,RCPT,832254,14CCCE101025,14CCCE101025,Alumni,General,School of Computing Science & Engineering,B.Tech/B.Tech (Hons) Computer Science Engineering,School of Computing Science,B.Tech in CSE 2014-15 IV Sem VIII,2.22E+11,Library BookC Recieved,0,400,0,0,0,0,0,0,0,
235916,26-07-2016,2016-2017,2016-2017,AIE,RCPT,832270,14CCCE101021,14CCCE101021,Alumni,General,School of Computing Science & Engineering,B.Tech/B.Tech (Hons) Computer Science Engineering,School of Computing Science,B.Tech in CSE 2014-15 IV Sem VIII,2.22E+11,Library BookC Recieved,0,400,0,0,0,0,0,0,0,
235917,26-07-2016,2016-2017,2016-2017,AIE,RCPT,737876,16CCCE101617,16CCCE101617,Alumni,General,School of Computing Science & Engineering,B.Tech/B.Tech (Hons) Computer Science Engineering,School of Computing Science,B.Tech in CSE 2016-17 IV Sem VIII,2.22E+11,TUITION FEE,0,149000,0,0,0,0,0,0,0,
235918,26-07-2016,2016-2017,2016-2017,AIE,RCPT,737876,16CCCE101617,16CCCE101617,Alumni,General,School of Computing Science & Engineering,B.Tech/B.Tech (Hons) Computer Science Engineering,School of Computing Science,B.Tech in CSE 2016-17 IV Sem VIII,2.22E+11,Exam Fee,0,10000,0,0,0,0,0,0,0,
235919,26-07-2016,2016-2017,2016-2017,AIE,RCPT,829791,14CCCE101298,14CCCE101298,Alumni,General,School of Computing Science & Engineering,B.Tech/B.Tech (Hons) Computer Science Engineering,School of Computing Science,B.Tech in CSE 2014-15 IV Sem VIII,2.22E+11,Library BookC Recieved,0,400,0,0,0,0,0,0,0,
235920,26-07-2016,2016-2017,2016-2017,AIE,RCPT,832469,14CCME205013,14CCME205013,Alumni,General,School of Mechanical Engineering,M.Tech Automobile Engineering,School of Mechanical Engineering,M.Tech Automobile Engineering 2014-2015 II Sem IV,2.32E+11,Reckecking/Scrutiny Fee,0,1000,0,0,0,0,0,0,0,
235921,26-07-2016,2016-2017,2016-2017,AIE,RCPT,832485,14CCME205010,14CCME205010,Alumni,General,School of Mechanical Engineering,M.Tech Automobile Engineering,School of Mechanical Engineering,M.Tech Automobile Engineering 2014-2015 II Sem IV,2.32E+11,Reckecking/Scrutiny Fee,0,1000,0,0,0,0,0,0,0,
235922,26-07-2016,2016-2017,2016-2017,AIE,RCPT,829832,14CCCE101293,14CCCE101293,Alumni,General,School of Computing Science & Engineering,B.Tech/B.Tech (Hons) Computer Science Engineering,School of Computing Science,B.Tech in CSE 2014-15 IV Sem VIII,2.22E+11,Library BookC Recieved,0,400,0,0,0,0,0,0,0,
235923,26-07-2016,2016-2017,2016-2017,AIE,RCPT,737906,16CCCE101615,16CCCE101615,Alumni,General,School of Computing Science & Engineering,B.Tech/B.Tech (Hons) Computer Science Engineering,School of Computing Science,B.Tech in CSE 2016-17 IV Sem VIII,2.22E+11,TUITION FEE,0,70000,0,0,0,0,0,0,0,
235924,26-07-2016,2016-2017,2016-2017,AIE,RCPT,737906,16CCCE101615,16CCCE101615,Alumni,General,School of Computing Science & Engineering,B.Tech/B.Tech (Hons) Computer Science Engineering,School of Computing Science,B.Tech in CSE 2016-17 IV Sem VIII,2.22E+11,Exam Fee,0,10000,0,0,0,0,0,0,0,
235925,26-07-2016,2016-2017,2016-2017,AIE,RCPT,737889,16CCCE101616,16CCCE101616,Alumni,General,School of Computing Science & Engineering,B.Tech/B.Tech (Hons) Computer Science Engineering,School of Computing Science,B.Tech in CSE 2016-17 IV Sem VIII,2.22E+11,TUITION FEE,0,149000,0,0,0,0,0,0,0,
235926,26-07-2016,2016-2017,2016-2017,AIE,RCPT,737889,16CCCE101616,16CCCE101616,Alumni,General,School of Computing Science & Engineering,B.Tech/B.Tech (Hons) Computer Science Engineering,School of Computing Science,B.Tech in CSE 2016-17 IV Sem VIII,2.22E+11,Exam Fee,0,10000,0,0,0,0,0,0,0,
235927,26-07-2016,2016-2017,2016-2017,AIE,RCPT,829873,14CCCE101290,14CCCE101290,Alumni,General,School of Computing Science & Engineering,B.Tech/B.Tech (Hons) Computer Science Engineering,School of Computing Science,B.Tech in CSE 2014-15 IV Sem VIII,2.22E+11,Exam Fee (Back Paper),0,400,0,0,0,0,0,0,0,
235928,26-07-2016,2016-2017,2016-2017,AIE,RCPT,737855,16CCCE101618,16CCCE101618,Alumni,General,School of Computing Science & Engineering,B.Tech/B.Tech (Hons) Computer Science Engineering,School of Computing Science,B.Tech in CSE 2016-17 IV Sem VIII,2.22E+11,TUITION FEE,0,40000,0,0,0,0,0,0,0,
235929,26-07-2016,2016-2017,2016-2017,AIE,RCPT,737855,16CCCE101618,16CCCE101618,Alumni,General,School of Computing Science & Engineering,B.Tech/B.Tech (Hons) Computer Science Engineering,School of Computing Science,B.Tech in CSE 2016-17 IV Sem VIII,2.22E+11,Exam Fee,0,10000,0,0,0,0,0,0,0,
235930,26-07-2016,2016-2017,2016-2017,AIE,RCPT,832455,14CCCE101003,14CCCE101003,Alumni,General,School of Computing Science & Engineering,B.Tech/B.Tech (Hons) Computer Science Engineering,School of Computing Science,B.Tech in CSE 2014-15 IV Sem VIII,2.22E+11,Library BookC Recieved,0,400,0,0,0,0,0,0,0,
235931,26-07-2016,2016-2017,2016-2017,AIE,RCPT,832295,14CCCE101016,14CCCE101016,Alumni,General,School of Computing Science & Engineering,B.Tech/B.Tech (Hons) Computer Science Engineering,School of Computing Science,B.Tech in CSE 2014-15 IV Sem VIII,2.22E+11,Library BookC Recieved,0,400,0,0,0,0,0,0,0,
235932,26-07-2016,2016-2017,2016-2017,AIE,RCPT,832288,14CCCE101017,14CCCE101017,Alumni,General,School of Computing Science & Engineering,B.Tech/B.Tech (Hons) Computer Science Engineering,School of Computing Science,B.Tech in CSE 2014-15 IV Sem VIII,2.22E+11,Library BookC Recieved,0,400,0,0,0,0,0,0,0,
235933,26-07-2016,2016-2017,2016-2017,AIE,RCPT,832282,14CCCE101019,14CCCE101019,Alumni,General,School of Computing Science & Engineering,B.Tech/B.Tech (Hons) Computer Science Engineering,School of Computing Science,B.Tech in CSE 2014-15 IV Sem VIII,2.22E+11,Library BookC Recieved,0,400,0,0,0,0,0,0,0,
235934,26-07-2016,2016-2017,2016-2017,AIE,RCPT,828573,14CCCE101422,14CCCE101422,Alumni,General,School of Computing Science & Engineering,B.Tech/B.Tech (Hons) Computer Science Engineering,School of Computing Science,B.Tech in CSE 2014-15 IV Sem VIII,2.22E+11,Library BookC Recieved,0,400,0,0,0,0,0,0,0,
235935,26-07-2016,2016-2017,2016-2017,AIE,RCPT,828549,14CCCE101423,14CCCE101423,Alumni,General,School of Computing Science & Engineering,B.Tech/B.Tech (Hons) Computer Science Engineering,School of Computing Science,B.Tech in CSE 2014-15 IV Sem VIII,2.22E+11,Library BookC Recieved,0,400,0,0,0,0,0,0,0,
235936,26-07-2016,2016-2017,2016-2017,AIE,RCPT,832401,14CCCE101007,14CCCE101007,Alumni,General,School of Computing Science & Engineering,B.Tech/B.Tech (Hons) Computer Science Engineering,School of Computing Science,B.Tech in CSE 2014-15 IV Sem VIII,2.22E+11,Library BookC Recieved,0,400,0,0,0,0,0,0,0,
235937,26-07-2016,2016-2017,2016-2017,AIE,RCPT,832367,14CCCE101010,14CCCE101010,Alumni,General,School of Computing Science & Engineering,B.Tech/B.Tech (Hons) Computer Science Engineering,School of Computing Science,B.Tech in CSE 2014-15 IV Sem VIII,2.22E+11,Library BookC Recieved,0,400,0,0,0,0,0,0,0,
235938,26-07-2016,2016-2017,2016-2017,AIE,RCPT,819663,15GCCE101181,15GCCE101181,Alumni,General,School of Civil Engineering,B.Tech/B.Tech (Hons) Civil Engineering,School of Civil Engineering,B Tech Civil Engineering 2015-16 V Sem IX,3.12E+11,Fine Fee,0,2200,0,0,0,0,0,0,0,
235939,26-07-2016,2016-2017,2016-2017,AIE,RCPT,830801,14CCCE101202,14CCCE101202,Alumni,General,School of Computing Science & Engineering,B.Tech/B.Tech (Hons) Computer Science Engineering,School of Computing Science,B.Tech in CSE 2014-15 IV Sem VIII,2.22E+11,Exam Fee (Back Paper),0,500,0,0,0,0,0,0,0,
235940,26-07-2016,2016-2017,2016-2017,AIE,RCPT,827539,14CCCE105050,14CCCE105050,Alumni,General,School of Computing Science & Engineering,B.Tech (Hons) in Computer Science & Engineering with Specialization in Cloud Computing & Virtualizations,School of Computing Science,B.Tech in CSCC 2014-15 IV Sem VIII,2.22E+11,Library BookC Recieved,0,400,0,0,0,0,0,0,0,
235941,26-07-2016,2016-2017,2016-2017,AIE,RCPT,830739,14CCCE101208,14CCCE101208,Alumni,General,School of Computing Science & Engineering,B.Tech/B.Tech (Hons) Computer Science Engineering,School of Computing Science,B.Tech in CSE 2014-15 IV Sem VIII,2.22E+11,Library BookC Recieved,0,400,0,0,0,0,0,0,0,
235942,26-07-2016,2016-2017,2016-2017,AIE,RCPT,830715,14CCCE101212,14CCCE101212,Alumni,General,School of Computing Science & Engineering,B.Tech/B.Tech (Hons) Computer Science Engineering,School of Computing Science,B.Tech in CSE 2014-15 IV Sem VIII,2.22E+11,Library BookC Recieved,0,400,0,0,0,0,0,0,0,
235943,26-07-2016,2016-2017,2016-2017,AIE,RCPT,830759,14CCCE101206,14CCCE101206,Alumni,General,School of Computing Science & Engineering,B.Tech/B.Tech (Hons) Computer Science Engineering,School of Computing Science,B.Tech in CSE 2014-15 IV Sem VIII,2.22E+11,Library BookC Recieved,0,400,0,0,0,0,0,0,0,
235944,26-07-2016,2016-2017,2016-2017,AIE,RCPT,822119,15GPTC401068,15GPTC401068,Alumni,General,Gs Polytechnic,Diploma in Mechanical Engineering,Gs Polytechnic,MECHANICAL  ENGINEERING 2015-2016 III Sem VI,3.22E+11,Fine Fee,0,2200,0,0,0,0,0,0,0,
235945,26-07-2016,2016-2017,2016-2017,AIE,RCPT,821001,15GCCE101032,15GCCE101032,Alumni,General,School of Computing Science & Engineering,B.Tech/B.Tech (Hons) Computer Science Engineering,School of Computing Science,B.Tech in CSE 2015-16 V Sem IX,2.22E+11,Library BookC Recieved,0,300,0,0,0,0,0,0,0,
235946,26-07-2016,2016-2017,2016-2017,AIE,RCPT,821011,15GCCE101029,15GCCE101029,Alumni,General,School of Computing Science & Engineering,B.Tech/B.Tech (Hons) Computer Science Engineering,School of Computing Science,B.Tech in CSE 2015-16 V Sem IX,2.22E+11,Library BookC Recieved,0,300,0,0,0,0,0,0,0,
235947,26-07-2016,2016-2017,2016-2017,AIE,RCPT,830657,14CCCE101219,14CCCE101219,Alumni,General,School of Computing Science & Engineering,B.Tech/B.Tech (Hons) Computer Science Engineering,School of Computing Science,B.Tech in CSE 2014-15 IV Sem VIII,2.22E+11,Fine Fee,0,4000,0,0,0,0,0,0,0,
235948,26-07-2016,2016-2017,2016-2017,AIE,RCPT,830657,14CCCE101219,14CCCE101219,Alumni,General,School of Computing Science & Engineering,B.Tech/B.Tech (Hons) Computer Science Engineering,School of Computing Science,B.Tech in CSE 2014-15 IV Sem VIII,2.22E+11,Tuition Fee (Back Paper),0,7200,0,0,0,0,0,0,0,
235949,26-07-2016,2016-2017,2016-2017,AIE,RCPT,830657,14CCCE101219,14CCCE101219,Alumni,General,School of Computing Science & Engineering,B.Tech/B.Tech (Hons) Computer Science Engineering,School of Computing Science,B.Tech in CSE 2014-15 IV Sem VIII,2.22E+11,Exam Fee (Back Paper),0,2000,0,0,0,0,0,0,0,
235950,26-07-2016,2016-2017,2016-2017,AIE,RCPT,750322,16CAHC101015,16CAHC101015,Alumni,General,School of Humanities & Social Sciences,B.A(Hons) Applied Psychology,School of Humanities,BA (H)Applied Psychology 2016-17 IV Sem VII,1.42E+11,TUITION FEE,0,50000,0,0,0,0,0,0,0,
235951,26-07-2016,2016-2017,2016-2017,AIE,RCPT,750322,16CAHC101015,16CAHC101015,Alumni,General,School of Humanities & Social Sciences,B.A(Hons) Applied Psychology,School of Humanities,BA (H)Applied Psychology 2016-17 IV Sem VII,1.42E+11,Exam Fee,0,10000,0,0,0,0,0,0,0,
235952,26-07-2016,2016-2017,2016-2017,AIE,RCPT,830668,14CCCE101218,14CCCE101218,Alumni,General,School of Computing Science & Engineering,B.Tech/B.Tech (Hons) Computer Science Engineering,School of Computing Science,B.Tech in CSE 2014-15 IV Sem VIII,2.22E+11,Library BookC Recieved,0,400,0,0,0,0,0,0,0,
235953,26-07-2016,2016-2017,2016-2017,AIE,RCPT,830709,14CCCE101214,14CCCE101214,Alumni,General,School of Computing Science & Engineering,B.Tech/B.Tech (Hons) Computer Science Engineering,School of Computing Science,B.Tech in CSE 2014-15 IV Sem VIII,2.22E+11,Library BookC Recieved,0,400,0,0,0,0,0,0,0,
235954,26-07-2016,2016-2017,2016-2017,AIE,RCPT,830786,14CCCE101204,14CCCE101204,Alumni,General,School of Computing Science & Engineering,B.Tech/B.Tech (Hons) Computer Science Engineering,School of Computing Science,B.Tech in CSE 2014-15 IV Sem VIII,2.22E+11,Library BookC Recieved,0,400,0,0,0,0,0,0,0,
235955,26-07-2016,2016-2017,2016-2017,AIE,RCPT,830506,14CCCE101230,14CCCE101230,Alumni,General,School of Computing Science & Engineering,B.Tech/B.Tech (Hons) Computer Science Engineering,School of Computing Science,B.Tech in CSE 2014-15 IV Sem VIII,2.22E+11,Fine Fee,0,3000,0,0,0,0,0,0,0,
235956,26-07-2016,2016-2017,2016-2017,AIE,RCPT,830506,14CCCE101230,14CCCE101230,Alumni,General,School of Computing Science & Engineering,B.Tech/B.Tech (Hons) Computer Science Engineering,School of Computing Science,B.Tech in CSE 2014-15 IV Sem VIII,2.22E+11,Tuition Fee (Back Paper),0,5400,0,0,0,0,0,0,0,
235957,26-07-2016,2016-2017,2016-2017,AIE,RCPT,830506,14CCCE101230,14CCCE101230,Alumni,General,School of Computing Science & Engineering,B.Tech/B.Tech (Hons) Computer Science Engineering,School of Computing Science,B.Tech in CSE 2014-15 IV Sem VIII,2.22E+11,Exam Fee (Back Paper),0,1500,0,0,0,0,0,0,0,
235958,26-07-2016,2016-2017,2016-2017,AIE,RCPT,749017,16CBAC201002,16CBAC201002,Alumni,General,School of Basic & Applied Sciences,M.Sc. Forensic Sciences,School of Basic,M. Sc. Forensic Science 2016-17 II Sem IV,1.82E+11,TUITION FEE,0,50000,0,0,0,0,0,0,0,
235959,26-07-2016,2016-2017,2016-2017,AIE,RCPT,749017,16CBAC201002,16CBAC201002,Alumni,General,School of Basic & Applied Sciences,M.Sc. Forensic Sciences,School of Basic,M. Sc. Forensic Science 2016-17 II Sem IV,1.82E+11,Exam Fee,0,10000,0,0,0,0,0,0,0,
235960,26-07-2016,2016-2017,2016-2017,AIE,RCPT,822283,15GPTC401043,15GPTC401043,Alumni,General,Gs Polytechnic,Diploma in Mechanical Engineering,Gs Polytechnic,MECHANICAL  ENGINEERING 2015-2016 III Sem VI,3.22E+11,Fine Fee,0,400,0,0,0,0,0,0,0,
235961,26-07-2016,2016-2017,2016-2017,AIE,RCPT,750544,16GCON101024,16GCON101024,Alumni,General,School of Nursing,B.Sc. (Nursing),School of Nursing,B.Sc.(Nursing) 2016-2017 IV Sem VII,2.72E+11,TUITION FEE,0,80000,0,0,0,0,0,0,0,
235962,26-07-2016,2016-2017,2016-2017,AIE,RCPT,750544,16GCON101024,16GCON101024,Alumni,General,School of Nursing,B.Sc. (Nursing),School of Nursing,B.Sc.(Nursing) 2016-2017 IV Sem VII,2.72E+11,Exam Fee,0,10000,0,0,0,0,0,0,0,
235963,26-07-2016,2016-2017,2016-2017,AIE,RCPT,830519,14CCCE101229,14CCCE101229,Alumni,General,School of Computing Science & Engineering,B.Tech/B.Tech (Hons) Computer Science Engineering,School of Computing Science,B.Tech in CSE 2014-15 IV Sem VIII,2.22E+11,Library BookC Recieved,0,400,0,0,0,0,0,0,0,
235964,26-07-2016,2016-2017,2016-2017,AIE,RCPT,750955,16GCOL103065,16GCOL103065,Active,General,School of Law,Integrated BBA + LLB (Hons.),School of Law,BBALLB 2016-2017 V SEM X,1.92E+11,TUITION FEE,0,100000,0,0,0,0,0,0,0,
235965,26-07-2016,2016-2017,2016-2017,AIE,RCPT,750955,16GCOL103065,16GCOL103065,Active,General,School of Law,Integrated BBA + LLB (Hons.),School of Law,BBALLB 2016-2017 V SEM X,1.92E+11,Exam Fee,0,10000,0,0,0,0,0,0,0,
235966,26-07-2016,2016-2017,2016-2017,AIE,RCPT,830622,14CCCE101221,14CCCE101221,Alumni,General,School of Computing Science & Engineering,B.Tech/B.Tech (Hons) Computer Science Engineering,School of Computing Science,B.Tech in CSE 2014-15 IV Sem VIII,2.22E+11,Library BookC Recieved,0,400,0,0,0,0,0,0,0,
235967,26-07-2016,2016-2017,2016-2017,AIE,RCPT,750945,16GCOL103066,16GCOL103066,No Information,General,School of Law,Integrated BBA + LLB (Hons.),School of Law,BBALLB  2016-2017 II Sem IV,1.92E+11,TUITION FEE,0,100000,0,0,0,0,0,0,0,
235968,26-07-2016,2016-2017,2016-2017,AIE,RCPT,750945,16GCOL103066,16GCOL103066,No Information,General,School of Law,Integrated BBA + LLB (Hons.),School of Law,BBALLB  2016-2017 II Sem IV,1.92E+11,Ajustable_Excess_Amount,0,1100,0,0,0,0,0,0,0,
235969,26-07-2016,2016-2017,2016-2017,AIE,RCPT,750945,16GCOL103066,16GCOL103066,No Information,General,School of Law,Integrated BBA + LLB (Hons.),School of Law,BBALLB  2016-2017 II Sem IV,1.92E+11,Exam Fee,0,10000,0,0,0,0,0,0,0,
235970,26-07-2016,2016-2017,2016-2017,AIE,RCPT,850834,13CCCE101061,13CCCE101061,No Information,General,School of Computing Science & Engineering,B.Tech/B.Tech (Hons) Computer Science Engineering,School of Computing Science,B.Tech in CSE 2014-15 IV Sem VIII,2.22E+11,Exam Fee (Back Paper),0,2000,0,0,0,0,0,0,0,
235971,26-07-2016,2016-2017,2016-2017,AIE,RCPT,749774,16CAHC105008,16CAHC105008,Alumni,General,School of Humanities & Social Sciences,B.A (Hons) Political Science,School of Humanities,BA (H) POL Science 2016-17 IV Sem VII,1.42E+11,TUITION FEE,0,50000,0,0,0,0,0,0,0,
235972,26-07-2016,2016-2017,2016-2017,AIE,RCPT,749774,16CAHC105008,16CAHC105008,Alumni,General,School of Humanities & Social Sciences,B.A (Hons) Political Science,School of Humanities,BA (H) POL Science 2016-17 IV Sem VII,1.42E+11,Exam Fee,0,10000,0,0,0,0,0,0,0,
235973,26-07-2016,2016-2017,2016-2017,AIE,RCPT,850838,13CCCE101061,13CCCE101061,No Information,General,School of Computing Science & Engineering,B.Tech/B.Tech (Hons) Computer Science Engineering,School of Computing Science,B.Tech in CSE 2014-15 IV Sem VIII,2.22E+11,Fine Fee,0,1000,0,0,0,0,0,0,0,
235974,26-07-2016,2016-2017,2016-2017,AIE,RCPT,850838,13CCCE101061,13CCCE101061,No Information,General,School of Computing Science & Engineering,B.Tech/B.Tech (Hons) Computer Science Engineering,School of Computing Science,B.Tech in CSE 2014-15 IV Sem VIII,2.22E+11,Tuition Fee (Back Paper),0,1800,0,0,0,0,0,0,0,
235975,26-07-2016,2016-2017,2016-2017,AIE,RCPT,850838,13CCCE101061,13CCCE101061,No Information,General,School of Computing Science & Engineering,B.Tech/B.Tech (Hons) Computer Science Engineering,School of Computing Science,B.Tech in CSE 2014-15 IV Sem VIII,2.22E+11,Exam Fee (Back Paper),0,500,0,0,0,0,0,0,0,
235976,27-07-2016,2016-2017,2016-2017,AIE,RCPT,828467,14CCCE101432,14CCCE101432,Alumni,General,School of Computing Science & Engineering,B.Tech/B.Tech (Hons) Computer Science Engineering,School of Computing Science,B.Tech in CSE 2014-15 IV Sem VIII,2.22E+11,Library BookC Recieved,0,400,0,0,0,0,0,0,0,
235977,27-07-2016,2016-2017,2016-2017,AIE,RCPT,829749,14CCCE101305,14CCCE101305,Alumni,General,School of Computing Science & Engineering,B.Tech/B.Tech (Hons) Computer Science Engineering,School of Computing Science,B.Tech in CSE 2015-16 V Sem IX,2.22E+11,Ajustable_Excess_Amount,0,2880,0,0,0,0,0,0,0,
235978,27-07-2016,2016-2017,2016-2017,AIE,RCPT,829749,14CCCE101305,14CCCE101305,Alumni,General,School of Computing Science & Engineering,B.Tech/B.Tech (Hons) Computer Science Engineering,School of Computing Science,B.Tech in CSE 2015-16 V Sem IX,2.22E+11,Library BookC Recieved,0,300,0,0,0,0,0,0,0,
235979,27-07-2016,2016-2017,2016-2017,AIE,RCPT,779450,15CCCE101354,15CCCE101354,Alumni,General,School of Computing Science & Engineering,B.Tech/B.Tech (Hons) Computer Science Engineering,School of Computing Science,B.Tech in CSE 2015-16 V Sem IX,2.22E+11,Library BookC Recieved,0,300,0,0,0,0,0,0,0,
235980,27-07-2016,2016-2017,2016-2017,AIE,RCPT,773050,15CCCE101658,15CCCE101658,Alumni,General,School of Computing Science & Engineering,B.Tech/B.Tech (Hons) Computer Science Engineering,School of Computing Science,B.Tech in CSE 2015-16 V Sem IX,2.22E+11,Library BookC Recieved,0,300,0,0,0,0,0,0,0,
235981,27-07-2016,2016-2017,2016-2017,AIE,RCPT,784559,15CCCE101114,15CCCE101114,Alumni,General,School of Computing Science & Engineering,B.Tech/B.Tech (Hons) Computer Science Engineering,School of Computing Science,B.Tech in CSE 2015-16 V Sem IX,2.22E+11,Library BookC Recieved,0,300,0,0,0,0,0,0,0,
235982,27-07-2016,2016-2017,2016-2017,AIE,RCPT,769752,15CCCE105100,15CCCE105100,Alumni,General,School of Computing Science & Engineering,B.Tech (Hons) in Computer Science & Engineering with Specialization in Cloud Computing & Virtualizations,School of Computing Science,B.Tech in CSCC 2015-16 V Sem IX,2.22E+11,Library BookC Recieved,0,300,0,0,0,0,0,0,0,
235983,27-07-2016,2016-2017,2016-2017,AIE,RCPT,815164,15CAHC101017,15CAHC101017,Alumni,General,School of Humanities & Social Sciences,B.A(Hons) Applied Psychology,School of Humanities,BA (H)Applied Psychology 2016-17 IV Sem VII,1.42E+11,Fine Fee,0,1000,0,0,0,0,0,0,0,
235984,27-07-2016,2016-2017,2016-2017,AIE,RCPT,815164,15CAHC101017,15CAHC101017,Alumni,General,School of Humanities & Social Sciences,B.A(Hons) Applied Psychology,School of Humanities,BA (H)Applied Psychology 2016-17 IV Sem VII,1.42E+11,Tuition Fee (Back Paper),0,1800,0,0,0,0,0,0,0,
235985,27-07-2016,2016-2017,2016-2017,AIE,RCPT,815164,15CAHC101017,15CAHC101017,Alumni,General,School of Humanities & Social Sciences,B.A(Hons) Applied Psychology,School of Humanities,BA (H)Applied Psychology 2016-17 IV Sem VII,1.42E+11,Exam Fee (Back Paper),0,500,0,0,0,0,0,0,0,
235986,27-07-2016,2016-2017,2016-2017,AIE,RCPT,820177,15GCCE101117,15GCCE101117,Alumni,General,School of Civil Engineering,B.Tech/B.Tech (Hons) Civil Engineering,School of Civil Engineering,B Tech Civil Engineering 2015-16 V Sem IX,3.12E+11,Library BookC Recieved,0,700,0,0,0,0,0,0,0,
235987,27-07-2016,2016-2017,2016-2017,AIE,RCPT,784539,15CCCE101115,15CCCE101115,No Information,General,School of Computing Science & Engineering,B.Tech/B.Tech (Hons) Computer Science Engineering,School of Computing Science,B.Tech in CSE 2015-16 III Sem VI,2.22E+11,Library BookC Recieved,0,300,0,0,0,0,0,0,0,
235988,27-07-2016,2016-2017,2016-2017,AIE,RCPT,787084,15CCME205001,15CCME205001,No Information,General,School of Mechanical Engineering,M.Tech Automobile Engineering,School of Mechanical Engineering,M.Tech Automobile Engineering 2017-2018 II Sem IV,2.32E+11,Library BookC Recieved,0,300,0,0,0,0,0,0,0,
235989,27-07-2016,2016-2017,2016-2017,,RCPT,776612,15CCCE101490,15CCCE101490,Alumni,General,School of Computing Science & Engineering,B.Tech/B.Tech (Hons) Computer Science Engineering,School of Computing Science,B.Tech in CSE 2015-16 V Sem IX,2.22E+11,Library BookC Recieved,0,300,0,0,0,0,0,0,0,
235990,27-07-2016,2016-2017,2016-2017,AIE,RCPT,815166,15CAHC101017,15CAHC101017,Alumni,General,School of Humanities & Social Sciences,B.A(Hons) Applied Psychology,School of Humanities,BA (H)Applied Psychology 2016-17 IV Sem VII,1.42E+11,Exam Fee (Back Paper),0,1000,0,0,0,0,0,0,0,
235991,27-07-2016,2016-2017,2016-2017,AIE,RCPT,829771,14CCCE101300,14CCCE101300,Alumni,General,School of Computing Science & Engineering,B.Tech/B.Tech (Hons) Computer Science Engineering,School of Computing Science,B.Tech in CSE 2014-15 IV Sem VIII,2.22E+11,Library BookC Recieved,0,400,0,0,0,0,0,0,0,
235992,27-07-2016,2016-2017,2016-2017,AIE,RCPT,830595,14CCCE101223,14CCCE101223,Alumni,General,School of Computing Science & Engineering,BCA,School of Computing Science,BCA 2015-16 III Sem VI,2.22E+11,Fine Fee,0,1000,0,0,0,0,0,0,0,
235993,27-07-2016,2016-2017,2016-2017,AIE,RCPT,830595,14CCCE101223,14CCCE101223,Alumni,General,School of Computing Science & Engineering,BCA,School of Computing Science,BCA 2015-16 III Sem VI,2.22E+11,Tuition Fee (Back Paper),0,1800,0,0,0,0,0,0,0,
235994,27-07-2016,2016-2017,2016-2017,AIE,RCPT,830595,14CCCE101223,14CCCE101223,Alumni,General,School of Computing Science & Engineering,BCA,School of Computing Science,BCA 2015-16 III Sem VI,2.22E+11,Exam Fee (Back Paper),0,500,0,0,0,0,0,0,0,
235995,27-07-2016,2016-2017,2016-2017,AIE,RCPT,820165,15GCCE101118,15GCCE101118,Alumni,General,School of Civil Engineering,B.Tech/B.Tech (Hons) Civil Engineering,School of Civil Engineering,B Tech Civil Engineering 2015-16 V Sem IX,3.12E+11,Library BookC Recieved,0,300,0,0,0,0,0,0,0,
235996,27-07-2016,2016-2017,2016-2017,AIE,RCPT,805074,16CCCE107058,16CCCE107058,Alumni,General,School of Computing Science & Engineering,B.Tech (Hons) in Computer Science & Engineering with Specialization in Business Analytics,School of Computing Science,B.Tech in CSBA 2016-17 IV Sem VIII,2.22E+11,TUITION FEE,0,170000,0,0,0,0,0,0,0,
235997,27-07-2016,2016-2017,2016-2017,AIE,RCPT,805074,16CCCE107058,16CCCE107058,Alumni,General,School of Computing Science & Engineering,B.Tech (Hons) in Computer Science & Engineering with Specialization in Business Analytics,School of Computing Science,B.Tech in CSBA 2016-17 IV Sem VIII,2.22E+11,Exam Fee,0,10000,0,0,0,0,0,0,0,
235998,27-07-2016,2016-2017,2016-2017,AIE,RCPT,773022,15CCCE101659,15CCCE101659,Withdrawn,General,School of Computing Science & Engineering,Integrated B.Tech (Chemical Engineering) + MBA,School of Computing Science,B.Tech in CSE 2015-16 IV Sem VII,2.22E+11,Fine Fee,0,5000,0,0,0,0,0,0,0,
235999,27-07-2016,2016-2017,2016-2017,AIE,RCPT,773022,15CCCE101659,15CCCE101659,Withdrawn,General,School of Computing Science & Engineering,Integrated B.Tech (Chemical Engineering) + MBA,School of Computing Science,B.Tech in CSE 2015-16 IV Sem VII,2.22E+11,Tuition Fee (Back Paper),0,9000,0,0,0,0,0,0,0,
236000,27-07-2016,2016-2017,2016-2017,AIE,RCPT,773022,15CCCE101659,15CCCE101659,Withdrawn,General,School of Computing Science & Engineering,Integrated B.Tech (Chemical Engineering) + MBA,School of Computing Science,B.Tech in CSE 2015-16 IV Sem VII,2.22E+11,Exam Fee (Back Paper),0,2500,0,0,0,0,0,0,0,
236001,27-07-2016,2016-2017,2016-2017,AIE,RCPT,829821,14CCCE101295,14CCCE101295,Alumni,General,School of Computing Science & Engineering,B.Tech/B.Tech (Hons) Computer Science Engineering,School of Computing Science,B.Tech in CSE 2014-15 IV Sem VIII,2.22E+11,Library BookC Recieved,0,400,0,0,0,0,0,0,0,
236002,27-07-2016,2016-2017,2016-2017,AIE,RCPT,786884,15CCCE101006,15CCCE101006,Alumni,General,School of Computing Science & Engineering,B.Tech/B.Tech (Hons) Computer Science Engineering,School of Computing Science,B.Tech in CSE 2015-16 V Sem IX,2.22E+11,Library BookC Recieved,0,300,0,0,0,0,0,0,0,
236003,27-07-2016,2016-2017,2016-2017,AIE,RCPT,837884,14CBAC101064,14CBAC101064,Alumni,General,School of Basic & Applied Sciences,B.Sc.(Hons) Forensic Sciences,School of Basic,B.Sc.(Hons) Forensic Sciences 2015-16 III Sem VI,1.82E+11,Fine Fee,0,1000,0,0,0,0,0,0,0,
236004,27-07-2016,2016-2017,2016-2017,AIE,RCPT,837884,14CBAC101064,14CBAC101064,Alumni,General,School of Basic & Applied Sciences,B.Sc.(Hons) Forensic Sciences,School of Basic,B.Sc.(Hons) Forensic Sciences 2015-16 III Sem VI,1.82E+11,Tuition Fee (Back Paper),0,1800,0,0,0,0,0,0,0,
236005,27-07-2016,2016-2017,2016-2017,AIE,RCPT,837884,14CBAC101064,14CBAC101064,Alumni,General,School of Basic & Applied Sciences,B.Sc.(Hons) Forensic Sciences,School of Basic,B.Sc.(Hons) Forensic Sciences 2015-16 III Sem VI,1.82E+11,Exam Fee (Back Paper),0,500,0,0,0,0,0,0,0,
236006,27-07-2016,2016-2017,2016-2017,AIE,RCPT,829781,14CCCE101299,14CCCE101299,Alumni,General,School of Computing Science & Engineering,B.Tech/B.Tech (Hons) Computer Science Engineering,School of Computing Science,B.Tech in CSE 2014-15 IV Sem VIII,2.22E+11,Library BookC Recieved,0,400,0,0,0,0,0,0,0,
236007,27-07-2016,2016-2017,2016-2017,AIE,RCPT,769936,15CCCE105085,15CCCE105085,Alumni,General,School of Computing Science & Engineering,B.Tech (Hons) in Computer Science & Engineering with Specialization in Cloud Computing & Virtualizations,School of Computing Science,B.Tech in CSCC 2015-16 V Sem IX,2.22E+11,Library BookC Recieved,0,300,0,0,0,0,0,0,0,
236008,27-07-2016,2016-2017,2016-2017,AIE,RCPT,776633,15CCCE101489,15CCCE101489,Alumni,General,School of Computing Science & Engineering,B.Tech/B.Tech (Hons) Computer Science Engineering,School of Computing Science,B.Tech in CSE 2015-16 V Sem IX,2.22E+11,Library BookC Recieved,0,300,0,0,0,0,0,0,0,
236009,27-07-2016,2016-2017,2016-2017,AIE,RCPT,829731,14CCCE101306,14CCCE101306,Cancelled,General,School of Computing Science & Engineering,B.Tech/B.Tech (Hons) Computer Science Engineering,School of Computing Science,B.Tech in CSE 2016-17 III Sem V,2.22E+11,Fine Fee,0,5000,0,0,0,0,0,0,0,
236010,27-07-2016,2016-2017,2016-2017,AIE,RCPT,829731,14CCCE101306,14CCCE101306,Cancelled,General,School of Computing Science & Engineering,B.Tech/B.Tech (Hons) Computer Science Engineering,School of Computing Science,B.Tech in CSE 2016-17 III Sem V,2.22E+11,Tuition Fee (Back Paper),0,9000,0,0,0,0,0,0,0,
236011,27-07-2016,2016-2017,2016-2017,AIE,RCPT,829731,14CCCE101306,14CCCE101306,Cancelled,General,School of Computing Science & Engineering,B.Tech/B.Tech (Hons) Computer Science Engineering,School of Computing Science,B.Tech in CSE 2016-17 III Sem V,2.22E+11,Exam Fee (Back Paper),0,2500,0,0,0,0,0,0,0,
236012,27-07-2016,2016-2017,2016-2017,AIE,RCPT,778371,15CCCE101409,15CCCE101409,Alumni,General,School of Computing Science & Engineering,B.Tech/B.Tech (Hons) Computer Science Engineering,School of Computing Science,B.Tech in CSE 2015-16 V Sem IX,2.22E+11,Library BookC Recieved,0,300,0,0,0,0,0,0,0,
236013,27-07-2016,2016-2017,2016-2017,AIE,RCPT,784460,15GCOB101166,15GCOB101166,No Information,General,School of Business,Bachelor of Business Administration,School of Business,Bachelor of Business Administration 2015-16 III Sem VI,1.32E+11,Fine Fee,0,5000,0,0,0,0,0,0,0,
236014,27-07-2016,2016-2017,2016-2017,AIE,RCPT,784460,15GCOB101166,15GCOB101166,No Information,General,School of Business,Bachelor of Business Administration,School of Business,Bachelor of Business Administration 2015-16 III Sem VI,1.32E+11,Tuition Fee (Back Paper),0,9000,0,0,0,0,0,0,0,
236015,27-07-2016,2016-2017,2016-2017,AIE,RCPT,784460,15GCOB101166,15GCOB101166,No Information,General,School of Business,Bachelor of Business Administration,School of Business,Bachelor of Business Administration 2015-16 III Sem VI,1.32E+11,Exam Fee (Back Paper),0,2500,0,0,0,0,0,0,0,
236016,27-07-2016,2016-2017,2016-2017,AIE,RCPT,773116,15CCCE101653,15CCCE101653,Alumni,General,School of Computing Science & Engineering,B.Tech/B.Tech (Hons) Computer Science Engineering,School of Computing Science,B.Tech in CSE 2015-16 V Sem IX,2.22E+11,Library BookC Recieved,0,300,0,0,0,0,0,0,0,
236017,27-07-2016,2016-2017,2016-2017,AIE,RCPT,737794,16CCCE101622,16CCCE101622,Alumni,General,School of Computing Science & Engineering,B.Tech/B.Tech (Hons) Computer Science Engineering,School of Computing Science,B.Tech in CSE 2016-17 IV Sem VIII,2.22E+11,TUITION FEE,0,149000,0,0,0,0,0,0,0,
236018,27-07-2016,2016-2017,2016-2017,AIE,RCPT,737794,16CCCE101622,16CCCE101622,Alumni,General,School of Computing Science & Engineering,B.Tech/B.Tech (Hons) Computer Science Engineering,School of Computing Science,B.Tech in CSE 2016-17 IV Sem VIII,2.22E+11,Exam Fee,0,10000,0,0,0,0,0,0,0,
236019,27-07-2016,2016-2017,2016-2017,AIE,RCPT,784477,15CCCE101118,15CCCE101118,Alumni,General,School of Computing Science & Engineering,B.Tech/B.Tech (Hons) Computer Science Engineering,School of Computing Science,B.Tech in CSE 2015-16 V Sem IX,2.22E+11,Library BookC Recieved,0,300,0,0,0,0,0,0,0,
236020,27-07-2016,2016-2017,2016-2017,AIE,RCPT,737779,16CCCE101623,16CCCE101623,Alumni,General,School of Computing Science & Engineering,B.Tech/B.Tech (Hons) Computer Science Engineering,School of Computing Science,B.Tech in CSE 2016-17 IV Sem VIII,2.22E+11,TUITION FEE,0,70000,0,0,0,0,0,0,0,
236021,27-07-2016,2016-2017,2016-2017,AIE,RCPT,737779,16CCCE101623,16CCCE101623,Alumni,General,School of Computing Science & Engineering,B.Tech/B.Tech (Hons) Computer Science Engineering,School of Computing Science,B.Tech in CSE 2016-17 IV Sem VIII,2.22E+11,Exam Fee,0,10000,0,0,0,0,0,0,0,
236022,27-07-2016,2016-2017,2016-2017,AIE,RCPT,832431,14CCCE101005,14CCCE101005,Alumni,General,School of Computing Science & Engineering,B.Tech/B.Tech (Hons) Computer Science Engineering,School of Computing Science,B.Tech in CSE 2014-15 IV Sem VIII,2.22E+11,Library BookC Recieved,0,400,0,0,0,0,0,0,0,
236023,27-07-2016,2016-2017,2016-2017,AIE,RCPT,787500,15CCME105009,15CCME105009,Alumni,General,School of Mechanical Engineering,B.Tech/B.Tech (Hons) Automobile Engineering,School of Mechanical Engineering,AE 2015-2016 V Sem IX,2.32E+11,Library BookC Recieved,0,400,0,0,0,0,0,0,0,
236024,27-07-2016,2016-2017,2016-2017,AIE,RCPT,737757,16CCCE101624,16CCCE101624,Alumni,General,School of Computing Science & Engineering,B.Tech/B.Tech (Hons) Computer Science Engineering,School of Computing Science,B.Tech in CSE 2016-17 IV Sem VIII,2.22E+11,TUITION FEE,0,149000,0,0,0,0,0,0,0,
236025,27-07-2016,2016-2017,2016-2017,AIE,RCPT,737757,16CCCE101624,16CCCE101624,Alumni,General,School of Computing Science & Engineering,B.Tech/B.Tech (Hons) Computer Science Engineering,School of Computing Science,B.Tech in CSE 2016-17 IV Sem VIII,2.22E+11,Exam Fee,0,10000,0,0,0,0,0,0,0,
236026,27-07-2016,2016-2017,2016-2017,AIE,REVDUE,583719,15CCCE101024,15CCCE101024,Alumni,General,School of Computing Science & Engineering,B.Tech/B.Tech (Hons) Computer Science Engineering,School of Computing Science,B.Tech in CSE 2016-17 IV Sem VII,,Library BookC Recieved,0,0,0,0,0,300,0,0,0,DUE REVERCE
236027,27-07-2016,2016-2017,2016-2017,AIE,RCPT,773137,15CCCE101652,15CCCE101652,Alumni,General,School of Computing Science & Engineering,B.Tech/B.Tech (Hons) Computer Science Engineering,School of Computing Science,B.Tech in CSE 2015-16 V Sem IX,2.22E+11,Library BookC Recieved,0,300,0,0,0,0,0,0,0,
236028,27-07-2016,2016-2017,2016-2017,AIE,RCPT,776575,15CCCE101492,15CCCE101492,Alumni,General,School of Computing Science & Engineering,B.Tech/B.Tech (Hons) Computer Science Engineering,School of Computing Science,B.Tech in CSE 2015-16 V Sem IX,2.22E+11,Library BookC Recieved,0,300,0,0,0,0,0,0,0,
236029,27-07-2016,2016-2017,2016-2017,AIE,RCPT,830435,14CCCE101236,14CCCE101236,Alumni,General,School of Computing Science & Engineering,B.Tech/B.Tech (Hons) Computer Science Engineering,School of Computing Science,B.Tech in CSE 2014-15 IV Sem VIII,2.22E+11,Library BookC Recieved,0,100,0,0,0,0,0,0,0,
236030,27-07-2016,2016-2017,2016-2017,AIE,RCPT,769622,15CCCE105115,15CCCE105115,Alumni,General,School of Computing Science & Engineering,B.Tech (Hons) in Computer Science & Engineering with Specialization in Cloud Computing & Virtualizations,School of Computing Science,B.Tech in CSCC 2015-16 V Sem IX,2.22E+11,Library BookC Recieved,0,300,0,0,0,0,0,0,0,
236031,27-07-2016,2016-2017,2016-2017,AIE,RCPT,776594,15CCCE101491,15CCCE101491,Alumni,General,School of Computing Science & Engineering,B.Tech/B.Tech (Hons) Computer Science Engineering,School of Computing Science,B.Tech in CSE 2015-16 V Sem IX,2.22E+11,Library BookC Recieved,0,300,0,0,0,0,0,0,0,
236032,27-07-2016,2016-2017,2016-2017,AIE,RCPT,737835,16CCCE101619,16CCCE101619,Alumni,General,School of Computing Science & Engineering,B.Tech/B.Tech (Hons) Computer Science Engineering,School of Computing Science,B.Tech in CSE 2016-17 IV Sem VIII,2.22E+11,TUITION FEE,0,149000,0,0,0,0,0,0,0,
236033,27-07-2016,2016-2017,2016-2017,AIE,RCPT,737835,16CCCE101619,16CCCE101619,Alumni,General,School of Computing Science & Engineering,B.Tech/B.Tech (Hons) Computer Science Engineering,School of Computing Science,B.Tech in CSE 2016-17 IV Sem VIII,2.22E+11,Exam Fee,0,10000,0,0,0,0,0,0,0,
236034,27-07-2016,2016-2017,2016-2017,AIE,RCPT,858239,13GCOL102002,13GCOL102002,No Information,General,School of Law,Test,School of Design, ,1.92E+11,Fine Fee,0,6000,0,0,0,0,0,0,0,
236035,27-07-2016,2016-2017,2016-2017,AIE,RCPT,858239,13GCOL102002,13GCOL102002,No Information,General,School of Law,Test,School of Design, ,1.92E+11,Tuition Fee (Back Paper),0,10800,0,0,0,0,0,0,0,
236036,27-07-2016,2016-2017,2016-2017,AIE,RCPT,858239,13GCOL102002,13GCOL102002,No Information,General,School of Law,Test,School of Design, ,1.92E+11,Exam Fee (Back Paper),0,3000,0,0,0,0,0,0,0,
236037,27-07-2016,2016-2017,2016-2017,AIE,RCPT,830433,14CCCE101236,14CCCE101236,Alumni,General,School of Computing Science & Engineering,B.Tech/B.Tech (Hons) Computer Science Engineering,School of Computing Science,B.Tech in CSE 2014-15 IV Sem VIII,2.22E+11,Library BookC Recieved,0,300,0,0,0,0,0,0,0,
236038,27-07-2016,2016-2017,2016-2017,AIE,RCPT,737819,16CCCE101620,16CCCE101620,Alumni,General,School of Computing Science & Engineering,B.Tech/B.Tech (Hons) Computer Science Engineering,School of Computing Science,B.Tech in CSE 2016-17 IV Sem VIII,2.22E+11,TUITION FEE,0,149000,0,0,0,0,0,0,0,
236039,27-07-2016,2016-2017,2016-2017,AIE,RCPT,737819,16CCCE101620,16CCCE101620,Alumni,General,School of Computing Science & Engineering,B.Tech/B.Tech (Hons) Computer Science Engineering,School of Computing Science,B.Tech in CSE 2016-17 IV Sem VIII,2.22E+11,Exam Fee,0,10000,0,0,0,0,0,0,0,
236040,27-07-2016,2016-2017,2016-2017,AIE,RCPT,769520,15CCCE105125,15CCCE105125,Alumni,General,School of Computing Science & Engineering,B.Tech (Hons) in Computer Science & Engineering with Specialization in Cloud Computing & Virtualizations,School of Computing Science,B.Tech in CSCC 2015-16 V Sem IX,2.22E+11,Library BookC Recieved,0,300,0,0,0,0,0,0,0,
236041,27-07-2016,2016-2017,2016-2017,AIE,RCPT,737805,16CCCE101621,16CCCE101621,Alumni,General,School of Computing Science & Engineering,B.Tech/B.Tech (Hons) Computer Science Engineering,School of Computing Science,B.Tech in CSE 2016-17 IV Sem VIII,2.22E+11,TUITION FEE,0,149000,0,0,0,0,0,0,0,
236042,27-07-2016,2016-2017,2016-2017,AIE,RCPT,737805,16CCCE101621,16CCCE101621,Alumni,General,School of Computing Science & Engineering,B.Tech/B.Tech (Hons) Computer Science Engineering,School of Computing Science,B.Tech in CSE 2016-17 IV Sem VIII,2.22E+11,Exam Fee,0,10000,0,0,0,0,0,0,0,
236043,27-07-2016,2016-2017,2016-2017,AIE,RCPT,769596,15CCCE105118,15CCCE105118,Alumni,General,School of Computing Science & Engineering,B.Tech (Hons) in Computer Science & Engineering with Specialization in Cloud Computing & Virtualizations,School of Computing Science,B.Tech in CSCC 2015-16 V Sem IX,2.22E+11,Library BookC Recieved,0,300,0,0,0,0,0,0,0,
236044,27-07-2016,2016-2017,2016-2017,AIE,RCPT,784500,15CCCE101117,15CCCE101117,Alumni,General,School of Computing Science & Engineering,B.Tech/B.Tech (Hons) Computer Science Engineering,School of Computing Science,B.Tech in CSE 2015-16 V Sem IX,2.22E+11,Library BookC Recieved,0,300,0,0,0,0,0,0,0,
236045,27-07-2016,2016-2017,2016-2017,AIE,RCPT,773018,15CCCE101659,15CCCE101659,Withdrawn,General,School of Computing Science & Engineering,Integrated B.Tech (Chemical Engineering) + MBA,School of Computing Science,B.Tech in CSE 2015-16 IV Sem VII,2.22E+11,Library BookC Recieved,0,300,0,0,0,0,0,0,0,
236046,27-07-2016,2016-2017,2016-2017,AIE,RCPT,818866,15GCFC101059,15GCFC101059,Alumni,General,School of Finance & Commerce,B.Com. (Hons),School of Finance,B COM H-2015-16 III Sem VI,1.72E+11,Fine Fee,0,1000,0,0,0,0,0,0,0,
236047,27-07-2016,2016-2017,2016-2017,AIE,RCPT,818866,15GCFC101059,15GCFC101059,Alumni,General,School of Finance & Commerce,B.Com. (Hons),School of Finance,B COM H-2015-16 III Sem VI,1.72E+11,Tuition Fee (Back Paper),0,1800,0,0,0,0,0,0,0,
236048,27-07-2016,2016-2017,2016-2017,AIE,RCPT,818866,15GCFC101059,15GCFC101059,Alumni,General,School of Finance & Commerce,B.Com. (Hons),School of Finance,B COM H-2015-16 III Sem VI,1.72E+11,Exam Fee (Back Paper),0,500,0,0,0,0,0,0,0,
236049,27-07-2016,2016-2017,2016-2017,AIE,RCPT,772869,15CCCE101673,15CCCE101673,Alumni,General,School of Computing Science & Engineering,B.Tech/B.Tech (Hons) Computer Science Engineering,School of Computing Science,B.Tech in CSE 2015-16 V Sem IX,2.22E+11,Library BookC Recieved,0,300,0,0,0,0,0,0,0,
236050,27-07-2016,2016-2017,2016-2017,AIE,RCPT,830071,14CCCE101272,14CCCE101272,Alumni,General,School of Computing Science & Engineering,B.Tech/B.Tech (Hons) Computer Science Engineering,School of Computing Science,B.Tech in CSE 2014-15 IV Sem VIII,2.22E+11,Library BookC Recieved,0,400,0,0,0,0,0,0,0,
236051,27-07-2016,2016-2017,2016-2017,AIE,RCPT,828401,14CCCE102006,14CCCE102006,Alumni,General,School of Computing Science & Engineering,Integrated B.Tech (Chemical Engineering) + MBA,School of Computing Science, B.Tech (CSE) + MBA 14-15 V Sem X,2.22E+11,Library BookC Recieved,0,400,0,0,0,0,0,0,0,
236052,27-07-2016,2016-2017,2016-2017,AIE,RCPT,776780,15CCCE101482,15CCCE101482,Alumni,General,School of Computing Science & Engineering,B.Tech/B.Tech (Hons) Computer Science Engineering,School of Computing Science,B.Tech in CSE 2015-16 V Sem IX,2.22E+11,Library BookC Recieved,0,300,0,0,0,0,0,0,0,
236053,27-07-2016,2016-2017,2016-2017,AIE,RCPT,814616,15CAHC105007,15CAHC105007,Alumni,General,School of Humanities & Social Sciences,B.A (Hons) Political Science,School of Humanities,BA (H) POL Science 2015-16 III Sem VI,1.42E+11,Exam Fee (Back Paper),0,500,0,0,0,0,0,0,0,
236054,27-07-2016,2016-2017,2016-2017,AIE,RCPT,776751,15CCCE101483,15CCCE101483,Alumni,General,School of Computing Science & Engineering,B.Tech/B.Tech (Hons) Computer Science Engineering,School of Computing Science,B.Tech in CSE 2015-16 V Sem IX,2.22E+11,Library BookC Recieved,0,300,0,0,0,0,0,0,0,
236055,27-07-2016,2016-2017,2016-2017,AIE,RCPT,772904,15CCCE101669,15CCCE101669,Alumni,General,School of Computing Science & Engineering,B.Tech/B.Tech (Hons) Computer Science Engineering,School of Computing Science,B.Tech in CSE 2015-16 V Sem IX,2.22E+11,Library BookC Recieved,0,300,0,0,0,0,0,0,0,
236056,27-07-2016,2016-2017,2016-2017,AIE,RCPT,786497,15CCCE101022,15CCCE101022,Alumni,General,School of Computing Science & Engineering,B.Tech/B.Tech (Hons) Computer Science Engineering,School of Computing Science,B.Tech in CSE 2015-16 V Sem IX,2.22E+11,Library BookC Recieved,0,300,0,0,0,0,0,0,0,
236057,27-07-2016,2016-2017,2016-2017,AIE,RCPT,779795,15CCCE101339,15CCCE101339,Alumni,General,School of Computing Science & Engineering,B.Tech/B.Tech (Hons) Computer Science Engineering,School of Computing Science,B.Tech in CSE 2015-16 V Sem IX,2.22E+11,Library BookC Recieved,0,300,0,0,0,0,0,0,0,
236058,27-07-2016,2016-2017,2016-2017,AIE,RCPT,768915,15CCCE105184,15CCCE105184,Alumni,General,School of Computing Science & Engineering,B.Tech (Hons) in Computer Science & Engineering with Specialization in Business Analytics,School of Computing Science,B.Tech in CSBA 2015-16 V Sem IX,2.22E+11,Library BookC Recieved,0,300,0,0,0,0,0,0,0,
236059,27-07-2016,2016-2017,2016-2017,AIE,RCPT,772922,15CCCE101668,15CCCE101668,Alumni,General,School of Computing Science & Engineering,B.Tech/B.Tech (Hons) Computer Science Engineering,School of Computing Science,B.Tech in CSE 2015-16 V Sem IX,2.22E+11,Library BookC Recieved,0,300,0,0,0,0,0,0,0,
236060,27-07-2016,2016-2017,2016-2017,AIE,RCPT,772847,15CCCE101675,15CCCE101675,Withdrawn,General,School of Computing Science & Engineering,B.Tech/B.Tech (Hons) Computer Science Engineering,School of Computing Science,B.Tech in CSE 2016-17 III Sem V,2.22E+11,Library BookC Recieved,0,300,0,0,0,0,0,0,0,
236061,27-07-2016,2016-2017,2016-2017,AIE,RCPT,768888,15CCCE105187,15CCCE105187,Alumni,General,School of Computing Science & Engineering,B.Tech (Hons) in Computer Science & Engineering with Specialization in Cloud Computing & Virtualizations,School of Computing Science,B.Tech in CSCC 2015-16 V Sem IX,2.22E+11,Library BookC Recieved,0,300,0,0,0,0,0,0,0,
236062,27-07-2016,2016-2017,2016-2017,AIE,RCPT,784793,15CCCE101101,15CCCE101101,No Information,General,School of Computing Science & Engineering,B.Tech/B.Tech (Hons) Computer Science Engineering,School of Computing Science,B.Tech in CSE 2016-17 II Sem IV,2.22E+11,Library BookC Recieved,0,300,0,0,0,0,0,0,0,
236063,27-07-2016,2016-2017,2016-2017,AIE,RCPT,770243,15CCCE105052,15CCCE105052,Alumni,General,School of Computing Science & Engineering,B.Tech (Hons) in Computer Science & Engineering with Specialization in Cloud Computing & Virtualizations,School of Computing Science,B.Tech in CSCC 2015-16 V Sem IX,2.22E+11,Library Fine Fee,0,300,0,0,0,0,0,0,0,
236064,27-07-2016,2016-2017,2016-2017,AIE,RCPT,828372,14CCCE102010,14CCCE102010,Alumni,General,School of Computing Science & Engineering,Integrated B.Tech (Chemical Engineering) + MBA,School of Computing Science, B.Tech (CSE) + MBA 14-15 V Sem X,2.22E+11,Library BookC Recieved,0,400,0,0,0,0,0,0,0,
236065,27-07-2016,2016-2017,2016-2017,AIE,RCPT,817951,15GCOH101026,15GCOH101026,Alumni,General,School of Hospitality,B.Sc (Hotel Management),School of Hospitality,Hospitality Management 2015-2016 III Sem VI,2.02E+11,Fine Fee,0,2000,0,0,0,0,0,0,0,
236066,27-07-2016,2016-2017,2016-2017,AIE,RCPT,817951,15GCOH101026,15GCOH101026,Alumni,General,School of Hospitality,B.Sc (Hotel Management),School of Hospitality,Hospitality Management 2015-2016 III Sem VI,2.02E+11,Tuition Fee (Back Paper),0,3600,0,0,0,0,0,0,0,
236067,27-07-2016,2016-2017,2016-2017,AIE,RCPT,817951,15GCOH101026,15GCOH101026,Alumni,General,School of Hospitality,B.Sc (Hotel Management),School of Hospitality,Hospitality Management 2015-2016 III Sem VI,2.02E+11,Exam Fee (Back Paper),0,1000,0,0,0,0,0,0,0,
236068,27-07-2016,2016-2017,2016-2017,AIE,RCPT,770230,15CCCE105053,15CCCE105053,Alumni,General,School of Computing Science & Engineering,B.Tech (Hons) in Computer Science & Engineering with Specialization in Cloud Computing & Virtualizations,School of Computing Science,B.Tech in CSCC 2015-16 V Sem IX,2.22E+11,Library BookC Recieved,0,300,0,0,0,0,0,0,0,
236069,27-07-2016,2016-2017,2016-2017,AIE,RCPT,816841,15GCOL102106,15GCOL102106,Year Back,General,School of Law,Integrated BA + LLB (Hons.),School of Law,BALLB 2016-2017 III Sem VI,1.92E+11,Exam Fee (Back Paper),0,2000,0,0,0,0,0,0,0,
236070,27-07-2016,2016-2017,2016-2017,AIE,RCPT,830691,14CCCE101216,14CCCE101216,Alumni,General,School of Computing Science & Engineering,B.Tech/B.Tech (Hons) Computer Science Engineering,School of Computing Science,B.Tech in CSE 2015-16 V Sem IX,2.22E+11,Fine Fee,0,6000,0,0,0,0,0,0,0,
236071,27-07-2016,2016-2017,2016-2017,AIE,RCPT,830691,14CCCE101216,14CCCE101216,Alumni,General,School of Computing Science & Engineering,B.Tech/B.Tech (Hons) Computer Science Engineering,School of Computing Science,B.Tech in CSE 2015-16 V Sem IX,2.22E+11,Tuition Fee (Back Paper),0,10800,0,0,0,0,0,0,0,
236072,27-07-2016,2016-2017,2016-2017,AIE,RCPT,830691,14CCCE101216,14CCCE101216,Alumni,General,School of Computing Science & Engineering,B.Tech/B.Tech (Hons) Computer Science Engineering,School of Computing Science,B.Tech in CSE 2015-16 V Sem IX,2.22E+11,Exam Fee (Back Paper),0,3000,0,0,0,0,0,0,0,
236073,27-07-2016,2016-2017,2016-2017,AIE,RCPT,830108,14CCCE101268,14CCCE101268,Alumni,General,School of Computing Science & Engineering,B.Tech/B.Tech (Hons) Computer Science Engineering,School of Computing Science,B.Tech in CSE 2015-16 V Sem IX,2.22E+11,Library BookC Recieved,0,300,0,0,0,0,0,0,0,
236074,27-07-2016,2016-2017,2016-2017,AIE,RCPT,772802,15CCCE101677,15CCCE101677,No Information,General,School of Computing Science & Engineering,B.Tech/B.Tech (Hons) Computer Science Engineering,School of Computing Science,B.Tech in CSE 2016-17 II Sem IV,2.22E+11,Library BookC Recieved,0,300,0,0,0,0,0,0,0,
236075,27-07-2016,2016-2017,2016-2017,AIE,RCPT,816842,15GCOL102106,15GCOL102106,Year Back,General,School of Law,Integrated BA + LLB (Hons.),School of Law,BALLB 2016-2017 III Sem VI,1.92E+11,Fine Fee,0,2000,0,0,0,0,0,0,0,
236076,27-07-2016,2016-2017,2016-2017,AIE,RCPT,816842,15GCOL102106,15GCOL102106,Year Back,General,School of Law,Integrated BA + LLB (Hons.),School of Law,BALLB 2016-2017 III Sem VI,1.92E+11,Tuition Fee (Back Paper),0,3600,0,0,0,0,0,0,0,
236077,27-07-2016,2016-2017,2016-2017,AIE,RCPT,816842,15GCOL102106,15GCOL102106,Year Back,General,School of Law,Integrated BA + LLB (Hons.),School of Law,BALLB 2016-2017 III Sem VI,1.92E+11,Exam Fee (Back Paper),0,1000,0,0,0,0,0,0,0,
236078,27-07-2016,2016-2017,2016-2017,AIE,RCPT,847362,13CECE101011,13CECE101011,No Information,General,School of Electrical Electronics & Communication Engineering,B.Tech/B.Tech (Hons) Electrical & Electronics Engineering,School of Electrical  Electronics,B.Tech/B.Tech (Hons) Electrical & Electronics Engineering 2017-2018 IV Sem VIII,2.42E+11,Exam Fee (Back Paper),0,1000,0,0,0,0,0,0,0,
236079,27-07-2016,2016-2017,2016-2017,AIE,RCPT,783432,15CCCE101167,15CCCE101167,Alumni,General,School of Computing Science & Engineering,B.Tech/B.Tech (Hons) Computer Science Engineering,School of Computing Science,B.Tech in CSE 2015-16 V Sem IX,2.22E+11,Library BookC Recieved,0,300,0,0,0,0,0,0,0,
236080,27-07-2016,2016-2017,2016-2017,AIE,RCPT,786712,15CCCE101013,15CCCE101013,Alumni,General,School of Computing Science & Engineering,B.Tech/B.Tech (Hons) Computer Science Engineering,School of Computing Science,B.Tech in CSE 2015-16 V Sem IX,2.22E+11,Library BookC Recieved,0,300,0,0,0,0,0,0,0,
236081,27-07-2016,2016-2017,2016-2017,AIE,RCPT,786686,15CCCE101014,15CCCE101014,Alumni,General,School of Computing Science & Engineering,B.Tech/B.Tech (Hons) Computer Science Engineering,School of Computing Science,B.Tech in CSE 2015-16 V Sem IX,2.22E+11,Library BookC Recieved,0,300,0,0,0,0,0,0,0,
236082,27-07-2016,2016-2017,2016-2017,AIE,RCPT,830608,14CCCE101222,14CCCE101222,No Information,General,School of Computing Science & Engineering,B.Tech/B.Tech (Hons) Computer Science Engineering,School of Computing Science,B.Tech in CSE 2015-16 III Sem VI,2.22E+11,Library BookC Recieved,0,400,0,0,0,0,0,0,0,
236083,27-07-2016,2016-2017,2016-2017,AIE,RCPT,856108,13CAHC301005,13CAHC301005,No Information,General,School of Humanities & Social Sciences,B.A (Hons) Economics,School of Humanities,B.A (Hons) Economics 2017-2018 III Sem VI,1.42E+11,Fine Fee,0,3000,0,0,0,0,0,0,0,
236084,27-07-2016,2016-2017,2016-2017,AIE,RCPT,856108,13CAHC301005,13CAHC301005,No Information,General,School of Humanities & Social Sciences,B.A (Hons) Economics,School of Humanities,B.A (Hons) Economics 2017-2018 III Sem VI,1.42E+11,Tuition Fee (Back Paper),0,5400,0,0,0,0,0,0,0,
236085,27-07-2016,2016-2017,2016-2017,AIE,RCPT,856108,13CAHC301005,13CAHC301005,No Information,General,School of Humanities & Social Sciences,B.A (Hons) Economics,School of Humanities,B.A (Hons) Economics 2017-2018 III Sem VI,1.42E+11,Exam Fee (Back Paper),0,1500,0,0,0,0,0,0,0,
236086,27-07-2016,2016-2017,2016-2017,AIE,RCPT,777411,15CCCE101455,15CCCE101455,Cancelled,General,School of Computing Science & Engineering,B.Tech/B.Tech (Hons) Computer Science Engineering,School of Computing Science,B.Tech in CSE 2017-18 III Sem V,2.22E+11,Library BookC Recieved,0,300,0,0,0,0,0,0,0,
236087,27-07-2016,2016-2017,2016-2017,AIE,RCPT,743058,16CCCE101239,16CCCE101239,Alumni,General,School of Computing Science & Engineering,B.Tech/B.Tech (Hons) Computer Science Engineering,School of Computing Science,B.Tech in CSE 2015-16 V Sem IX,2.22E+11,Library BookC Recieved,0,300,0,0,0,0,0,0,0,
236088,27-07-2016,2016-2017,2016-2017,AIE,RCPT,778796,15CCCE101388,15CCCE101388,Alumni,General,School of Computing Science & Engineering,B.Tech/B.Tech (Hons) Computer Science Engineering,School of Computing Science,B.Tech in CSE 2015-16 V Sem IX,2.22E+11,Library BookC Recieved,0,300,0,0,0,0,0,0,0,
236089,27-07-2016,2016-2017,2016-2017,AIE,RCPT,802096,16CECE101017,16CECE101017,No Information,General,School of Electrical Electronics & Communication Engineering,B.Tech/B.Tech (Hons) Electrical & Electronics Engineering,School of Electrical  Electronics,Electrical and Electronics Engineering-2016-17 II Sem IV,2.42E+11,TUITION FEE,0,10000,0,0,0,0,0,0,0,
236090,27-07-2016,2016-2017,2016-2017,AIE,RCPT,802096,16CECE101017,16CECE101017,No Information,General,School of Electrical Electronics & Communication Engineering,B.Tech/B.Tech (Hons) Electrical & Electronics Engineering,School of Electrical  Electronics,Electrical and Electronics Engineering-2016-17 II Sem IV,2.42E+11,Exam Fee,0,10000,0,0,0,0,0,0,0,
236091,27-07-2016,2016-2017,2016-2017,AIE,RCPT,802092,16CECE101018,16CECE101018,Alumni,General,School of Electrical Electronics & Communication Engineering,B.Tech/B.Tech (Hons) Electrical & Electronics Engineering,School of Electrical  Electronics,Electrical and Electronics Engineering-2016-17 IV Sem VIII,2.42E+11,TUITION FEE,0,149000,0,0,0,0,0,0,0,
236092,27-07-2016,2016-2017,2016-2017,AIE,RCPT,802092,16CECE101018,16CECE101018,Alumni,General,School of Electrical Electronics & Communication Engineering,B.Tech/B.Tech (Hons) Electrical & Electronics Engineering,School of Electrical  Electronics,Electrical and Electronics Engineering-2016-17 IV Sem VIII,2.42E+11,Exam Fee,0,10000,0,0,0,0,0,0,0,
236093,27-07-2016,2016-2017,2016-2017,AIE,RCPT,772990,15CCCE101661,15CCCE101661,Alumni,General,School of Computing Science & Engineering,B.Tech/B.Tech (Hons) Computer Science Engineering,School of Computing Science,B.Tech in CSE 2015-16 V Sem IX,2.22E+11,Library BookC Recieved,0,300,0,0,0,0,0,0,0,
236094,27-07-2016,2016-2017,2016-2017,AIE,RCPT,847348,13CECE101012,13CECE101012,No Information,General,School of Electrical Electronics & Communication Engineering,B.Tech/B.Tech (Hons) Electrical & Electronics Engineering,School of Electrical  Electronics,B.Tech/B.Tech (Hons) Electrical & Electronics Engineering 2017-2018 IV Sem VIII,2.42E+11,Exam Fee (Back Paper),0,1000,0,0,0,0,0,0,0,
236095,27-07-2016,2016-2017,2016-2017,AIE,RCPT,772979,15CCCE101662,15CCCE101662,Alumni,General,School of Computing Science & Engineering,B.Tech/B.Tech (Hons) Computer Science Engineering,School of Computing Science,B.Tech in CSE 2015-16 V Sem IX,2.22E+11,Library BookC Recieved,0,300,0,0,0,0,0,0,0,
236096,27-07-2016,2016-2017,2016-2017,AIE,RCPT,772962,15CCCE101664,15CCCE101664,Alumni,General,School of Computing Science & Engineering,B.Tech/B.Tech (Hons) Computer Science Engineering,School of Computing Science,B.Tech in CSE 2015-16 V Sem IX,2.22E+11,Library BookC Recieved,0,300,0,0,0,0,0,0,0,
236097,27-07-2016,2016-2017,2016-2017,AIE,RCPT,820548,15GCCE101078,15GCCE101078,Alumni,General,School of Civil Engineering,B.Tech/B.Tech (Hons) Civil Engineering,School of Civil Engineering,B Tech Civil Engineering 2015-16 V Sem IX,3.12E+11,Library BookC Recieved,0,700,0,0,0,0,0,0,0,
236098,27-07-2016,2016-2017,2016-2017,AIE,RCPT,829984,14CCCE101279,14CCCE101279,Alumni,General,School of Computing Science & Engineering,B.Tech/B.Tech (Hons) Computer Science Engineering,School of Computing Science,B.Tech in CSE 2014-15 IV Sem VIII,2.22E+11,Library BookC Recieved,0,400,0,0,0,0,0,0,0,
236099,27-07-2016,2016-2017,2016-2017,AIE,RCPT,786522,15CCCE101021,15CCCE101021,Alumni,General,School of Computing Science & Engineering,B.Tech/B.Tech (Hons) Computer Science Engineering,School of Computing Science,B.Tech in CSE 2015-16 V Sem IX,2.22E+11,Library BookC Recieved,0,300,0,0,0,0,0,0,0,
236100,27-07-2016,2016-2017,2016-2017,AIE,RCPT,786551,15CCCE101020,15CCCE101020,Alumni,General,School of Computing Science & Engineering,B.Tech/B.Tech (Hons) Computer Science Engineering,School of Computing Science,B.Tech in CSE 2015-16 V Sem IX,2.22E+11,Library BookC Recieved,0,300,0,0,0,0,0,0,0,
236101,27-07-2016,2016-2017,2016-2017,AIE,RCPT,786590,15CCCE101019,15CCCE101019,Active,General,School of Computing Science & Engineering,B.Tech/B.Tech (Hons) Computer Science Engineering,School of Computing Science,B.Tech in CSE 2016-17 IV Sem VIII,2.22E+11,Library BookC Recieved,0,300,0,0,0,0,0,0,0,
236102,27-07-2016,2016-2017,2016-2017,AIE,RCPT,786655,15CCCE101015,15CCCE101015,Alumni,General,School of Computing Science & Engineering,B.Tech/B.Tech (Hons) Computer Science Engineering,School of Computing Science,B.Tech in CSE 2015-16 V Sem IX,2.22E+11,Library BookC Recieved,0,300,0,0,0,0,0,0,0,
236103,27-07-2016,2016-2017,2016-2017,AIE,RCPT,786628,15CCCE101016,15CCCE101016,No Information,General,School of Computing Science & Engineering,B.Tech/B.Tech (Hons) Computer Science Engineering,School of Computing Science,B.Tech in CSE 2015-16 III Sem VI,2.22E+11,Library BookC Recieved,0,300,0,0,0,0,0,0,0,
236104,27-07-2016,2016-2017,2016-2017,AIE,RCPT,820255,15GCCE101111,15GCCE101111,No Information,General,School of Civil Engineering,B.Tech/B.Tech (Hons) Civil Engineering,School of Civil Engineering,B Tech Civil Engineering 2015-16 III Sem VI,3.12E+11,Library BookC Recieved,0,300,0,0,0,0,0,0,0,
236105,27-07-2016,2016-2017,2016-2017,AIE,RCPT,786616,15CCCE101018,15CCCE101018,Alumni,General,School of Computing Science & Engineering,B.Tech/B.Tech (Hons) Computer Science Engineering,School of Computing Science,B.Tech in CSE 2015-16 V Sem IX,2.22E+11,Library BookC Recieved,0,300,0,0,0,0,0,0,0,
236106,27-07-2016,2016-2017,2016-2017,AIE,RCPT,769993,15CCCE105077,15CCCE105077,No Information,General,School of Computing Science & Engineering,B.Tech (Hons) in Computer Science & Engineering with Specialization in Cloud Computing & Virtualizations,School of Computing Science,B.Tech in CSCC 2015-16 III Sem VI,2.22E+11,Library BookC Recieved,0,300,0,0,0,0,0,0,0,
236107,27-07-2016,2016-2017,2016-2017,AIE,REVDUE,583715,14CCCE101036,14CCCE101036,Alumni,General,School of Computing Science & Engineering,B.Tech/B.Tech (Hons) Computer Science Engineering,School of Computing Science,B.Tech in CSE 2014-15 IV Sem VIII,,Library BookC Recieved,0,0,0,0,0,300,0,0,0,DUE REVERCE
236108,27-07-2016,2016-2017,2016-2017,AIE,RCPT,832203,14CCCE101032,14CCCE101032,Alumni,General,School of Computing Science & Engineering,B.Tech/B.Tech (Hons) Computer Science Engineering,School of Computing Science,B.Tech in CSE 2014-15 IV Sem VIII,2.22E+11,Library BookC Recieved,0,400,0,0,0,0,0,0,0,
236109,27-07-2016,2016-2017,2016-2017,AIE,RCPT,769183,15CCCE105159,15CCCE105159,Alumni,General,School of Computing Science & Engineering,B.Tech (Hons) in Computer Science & Engineering with Specialization in Cloud Computing & Virtualizations,School of Computing Science,B.Tech in CSCC 2015-16 V Sem IX,2.22E+11,Library BookC Recieved,0,300,0,0,0,0,0,0,0,
236110,27-07-2016,2016-2017,2016-2017,AIE,RCPT,783876,15CCCE101145,15CCCE101145,No Information,General,School of Computing Science & Engineering,B.Tech/B.Tech (Hons) Computer Science Engineering,School of Computing Science,B.Tech in CSE 2016-17 II Sem IV,2.22E+11,Fine Fee,0,1000,0,0,0,0,0,0,0,
236111,27-07-2016,2016-2017,2016-2017,AIE,RCPT,783876,15CCCE101145,15CCCE101145,No Information,General,School of Computing Science & Engineering,B.Tech/B.Tech (Hons) Computer Science Engineering,School of Computing Science,B.Tech in CSE 2016-17 II Sem IV,2.22E+11,Tuition Fee (Back Paper),0,1800,0,0,0,0,0,0,0,
236112,27-07-2016,2016-2017,2016-2017,AIE,RCPT,783876,15CCCE101145,15CCCE101145,No Information,General,School of Computing Science & Engineering,B.Tech/B.Tech (Hons) Computer Science Engineering,School of Computing Science,B.Tech in CSE 2016-17 II Sem IV,2.22E+11,Exam Fee (Back Paper),0,500,0,0,0,0,0,0,0,
236113,27-07-2016,2016-2017,2016-2017,AIE,RCPT,837759,14CBAC101083,14CBAC101083,Alumni,General,School of Basic & Applied Sciences,B.Sc.(Hons) Forensic Sciences,School of Basic,B.Sc.(Hons) Forensic Sciences 2015-16 III Sem VI,1.82E+11,Fine Fee,0,2000,0,0,0,0,0,0,0,
236114,27-07-2016,2016-2017,2016-2017,AIE,RCPT,837759,14CBAC101083,14CBAC101083,Alumni,General,School of Basic & Applied Sciences,B.Sc.(Hons) Forensic Sciences,School of Basic,B.Sc.(Hons) Forensic Sciences 2015-16 III Sem VI,1.82E+11,Tuition Fee (Back Paper),0,3600,0,0,0,0,0,0,0,
236115,27-07-2016,2016-2017,2016-2017,AIE,RCPT,837759,14CBAC101083,14CBAC101083,Alumni,General,School of Basic & Applied Sciences,B.Sc.(Hons) Forensic Sciences,School of Basic,B.Sc.(Hons) Forensic Sciences 2015-16 III Sem VI,1.82E+11,Exam Fee (Back Paper),0,1000,0,0,0,0,0,0,0,
236116,27-07-2016,2016-2017,2016-2017,AIE,RCPT,837814,14CBAC101075,14CBAC101075,No Information,General,School of Basic & Applied Sciences,B.Sc.(Hons) Forensic Sciences,School of Basic,B.Sc.(Hons) Forensic Sciences 2015-16 III Sem VI,1.82E+11,Exam Fee (Back Paper),0,1500,0,0,0,0,0,0,0,
236117,27-07-2016,2016-2017,2016-2017,AIE,RCPT,835816,14CCME101449,14CCME101449,Alumni,General,School of Mechanical Engineering,B.Tech/B.Tech (Hons) Mechanical Engineering,School of Mechanical Engineering,ME 2014-2015 IV Sem VIII,2.32E+11,Fine Fee,0,2000,0,0,0,0,0,0,0,
236118,27-07-2016,2016-2017,2016-2017,AIE,RCPT,835816,14CCME101449,14CCME101449,Alumni,General,School of Mechanical Engineering,B.Tech/B.Tech (Hons) Mechanical Engineering,School of Mechanical Engineering,ME 2014-2015 IV Sem VIII,2.32E+11,Tuition Fee (Back Paper),0,3600,0,0,0,0,0,0,0,
236119,27-07-2016,2016-2017,2016-2017,AIE,RCPT,835816,14CCME101449,14CCME101449,Alumni,General,School of Mechanical Engineering,B.Tech/B.Tech (Hons) Mechanical Engineering,School of Mechanical Engineering,ME 2014-2015 IV Sem VIII,2.32E+11,Exam Fee (Back Paper),0,1000,0,0,0,0,0,0,0,
236120,27-07-2016,2016-2017,2016-2017,AIE,RCPT,783838,15CCCE101147,15CCCE101147,Alumni,General,School of Computing Science & Engineering,B.Tech/B.Tech (Hons) Computer Science Engineering,School of Computing Science,B.Tech in CSE 2015-16 V Sem IX,2.22E+11,Library BookC Recieved,0,300,0,0,0,0,0,0,0,
236121,27-07-2016,2016-2017,2016-2017,AIE,RCPT,783818,15CCCE101149,15CCCE101149,Alumni,General,School of Computing Science & Engineering,B.Tech/B.Tech (Hons) Computer Science Engineering,School of Computing Science,B.Tech in CSE 2015-16 V Sem IX,2.22E+11,Library BookC Recieved,0,300,0,0,0,0,0,0,0,
236122,27-07-2016,2016-2017,2016-2017,AIE,RCPT,836122,14CCME101418,14CCME101418,Alumni,General,School of Mechanical Engineering,B.Tech/B.Tech (Hons) Mechanical Engineering,School of Mechanical Engineering,ME 2014-2015 IV Sem VIII,2.32E+11,Fine Fee,0,200,0,0,0,0,0,0,0,
236123,27-07-2016,2016-2017,2016-2017,AIE,RCPT,831877,14CCCE101068,14CCCE101068,Alumni,General,School of Computing Science & Engineering,B.Tech/B.Tech (Hons) Computer Science Engineering,School of Computing Science,B.Tech in CSE 2014-15 IV Sem VIII,2.22E+11,Library BookC Recieved,0,400,0,0,0,0,0,0,0,
236124,27-07-2016,2016-2017,2016-2017,AIE,RCPT,835904,14CCME101443,14CCME101443,Alumni,General,School of Computing Science & Engineering,B.Tech/B.Tech (Hons) Computer Science Engineering,School of Computing Science,B.Tech in CSE 2014-15 IV Sem VIII,2.22E+11,Library BookC Recieved,0,400,0,0,0,0,0,0,0,
236125,27-07-2016,2016-2017,2016-2017,AIE,RCPT,819294,15GCFC101007,15GCFC101007,No Information,General,School of Finance & Commerce,B.Com. (Hons),School of Finance,B COM H-2015-16 II Sem IV,1.72E+11,TUITION FEE,0,95000,0,0,0,0,0,0,0,
236126,27-07-2016,2016-2017,2016-2017,AIE,RCPT,819294,15GCFC101007,15GCFC101007,No Information,General,School of Finance & Commerce,B.Com. (Hons),School of Finance,B COM H-2015-16 II Sem IV,1.72E+11,Exam Fee,0,10000,0,0,0,0,0,0,0,
236127,27-07-2016,2016-2017,2016-2017,AIE,RCPT,847003,13CECE103020,13CECE103020,No Information,General,School of Electrical Electronics & Communication Engineering,B.Tech/B.Tech (Hons) Electronics & Communications Engineering,School of Electrical  Electronics,ELECTRONICS AND COMMUNICATION ENGINEERING-2014-15 IV Sem VIII,2.42E+11,Exam Fee (Back Paper),0,500,0,0,0,0,0,0,0,
236128,27-07-2016,2016-2017,2016-2017,AIE,RCPT,776407,15CCCE101501,15CCCE101501,Alumni,General,School of Computing Science & Engineering,B.Tech/B.Tech (Hons) Computer Science Engineering,School of Computing Science,B.Tech in CSE 2015-16 V Sem IX,2.22E+11,Library BookC Recieved,0,300,0,0,0,0,0,0,0,
236129,27-07-2016,2016-2017,2016-2017,AIE,RCPT,788412,15CCME101280,15CCME101280,No Information,General,School of Mechanical Engineering,B.Tech/B.Tech (Hons) Mechanical Engineering,School of Mechanical Engineering,B.Tech/B.Tech (Hons) Mechanical Engineering 2017-2018 II Sem IV,2.32E+11,Fine Fee,0,1000,0,0,0,0,0,0,0,
236130,27-07-2016,2016-2017,2016-2017,AIE,RCPT,788412,15CCME101280,15CCME101280,No Information,General,School of Mechanical Engineering,B.Tech/B.Tech (Hons) Mechanical Engineering,School of Mechanical Engineering,B.Tech/B.Tech (Hons) Mechanical Engineering 2017-2018 II Sem IV,2.32E+11,Tuition Fee (Back Paper),0,1800,0,0,0,0,0,0,0,
236131,27-07-2016,2016-2017,2016-2017,AIE,RCPT,788412,15CCME101280,15CCME101280,No Information,General,School of Mechanical Engineering,B.Tech/B.Tech (Hons) Mechanical Engineering,School of Mechanical Engineering,B.Tech/B.Tech (Hons) Mechanical Engineering 2017-2018 II Sem IV,2.32E+11,Exam Fee (Back Paper),0,500,0,0,0,0,0,0,0,
236132,27-07-2016,2016-2017,2016-2017,AIE,RCPT,773409,15CCCE101641,15CCCE101641,Alumni,General,School of Computing Science & Engineering,B.Tech/B.Tech (Hons) Computer Science Engineering,School of Computing Science,B.Tech in CSE 2015-16 V Sem IX,2.22E+11,Library BookC Recieved,0,300,0,0,0,0,0,0,0,
236133,27-07-2016,2016-2017,2016-2017,AIE,RCPT,812666,15CCME101147,15CCME101147,Alumni,General,School of Computing Science & Engineering,B.Tech/B.Tech (Hons) Computer Science Engineering,School of Computing Science,B.Tech in CSE 2015-16 V Sem IX,2.22E+11,Library Fine Fee,0,300,0,0,0,0,0,0,0,
236134,27-07-2016,2016-2017,2016-2017,AIE,RCPT,829686,14CCCE101309,14CCCE101309,Alumni,General,School of Computing Science & Engineering,B.Tech/B.Tech (Hons) Computer Science Engineering,School of Computing Science,B.Tech in CSE 2014-15 IV Sem VIII,2.22E+11,Library BookC Recieved,0,400,0,0,0,0,0,0,0,
236135,27-07-2016,2016-2017,2016-2017,AIE,RCPT,769206,15CCCE105157,15CCCE105157,Alumni,General,School of Computing Science & Engineering,B.Tech (Hons) in Computer Science & Engineering with Specialization in Cloud Computing & Virtualizations,School of Computing Science,B.Tech in CSCC 2015-16 V Sem IX,2.22E+11,Library BookC Recieved,0,300,0,0,0,0,0,0,0,
236136,27-07-2016,2016-2017,2016-2017,AIE,RCPT,832308,14CCCE101015,14CCCE101015,Alumni,General,School of Computing Science & Engineering,B.Tech/B.Tech (Hons) Computer Science Engineering,School of Computing Science,B.Tech in CSE 2014-15 IV Sem VIII,2.22E+11,Library BookC Recieved,0,400,0,0,0,0,0,0,0,
236137,27-07-2016,2016-2017,2016-2017,CCAB,RCPT,835469,14CCME101487,14CCME101487,Alumni,General,School of Computing Science & Engineering,B.Tech/B.Tech (Hons) Computer Science Engineering,School of Computing Science,B.Tech in CSE 2014-15 IV Sem VIII,2.22E+11,Ajustable_Excess_Amount,0,100,0,0,0,0,0,0,0,
236138,27-07-2016,2016-2017,2016-2017,CCAB,RCPT,835416,14CCME101491,14CCME101491,Alumni,General,School of Mechanical Engineering,B.Tech/B.Tech (Hons) Mechanical Engineering,School of Mechanical Engineering,ME 2014-2015 IV Sem VIII,2.32E+11,Exam Fee (Back Paper),0,500,0,0,0,0,0,0,0,
236139,27-07-2016,2016-2017,2016-2017,AIE,RCPT,788451,15CCME101278,15CCME101278,Alumni,General,School of Civil Engineering,B.Tech/B.Tech (Hons) Civil Engineering,School of Civil Engineering,B Tech Civil Engineering 2015-16 V Sem IX,3.12E+11,Fine Fee,0,1000,0,0,0,0,0,0,0,
236140,27-07-2016,2016-2017,2016-2017,AIE,RCPT,788451,15CCME101278,15CCME101278,Alumni,General,School of Civil Engineering,B.Tech/B.Tech (Hons) Civil Engineering,School of Civil Engineering,B Tech Civil Engineering 2015-16 V Sem IX,3.12E+11,Tuition Fee (Back Paper),0,1800,0,0,0,0,0,0,0,
236141,27-07-2016,2016-2017,2016-2017,AIE,RCPT,788451,15CCME101278,15CCME101278,Alumni,General,School of Civil Engineering,B.Tech/B.Tech (Hons) Civil Engineering,School of Civil Engineering,B Tech Civil Engineering 2015-16 V Sem IX,3.12E+11,Exam Fee (Back Paper),0,500,0,0,0,0,0,0,0,
236142,27-07-2016,2016-2017,2016-2017,AIE,RCPT,832184,14CCCE101035,14CCCE101035,Alumni,General,School of Computing Science & Engineering,B.Tech/B.Tech (Hons) Computer Science Engineering,School of Computing Science,B.Tech in CSE 2014-15 IV Sem VIII,2.22E+11,Library BookC Recieved,0,300,0,0,0,0,0,0,0,
236143,27-07-2016,2016-2017,2016-2017,AIE,RCPT,819293,15GCFC101007,15GCFC101007,No Information,General,School of Finance & Commerce,B.Com. (Hons),School of Finance,B COM H-2015-16 II Sem IV,1.72E+11,Fine Fee,0,5000,0,0,0,0,0,0,0,
236144,27-07-2016,2016-2017,2016-2017,AIE,RCPT,819293,15GCFC101007,15GCFC101007,No Information,General,School of Finance & Commerce,B.Com. (Hons),School of Finance,B COM H-2015-16 II Sem IV,1.72E+11,Tuition Fee (Back Paper),0,9000,0,0,0,0,0,0,0,
236145,27-07-2016,2016-2017,2016-2017,AIE,RCPT,819293,15GCFC101007,15GCFC101007,No Information,General,School of Finance & Commerce,B.Com. (Hons),School of Finance,B COM H-2015-16 II Sem IV,1.72E+11,Exam Fee (Back Paper),0,2500,0,0,0,0,0,0,0,
236146,27-07-2016,2016-2017,2016-2017,AIE,RCPT,802507,16CCCE203031,16CCCE203031,Alumni,General,School of Computing Science & Engineering,MCA,School of Computing Science,MCA 2015 - 16 III Sem VI,2.22E+11,Library BookC Recieved,0,600,0,0,0,0,0,0,0,
236147,27-07-2016,2016-2017,2016-2017,AIE,RCPT,768982,15CCCE105178,15CCCE105178,Alumni,General,School of Computing Science & Engineering,B.Tech (Hons) in Computer Science & Engineering with Specialization in Cloud Computing & Virtualizations,School of Computing Science,B.Tech in CSCC 2015-16 V Sem IX,2.22E+11,Library Fine Fee,0,300,0,0,0,0,0,0,0,
236148,27-07-2016,2016-2017,2016-2017,AIE,RCPT,805827,16CCCE106015,16CCCE106015,Alumni,General,School of Computing Science & Engineering,B.Tech (Hons) in Computer Science & Engineering with Specialization in Open Source Software & Open S,School of Computing Science,B.Tech in CSOS 2016-17 IV Sem VIII,2.22E+11,TUITION FEE,0,170000,0,0,0,0,0,0,0,
236149,27-07-2016,2016-2017,2016-2017,AIE,RCPT,805827,16CCCE106015,16CCCE106015,Alumni,General,School of Computing Science & Engineering,B.Tech (Hons) in Computer Science & Engineering with Specialization in Open Source Software & Open S,School of Computing Science,B.Tech in CSOS 2016-17 IV Sem VIII,2.22E+11,Exam Fee,0,10000,0,0,0,0,0,0,0,
236150,27-07-2016,2016-2017,2016-2017,AIE,RCPT,769020,15CCCE105174,15CCCE105174,Alumni,General,School of Computing Science & Engineering,B.Tech (Hons) in Computer Science & Engineering with Specialization in Cloud Computing & Virtualizations,School of Computing Science,B.Tech in CSCC 2015-16 V Sem IX,2.22E+11,Library BookC Recieved,0,300,0,0,0,0,0,0,0,
236151,27-07-2016,2016-2017,2016-2017,AIE,RCPT,831990,14CCCE101057,14CCCE101057,Alumni,General,School of Computing Science & Engineering,B.Tech/B.Tech (Hons) Computer Science Engineering,School of Computing Science,B.Tech in CSE 2014-15 IV Sem VIII,2.22E+11,Library BookC Recieved,0,400,0,0,0,0,0,0,0,
236152,27-07-2016,2016-2017,2016-2017,AIE,RCPT,828630,14CCCE101416,14CCCE101416,No Information,General,School of Computing Science & Engineering,B.Tech/B.Tech (Hons) Computer Science Engineering,School of Computing Science,B.Tech in CSE 2015-16 III Sem VI,2.22E+11,Library BookC Recieved,0,300,0,0,0,0,0,0,0,
236153,27-07-2016,2016-2017,2016-2017,AIE,RCPT,768997,15CCCE105176,15CCCE105176,Alumni,General,School of Computing Science & Engineering,B.Tech (Hons) in Computer Science & Engineering with Specialization in Cloud Computing & Virtualizations,School of Computing Science,B.Tech in CSCC 2015-16 V Sem IX,2.22E+11,Library BookC Recieved,0,300,0,0,0,0,0,0,0,
236154,27-07-2016,2016-2017,2016-2017,AIE,RCPT,789197,15GCOB201165,15GCOB201165,No Information,General,School of Business,MBA in dual specialization ,School of Business,MBA in dual specialization  2017-2018 Trimester VI Trimester VI,1.32E+11,Exam Fee (Back Paper),0,1000,0,0,0,0,0,0,0,
236155,27-07-2016,2016-2017,2016-2017,AIE,RCPT,802512,16CCCE203030,16CCCE203030,Alumni,General,School of Computing Science & Engineering,MCA,School of Computing Science,MCA 2015 - 16 III Sem VI,2.22E+11,Library Fine Fee,0,600,0,0,0,0,0,0,0,
236156,27-07-2016,2016-2017,2016-2017,AIE,RCPT,777201,15CCCE101465,15CCCE101465,Alumni,General,School of Computing Science & Engineering,B.Tech/B.Tech (Hons) Computer Science Engineering,School of Computing Science,B.Tech in CSE 2015-16 V Sem IX,2.22E+11,Library BookC Recieved,0,300,0,0,0,0,0,0,0,
236157,27-07-2016,2016-2017,2016-2017,AIE,RCPT,837183,14CCME101304,14CCME101304,Alumni,General,School of Computing Science & Engineering,B.Tech/B.Tech (Hons) Computer Science Engineering,School of Computing Science,B.Tech in CSE 2014-15 IV Sem VIII,2.22E+11,Library BookC Recieved,0,400,0,0,0,0,0,0,0,
236158,27-07-2016,2016-2017,2016-2017,AIE,RCPT,837757,14CBAC101083,14CBAC101083,Alumni,General,School of Basic & Applied Sciences,B.Sc.(Hons) Forensic Sciences,School of Basic,B.Sc.(Hons) Forensic Sciences 2015-16 III Sem VI,1.82E+11,Exam Fee (Back Paper),0,500,0,0,0,0,0,0,0,
236159,27-07-2016,2016-2017,2016-2017,AIE,RCPT,832030,14CCCE101054,14CCCE101054,Alumni,General,School of Computing Science & Engineering,B.Tech/B.Tech (Hons) Computer Science Engineering,School of Computing Science,B.Tech in CSE 2014-15 IV Sem VIII,2.22E+11,Library BookC Recieved,0,400,0,0,0,0,0,0,0,
236160,27-07-2016,2016-2017,2016-2017,AIE,RCPT,783782,15CCCE101152,15CCCE101152,Alumni,General,School of Computing Science & Engineering,B.Tech/B.Tech (Hons) Computer Science Engineering,School of Computing Science,B.Tech in CSE 2015-16 V Sem IX,2.22E+11,Library BookC Recieved,0,300,0,0,0,0,0,0,0,
236161,27-07-2016,2016-2017,2016-2017,AIE,RCPT,779708,15CCCE101343,15CCCE101343,Alumni,General,School of Computing Science & Engineering,B.Tech/B.Tech (Hons) Computer Science Engineering,School of Computing Science,B.Tech in CSE 2015-16 V Sem IX,2.22E+11,Library BookC Recieved,0,300,0,0,0,0,0,0,0,
236162,27-07-2016,2016-2017,2016-2017,AIE,RCPT,848946,13CCCE102007,13CCCE102007,Withdrawn,General,School of Computing Science & Engineering,Integrated B.Tech (Chemical Engineering) + MBA,School of Computing Science,B.Tech in CSE 2015-16 IV Sem VII,2.22E+11,Library BookC Recieved,0,300,0,0,0,0,0,0,0,
236163,27-07-2016,2016-2017,2016-2017,AIE,RCPT,777947,15CCCE101428,15CCCE101428,Alumni,General,School of Computing Science & Engineering,B.Tech/B.Tech (Hons) Computer Science Engineering,School of Computing Science,B.Tech in CSE 2015-16 V Sem IX,2.22E+11,Library BookC Recieved,0,300,0,0,0,0,0,0,0,
236164,27-07-2016,2016-2017,2016-2017,AIE,RCPT,832123,14CCCE101042,14CCCE101042,Alumni,General,School of Computing Science & Engineering,Integrated B.Tech (Chemical Engineering) + MBA,School of Computing Science,B.Tech in CSE 2015-16 IV Sem VII,2.22E+11,Fine Fee,0,1000,0,0,0,0,0,0,0,
236165,27-07-2016,2016-2017,2016-2017,AIE,RCPT,832123,14CCCE101042,14CCCE101042,Alumni,General,School of Computing Science & Engineering,Integrated B.Tech (Chemical Engineering) + MBA,School of Computing Science,B.Tech in CSE 2015-16 IV Sem VII,2.22E+11,Tuition Fee (Back Paper),0,1800,0,0,0,0,0,0,0,
236166,27-07-2016,2016-2017,2016-2017,AIE,RCPT,832123,14CCCE101042,14CCCE101042,Alumni,General,School of Computing Science & Engineering,Integrated B.Tech (Chemical Engineering) + MBA,School of Computing Science,B.Tech in CSE 2015-16 IV Sem VII,2.22E+11,Exam Fee (Back Paper),0,500,0,0,0,0,0,0,0,
236167,27-07-2016,2016-2017,2016-2017,AIE,RCPT,783741,15CCCE101154,15CCCE101154,Alumni,General,School of Computing Science & Engineering,B.Tech/B.Tech (Hons) Computer Science Engineering,School of Computing Science,B.Tech in CSE 2015-16 V Sem IX,2.22E+11,Library BookC Recieved,0,300,0,0,0,0,0,0,0,
236168,27-07-2016,2016-2017,2016-2017,AIE,RCPT,788984,15CCME101249,15CCME101249,No Information,General,School of Mechanical Engineering,B.Tech/B.Tech (Hons) Mechanical Engineering,School of Mechanical Engineering,ME 2015-2016 III Sem VI,2.32E+11,Exam Fee (Back Paper),0,1500,0,0,0,0,0,0,0,
236169,27-07-2016,2016-2017,2016-2017,AIE,RCPT,828617,14CCCE101419,14CCCE101419,Alumni,General,School of Computing Science & Engineering,B.Tech/B.Tech (Hons) Computer Science Engineering,School of Computing Science,B.Tech in CSE 2014-15 IV Sem VIII,2.22E+11,Library BookC Recieved,0,400,0,0,0,0,0,0,0,
236170,27-07-2016,2016-2017,2016-2017,AIE,RCPT,926209,15CCCE101721,15CCCE101721,Active,General,School of Computing Science & Engineering,B.Tech/B.Tech (Hons) Computer Science Engineering,School of Computing Science,B.Tech in CSE 2017-18 IV Sem VIII,2.22E+11,Library BookC Recieved,0,300,0,0,0,0,0,0,0,
236171,27-07-2016,2016-2017,2016-2017,AIE,RCPT,832075,14CCCE101047,14CCCE101047,Alumni,General,School of Computing Science & Engineering,B.Tech/B.Tech (Hons) Computer Science Engineering,School of Computing Science,B.Tech in CSE 2014-15 IV Sem VIII,2.22E+11,Library BookC Recieved,0,400,0,0,0,0,0,0,0,
236172,27-07-2016,2016-2017,2016-2017,AIE,RCPT,835206,14CCME101508,14CCME101508,Alumni,General,School of Mechanical Engineering,B.Tech/B.Tech (Hons) Mechanical Engineering,School of Mechanical Engineering,ME 2015-2016 V Sem IX,2.32E+11,Fine Fee,0,1000,0,0,0,0,0,0,0,
236173,27-07-2016,2016-2017,2016-2017,AIE,RCPT,835206,14CCME101508,14CCME101508,Alumni,General,School of Mechanical Engineering,B.Tech/B.Tech (Hons) Mechanical Engineering,School of Mechanical Engineering,ME 2015-2016 V Sem IX,2.32E+11,Tuition Fee (Back Paper),0,1800,0,0,0,0,0,0,0,
236174,27-07-2016,2016-2017,2016-2017,AIE,RCPT,835206,14CCME101508,14CCME101508,Alumni,General,School of Mechanical Engineering,B.Tech/B.Tech (Hons) Mechanical Engineering,School of Mechanical Engineering,ME 2015-2016 V Sem IX,2.32E+11,Exam Fee (Back Paper),0,500,0,0,0,0,0,0,0,
236175,27-07-2016,2016-2017,2016-2017,AIE,RCPT,773570,15CCCE101634,15CCCE101634,Alumni,General,School of Computing Science & Engineering,B.Tech/B.Tech (Hons) Computer Science Engineering,School of Computing Science,B.Tech in CSE 2015-16 V Sem IX,2.22E+11,Library BookC Recieved,0,300,0,0,0,0,0,0,0,
236176,27-07-2016,2016-2017,2016-2017,AIE,RCPT,837842,14CBAC101071,14CBAC101071,No Information,General,School of Basic & Applied Sciences,B.Sc.(Hons) Forensic Sciences,School of Basic,B.Sc.(Hons) Forensic Sciences 2015-16 III Sem VI,1.82E+11,Exam Fee (Back Paper),0,500,0,0,0,0,0,0,0,
236177,27-07-2016,2016-2017,2016-2017,AIE,RCPT,787884,15GCOB201011,15GCOB201011,Alumni,General,School of Business,MBA in dual specialization ,School of Business,MBA in dual specialization  2017-2018 Trimester VI Trimester VI,1.32E+11,Fine Fee,0,3000,0,0,0,0,0,0,0,
236178,27-07-2016,2016-2017,2016-2017,AIE,RCPT,787884,15GCOB201011,15GCOB201011,Alumni,General,School of Business,MBA in dual specialization ,School of Business,MBA in dual specialization  2017-2018 Trimester VI Trimester VI,1.32E+11,Tuition Fee (Back Paper),0,5400,0,0,0,0,0,0,0,
236179,27-07-2016,2016-2017,2016-2017,AIE,RCPT,787884,15GCOB201011,15GCOB201011,Alumni,General,School of Business,MBA in dual specialization ,School of Business,MBA in dual specialization  2017-2018 Trimester VI Trimester VI,1.32E+11,Exam Fee (Back Paper),0,1500,0,0,0,0,0,0,0,
236180,27-07-2016,2016-2017,2016-2017,AIE,RCPT,832889,14CCME104008,14CCME104008,Active,General,School of Civil Engineering,Integrated B.Tech (Civil Engineering) + MBA,School of Civil Engineering,B.Tech (CiVl) + MBA 2016-2017 V Sem X,2.32E+11,Fine Fee,0,3000,0,0,0,0,0,0,0,
236181,27-07-2016,2016-2017,2016-2017,AIE,RCPT,832889,14CCME104008,14CCME104008,Active,General,School of Civil Engineering,Integrated B.Tech (Civil Engineering) + MBA,School of Civil Engineering,B.Tech (CiVl) + MBA 2016-2017 V Sem X,2.32E+11,Tuition Fee (Back Paper),0,5400,0,0,0,0,0,0,0,
236182,27-07-2016,2016-2017,2016-2017,AIE,RCPT,832889,14CCME104008,14CCME104008,Active,General,School of Civil Engineering,Integrated B.Tech (Civil Engineering) + MBA,School of Civil Engineering,B.Tech (CiVl) + MBA 2016-2017 V Sem X,2.32E+11,Exam Fee (Back Paper),0,1500,0,0,0,0,0,0,0,
236183,27-07-2016,2016-2017,2016-2017,AIE,RCPT,832888,14CCME104008,14CCME104008,Active,General,School of Civil Engineering,Integrated B.Tech (Civil Engineering) + MBA,School of Civil Engineering,B.Tech (CiVl) + MBA 2016-2017 V Sem X,2.32E+11,Exam Fee (Back Paper),0,500,0,0,0,0,0,0,0,
236184,27-07-2016,2016-2017,2016-2017,AIE,RCPT,784352,15GCOB101160,15GCOB101160,Alumni,General,School of Business,Bachelor of Business Administration,School of Business,Bachelor of Business Administration 2015-16 III Sem VI,1.32E+11,Fine Fee,0,2000,0,0,0,0,0,0,0,
236185,27-07-2016,2016-2017,2016-2017,AIE,RCPT,784352,15GCOB101160,15GCOB101160,Alumni,General,School of Business,Bachelor of Business Administration,School of Business,Bachelor of Business Administration 2015-16 III Sem VI,1.32E+11,Tuition Fee (Back Paper),0,3600,0,0,0,0,0,0,0,
236186,27-07-2016,2016-2017,2016-2017,AIE,RCPT,784352,15GCOB101160,15GCOB101160,Alumni,General,School of Business,Bachelor of Business Administration,School of Business,Bachelor of Business Administration 2015-16 III Sem VI,1.32E+11,Exam Fee (Back Paper),0,1000,0,0,0,0,0,0,0,
236187,27-07-2016,2016-2017,2016-2017,AIE,RCPT,777463,15CCCE101452,15CCCE101452,Alumni,General,School of Computing Science & Engineering,B.Tech/B.Tech (Hons) Computer Science Engineering,School of Computing Science,B.Tech in CSE 2015-16 V Sem IX,2.22E+11,Library BookC Recieved,0,300,0,0,0,0,0,0,0,
236188,27-07-2016,2016-2017,2016-2017,AIE,RCPT,833268,14CCME103151,14CCME103151,Alumni,General,School of Civil Engineering,B.Tech/B.Tech (Hons) Civil Engineering,School of Civil Engineering,B Tech Civil Engineering 2014-15 IV Sem VIII,2.32E+11,Fine Fee,0,3000,0,0,0,0,0,0,0,
236189,27-07-2016,2016-2017,2016-2017,AIE,RCPT,833268,14CCME103151,14CCME103151,Alumni,General,School of Civil Engineering,B.Tech/B.Tech (Hons) Civil Engineering,School of Civil Engineering,B Tech Civil Engineering 2014-15 IV Sem VIII,2.32E+11,Tuition Fee (Back Paper),0,5400,0,0,0,0,0,0,0,
236190,27-07-2016,2016-2017,2016-2017,AIE,RCPT,833268,14CCME103151,14CCME103151,Alumni,General,School of Civil Engineering,B.Tech/B.Tech (Hons) Civil Engineering,School of Civil Engineering,B Tech Civil Engineering 2014-15 IV Sem VIII,2.32E+11,Exam Fee (Back Paper),0,1500,0,0,0,0,0,0,0,
236191,27-07-2016,2016-2017,2016-2017,AIE,RCPT,833452,14CCME103135,14CCME103135,Alumni,General,School of Civil Engineering,B.Tech/B.Tech (Hons) Civil Engineering,School of Civil Engineering,B Tech Civil Engineering 2014-15 IV Sem VIII,2.32E+11,Fine Fee,0,2000,0,0,0,0,0,0,0,
236192,27-07-2016,2016-2017,2016-2017,AIE,RCPT,833452,14CCME103135,14CCME103135,Alumni,General,School of Civil Engineering,B.Tech/B.Tech (Hons) Civil Engineering,School of Civil Engineering,B Tech Civil Engineering 2014-15 IV Sem VIII,2.32E+11,Tuition Fee (Back Paper),0,3600,0,0,0,0,0,0,0,
236193,27-07-2016,2016-2017,2016-2017,AIE,RCPT,833452,14CCME103135,14CCME103135,Alumni,General,School of Civil Engineering,B.Tech/B.Tech (Hons) Civil Engineering,School of Civil Engineering,B Tech Civil Engineering 2014-15 IV Sem VIII,2.32E+11,Exam Fee (Back Paper),0,1000,0,0,0,0,0,0,0,
236194,27-07-2016,2016-2017,2016-2017,AIE,RCPT,787972,15GCOB201020,15GCOB201020,No Information,General,School of Business,MBA in dual specialization ,School of Business,MBA in dual specialization  2017-2018 Trimester VI Trimester VI,1.32E+11,Exam Fee (Back Paper),0,1000,0,0,0,0,0,0,0,
236195,27-07-2016,2016-2017,2016-2017,AIE,RCPT,833354,14CCME103144,14CCME103144,Alumni,General,School of Civil Engineering,B.Tech/B.Tech (Hons) Civil Engineering,School of Civil Engineering,B Tech Civil Engineering 2014-15 IV Sem VIII,2.32E+11,Fine Fee,0,2000,0,0,0,0,0,0,0,
236196,27-07-2016,2016-2017,2016-2017,AIE,RCPT,833354,14CCME103144,14CCME103144,Alumni,General,School of Civil Engineering,B.Tech/B.Tech (Hons) Civil Engineering,School of Civil Engineering,B Tech Civil Engineering 2014-15 IV Sem VIII,2.32E+11,Tuition Fee (Back Paper),0,3600,0,0,0,0,0,0,0,
236197,27-07-2016,2016-2017,2016-2017,AIE,RCPT,833354,14CCME103144,14CCME103144,Alumni,General,School of Civil Engineering,B.Tech/B.Tech (Hons) Civil Engineering,School of Civil Engineering,B Tech Civil Engineering 2014-15 IV Sem VIII,2.32E+11,Exam Fee (Back Paper),0,1000,0,0,0,0,0,0,0,
236198,27-07-2016,2016-2017,2016-2017,AIE,RCPT,787944,15CCME101309,15CCME101309,No Information,General,School of Mechanical Engineering,B.Tech/B.Tech (Hons) Mechanical Engineering,School of Mechanical Engineering,B.Tech/B.Tech (Hons) Mechanical Engineering 2017-2018 II Sem IV,2.32E+11,Exam Fee (Back Paper),0,500,0,0,0,0,0,0,0,
236199,27-07-2016,2016-2017,2016-2017,AIE,RCPT,832374,14CCCE101009,14CCCE101009,No Information,General,School of Computing Science & Engineering,B.Tech/B.Tech (Hons) Computer Science Engineering,School of Computing Science,B.Tech in CSE 2015-16 III Sem VI,2.22E+11,Fine Fee,0,2000,0,0,0,0,0,0,0,
236200,27-07-2016,2016-2017,2016-2017,AIE,RCPT,832374,14CCCE101009,14CCCE101009,No Information,General,School of Computing Science & Engineering,B.Tech/B.Tech (Hons) Computer Science Engineering,School of Computing Science,B.Tech in CSE 2015-16 III Sem VI,2.22E+11,Tuition Fee (Back Paper),0,3600,0,0,0,0,0,0,0,
236201,27-07-2016,2016-2017,2016-2017,AIE,RCPT,832374,14CCCE101009,14CCCE101009,No Information,General,School of Computing Science & Engineering,B.Tech/B.Tech (Hons) Computer Science Engineering,School of Computing Science,B.Tech in CSE 2015-16 III Sem VI,2.22E+11,Exam Fee (Back Paper),0,1000,0,0,0,0,0,0,0,
236202,27-07-2016,2016-2017,2016-2017,AIE,RCPT,828354,14CCCE102011,14CCCE102011,Alumni,General,School of Computing Science & Engineering,B.Tech/B.Tech (Hons) Computer Science Engineering,School of Computing Science,B.Tech in CSE 2014-15 IV Sem VIII,2.22E+11,Library BookC Recieved,0,400,0,0,0,0,0,0,0,
236203,27-07-2016,2016-2017,2016-2017,AIE,RCPT,769435,15CCCE105134,15CCCE105134,Alumni,General,School of Computing Science & Engineering,B.Tech (Hons) in Computer Science & Engineering with Specialization in Cloud Computing & Virtualizations,School of Computing Science,B.Tech in CSCC 2015-16 V Sem IX,2.22E+11,Library BookC Recieved,0,300,0,0,0,0,0,0,0,
236204,27-07-2016,2016-2017,2016-2017,AIE,RCPT,744025,16CCCE101168,16CCCE101168,Alumni,General,School of Computing Science & Engineering,B.Tech/B.Tech (Hons) Computer Science Engineering,School of Computing Science,B.Tech in CSE 2016-17 IV Sem VIII,2.22E+11,TUITION FEE,0,109000,0,0,0,0,0,0,0,
236205,27-07-2016,2016-2017,2016-2017,AIE,RCPT,787573,15GCOB102037,15GCOB102037,Active,General,School of Business,Integrated MBA (BBA+MBA),School of Business,BBA+MBA 2015-16 V Sem X,1.32E+11,Fine Fee,0,1000,0,0,0,0,0,0,0,
236206,27-07-2016,2016-2017,2016-2017,AIE,RCPT,787573,15GCOB102037,15GCOB102037,Active,General,School of Business,Integrated MBA (BBA+MBA),School of Business,BBA+MBA 2015-16 V Sem X,1.32E+11,Tuition Fee (Back Paper),0,1800,0,0,0,0,0,0,0,
236207,27-07-2016,2016-2017,2016-2017,AIE,RCPT,787573,15GCOB102037,15GCOB102037,Active,General,School of Business,Integrated MBA (BBA+MBA),School of Business,BBA+MBA 2015-16 V Sem X,1.32E+11,Exam Fee (Back Paper),0,2000,0,0,0,0,0,0,0,
236208,27-07-2016,2016-2017,2016-2017,AIE,RCPT,784418,15CCCE101121,15CCCE101121,Alumni,General,School of Computing Science & Engineering,B.Tech/B.Tech (Hons) Computer Science Engineering,School of Computing Science,B.Tech in CSE 2015-16 V Sem IX,2.22E+11,Library BookC Recieved,0,300,0,0,0,0,0,0,0,
236209,27-07-2016,2016-2017,2016-2017,AIE,RCPT,831829,14CCCE101073,14CCCE101073,Alumni,General,School of Computing Science & Engineering,B.Tech/B.Tech (Hons) Computer Science Engineering,School of Computing Science,B.Tech in CSE 2014-15 IV Sem VIII,2.22E+11,Library BookC Recieved,0,400,0,0,0,0,0,0,0,
236210,27-07-2016,2016-2017,2016-2017,AIE,RCPT,769401,15CCCE105140,15CCCE105140,Alumni,General,School of Computing Science & Engineering,B.Tech (Hons) in Computer Science & Engineering with Specialization in Cloud Computing & Virtualizations,School of Computing Science,B.Tech in CSCC 2015-16 V Sem IX,2.22E+11,Library BookC Recieved,0,300,0,0,0,0,0,0,0,
236211,27-07-2016,2016-2017,2016-2017,AIE,RCPT,829697,14CCCE101308,14CCCE101308,Alumni,General,School of Computing Science & Engineering,B.Tech/B.Tech (Hons) Computer Science Engineering,School of Computing Science,B.Tech in CSE 2014-15 IV Sem VIII,2.22E+11,Library BookC Recieved,0,400,0,0,0,0,0,0,0,
236212,27-07-2016,2016-2017,2016-2017,AIE,RCPT,779550,15CCCE101349,15CCCE101349,No Information,General,School of Computing Science & Engineering,B.Tech/B.Tech (Hons) Computer Science Engineering,School of Computing Science,B.Tech in CSE 2016-17 II Sem IV,2.22E+11,Fine Fee,0,1000,0,0,0,0,0,0,0,
236213,27-07-2016,2016-2017,2016-2017,AIE,RCPT,779550,15CCCE101349,15CCCE101349,No Information,General,School of Computing Science & Engineering,B.Tech/B.Tech (Hons) Computer Science Engineering,School of Computing Science,B.Tech in CSE 2016-17 II Sem IV,2.22E+11,Tuition Fee (Back Paper),0,1800,0,0,0,0,0,0,0,
236214,27-07-2016,2016-2017,2016-2017,AIE,RCPT,779550,15CCCE101349,15CCCE101349,No Information,General,School of Computing Science & Engineering,B.Tech/B.Tech (Hons) Computer Science Engineering,School of Computing Science,B.Tech in CSE 2016-17 II Sem IV,2.22E+11,Exam Fee (Back Paper),0,500,0,0,0,0,0,0,0,
236215,27-07-2016,2016-2017,2016-2017,AIE,RCPT,777795,15CCCE101435,15CCCE101435,Alumni,General,School of Computing Science & Engineering,B.Tech/B.Tech (Hons) Computer Science Engineering,School of Computing Science,B.Tech in CSE 2015-16 V Sem IX,2.22E+11,Library BookC Recieved,0,300,0,0,0,0,0,0,0,
236216,27-07-2016,2016-2017,2016-2017,AIE,RCPT,828513,14CCCE101428,14CCCE101428,Alumni,General,School of Computing Science & Engineering,B.Tech/B.Tech (Hons) Computer Science Engineering,School of Computing Science,B.Tech in CSE 2014-15 IV Sem VIII,2.22E+11,Degree/Convocation/Certificate fee,0,400,0,0,0,0,0,0,0,
236217,27-07-2016,2016-2017,2016-2017,AIE,RCPT,833462,14CCME103134,14CCME103134,Withdrawn,General,School of Civil Engineering,B.Tech/B.Tech (Hons) Civil Engineering,School of Civil Engineering,B Tech Civil Engineering 2015-16 III Sem VI,3.12E+11,Fine Fee,0,1000,0,0,0,0,0,0,0,
236218,27-07-2016,2016-2017,2016-2017,AIE,RCPT,833462,14CCME103134,14CCME103134,Withdrawn,General,School of Civil Engineering,B.Tech/B.Tech (Hons) Civil Engineering,School of Civil Engineering,B Tech Civil Engineering 2015-16 III Sem VI,3.12E+11,Tuition Fee (Back Paper),0,1800,0,0,0,0,0,0,0,
236219,27-07-2016,2016-2017,2016-2017,AIE,RCPT,833462,14CCME103134,14CCME103134,Withdrawn,General,School of Civil Engineering,B.Tech/B.Tech (Hons) Civil Engineering,School of Civil Engineering,B Tech Civil Engineering 2015-16 III Sem VI,3.12E+11,Exam Fee (Back Paper),0,500,0,0,0,0,0,0,0,
236220,27-07-2016,2016-2017,2016-2017,AIE,RCPT,778752,15CCCE101391,15CCCE101391,Alumni,General,School of Computing Science & Engineering,B.Tech/B.Tech (Hons) Computer Science Engineering,School of Computing Science,B.Tech in CSE 2015-16 V Sem IX,2.22E+11,Library BookC Recieved,0,300,0,0,0,0,0,0,0,
236221,27-07-2016,2016-2017,2016-2017,AIE,RCPT,776453,15CCCE101497,15CCCE101497,Alumni,General,School of Computing Science & Engineering,B.Tech/B.Tech (Hons) Computer Science Engineering,School of Computing Science,B.Tech in CSE 2015-16 V Sem IX,2.22E+11,Library BookC Recieved,0,300,0,0,0,0,0,0,0,
236222,27-07-2016,2016-2017,2016-2017,AIE,RCPT,834737,14CCME103014,14CCME103014,Alumni,General,School of Civil Engineering,B.Tech/B.Tech (Hons) Civil Engineering,School of Civil Engineering,B Tech Civil Engineering 2014-15 IV Sem VIII,2.32E+11,Fine Fee,0,5000,0,0,0,0,0,0,0,
236223,27-07-2016,2016-2017,2016-2017,AIE,RCPT,834737,14CCME103014,14CCME103014,Alumni,General,School of Civil Engineering,B.Tech/B.Tech (Hons) Civil Engineering,School of Civil Engineering,B Tech Civil Engineering 2014-15 IV Sem VIII,2.32E+11,Tuition Fee (Back Paper),0,9000,0,0,0,0,0,0,0,
236224,27-07-2016,2016-2017,2016-2017,AIE,RCPT,834737,14CCME103014,14CCME103014,Alumni,General,School of Civil Engineering,B.Tech/B.Tech (Hons) Civil Engineering,School of Civil Engineering,B Tech Civil Engineering 2014-15 IV Sem VIII,2.32E+11,Exam Fee (Back Paper),0,2500,0,0,0,0,0,0,0,
236225,27-07-2016,2016-2017,2016-2017,AIE,RCPT,834720,14CCME103015,14CCME103015,Alumni,General,School of Civil Engineering,B.Tech/B.Tech (Hons) Civil Engineering,School of Civil Engineering,B Tech Civil Engineering 2014-15 IV Sem VIII,2.32E+11,Exam Fee (Back Paper),0,500,0,0,0,0,0,0,0,
236226,27-07-2016,2016-2017,2016-2017,AIE,RCPT,819458,15GCCE105002,15GCCE105002,Withdrawn,General,School of Civil Engineering,B.Tech/B.Tech (Hons) Civil Engineering,School of Civil Engineering,B Tech Civil Engineering 2016-17 III Sem V,3.12E+11,Fine Fee,0,6000,0,0,0,0,0,0,0,
236227,27-07-2016,2016-2017,2016-2017,AIE,RCPT,819458,15GCCE105002,15GCCE105002,Withdrawn,General,School of Civil Engineering,B.Tech/B.Tech (Hons) Civil Engineering,School of Civil Engineering,B Tech Civil Engineering 2016-17 III Sem V,3.12E+11,Tuition Fee (Back Paper),0,10800,0,0,0,0,0,0,0,
236228,27-07-2016,2016-2017,2016-2017,AIE,RCPT,819458,15GCCE105002,15GCCE105002,Withdrawn,General,School of Civil Engineering,B.Tech/B.Tech (Hons) Civil Engineering,School of Civil Engineering,B Tech Civil Engineering 2016-17 III Sem V,3.12E+11,Exam Fee (Back Paper),0,3000,0,0,0,0,0,0,0,
236229,27-07-2016,2016-2017,2016-2017,AIE,RCPT,784180,15CCCE101132,15CCCE101132,Alumni,General,School of Computing Science & Engineering,B.Tech/B.Tech (Hons) Computer Science Engineering,School of Computing Science,B.Tech in CSE 2015-16 V Sem IX,2.22E+11,Library BookC Recieved,0,300,0,0,0,0,0,0,0,
236230,27-07-2016,2016-2017,2016-2017,AIE,RCPT,784160,15CCCE101133,15CCCE101133,Alumni,General,School of Computing Science & Engineering,B.Tech/B.Tech (Hons) Computer Science Engineering,School of Computing Science,B.Tech in CSE 2015-16 V Sem IX,2.22E+11,Library BookC Recieved,0,300,0,0,0,0,0,0,0,
236231,27-07-2016,2016-2017,2016-2017,AIE,RCPT,784111,15CCCE101135,15CCCE101135,Alumni,General,School of Computing Science & Engineering,B.Tech/B.Tech (Hons) Computer Science Engineering,School of Computing Science,B.Tech in CSE 2015-16 IV Sem VIII,2.22E+11,Library BookC Recieved,0,300,0,0,0,0,0,0,0,
236232,27-07-2016,2016-2017,2016-2017,AIE,RCPT,788372,15GCOB201071,15GCOB201071,No Information,General,School of Business,MBA in dual specialization ,School of Business,MBA in dual specialization  2017-2018 Trimester VI Trimester VI,1.32E+11,Exam Fee (Back Paper),0,3000,0,0,0,0,0,0,0,
236233,27-07-2016,2016-2017,2016-2017,AIE,RCPT,835058,14CCME101522,14CCME101522,No Information,General,School of Mechanical Engineering,B.Tech/B.Tech (Hons) Mechanical Engineering,School of Mechanical Engineering,B.Tech/B.Tech (Hons) Mechanical Engineering 2017-2018 III Sem VI,2.32E+11,Fine Fee,0,4000,0,0,0,0,0,0,0,
236234,27-07-2016,2016-2017,2016-2017,AIE,RCPT,835058,14CCME101522,14CCME101522,No Information,General,School of Mechanical Engineering,B.Tech/B.Tech (Hons) Mechanical Engineering,School of Mechanical Engineering,B.Tech/B.Tech (Hons) Mechanical Engineering 2017-2018 III Sem VI,2.32E+11,Tuition Fee (Back Paper),0,7200,0,0,0,0,0,0,0,
236235,27-07-2016,2016-2017,2016-2017,AIE,RCPT,835058,14CCME101522,14CCME101522,No Information,General,School of Mechanical Engineering,B.Tech/B.Tech (Hons) Mechanical Engineering,School of Mechanical Engineering,B.Tech/B.Tech (Hons) Mechanical Engineering 2017-2018 III Sem VI,2.32E+11,Exam Fee (Back Paper),0,2000,0,0,0,0,0,0,0,
236236,27-07-2016,2016-2017,2016-2017,AIE,RCPT,773387,15CCCE101642,15CCCE101642,Alumni,General,School of Computing Science & Engineering,B.Tech/B.Tech (Hons) Computer Science Engineering,School of Computing Science,B.Tech in CSE 2015-16 V Sem IX,2.22E+11,Library BookC Recieved,0,300,0,0,0,0,0,0,0,
236237,27-07-2016,2016-2017,2016-2017,AIE,RCPT,834629,14CCME103030,14CCME103030,No Information,General,School of Civil Engineering,B.Tech/B.Tech (Hons) Civil Engineering,School of Civil Engineering,B Tech Civil Engineering 2015-16 III Sem VI,3.12E+11,Fine Fee,0,2000,0,0,0,0,0,0,0,
236238,27-07-2016,2016-2017,2016-2017,AIE,RCPT,834629,14CCME103030,14CCME103030,No Information,General,School of Civil Engineering,B.Tech/B.Tech (Hons) Civil Engineering,School of Civil Engineering,B Tech Civil Engineering 2015-16 III Sem VI,3.12E+11,Tuition Fee (Back Paper),0,3600,0,0,0,0,0,0,0,
236239,27-07-2016,2016-2017,2016-2017,AIE,RCPT,834629,14CCME103030,14CCME103030,No Information,General,School of Civil Engineering,B.Tech/B.Tech (Hons) Civil Engineering,School of Civil Engineering,B Tech Civil Engineering 2015-16 III Sem VI,3.12E+11,Exam Fee (Back Paper),0,1000,0,0,0,0,0,0,0,
236240,27-07-2016,2016-2017,2016-2017,AIE,RCPT,784256,15CCCE101129,15CCCE101129,Alumni,General,School of Computing Science & Engineering,B.Tech/B.Tech (Hons) Computer Science Engineering,School of Computing Science,B.Tech in CSE 2015-16 V Sem IX,2.22E+11,Library BookC Recieved,0,300,0,0,0,0,0,0,0,
236241,27-07-2016,2016-2017,2016-2017,AIE,RCPT,769312,15CCCE105148,15CCCE105148,Alumni,General,School of Computing Science & Engineering,B.Tech (Hons) in Computer Science & Engineering with Specialization in Cloud Computing & Virtualizations,School of Computing Science,B.Tech in CSCC 2015-16 V Sem IX,2.22E+11,Library BookC Recieved,0,300,0,0,0,0,0,0,0,
236242,27-07-2016,2016-2017,2016-2017,AIE,RCPT,832339,14CCCE101013,14CCCE101013,Alumni,General,School of Computing Science & Engineering,B.Tech/B.Tech (Hons) Computer Science Engineering,School of Computing Science,B.Tech in CSE 2014-15 IV Sem VIII,2.22E+11,Library BookC Recieved,0,400,0,0,0,0,0,0,0,
236243,27-07-2016,2016-2017,2016-2017,AIE,RCPT,821967,15GPTC404002,15GPTC404002,Alumni,General,Gs Polytechnic,Diploma in Civil Engineering,Gs Polytechnic,CIVIL ENGINEERING 2015-2016 III Sem VI,3.22E+11,Fine Fee,0,3000,0,0,0,0,0,0,0,
236244,27-07-2016,2016-2017,2016-2017,AIE,RCPT,837841,14CBAC101071,14CBAC101071,No Information,General,School of Basic & Applied Sciences,B.Sc.(Hons) Forensic Sciences,School of Basic,B.Sc.(Hons) Forensic Sciences 2015-16 III Sem VI,1.82E+11,Fine Fee,0,2000,0,0,0,0,0,0,0,
236245,27-07-2016,2016-2017,2016-2017,AIE,RCPT,837841,14CBAC101071,14CBAC101071,No Information,General,School of Basic & Applied Sciences,B.Sc.(Hons) Forensic Sciences,School of Basic,B.Sc.(Hons) Forensic Sciences 2015-16 III Sem VI,1.82E+11,Tuition Fee (Back Paper),0,3600,0,0,0,0,0,0,0,
236246,27-07-2016,2016-2017,2016-2017,AIE,RCPT,837841,14CBAC101071,14CBAC101071,No Information,General,School of Basic & Applied Sciences,B.Sc.(Hons) Forensic Sciences,School of Basic,B.Sc.(Hons) Forensic Sciences 2015-16 III Sem VI,1.82E+11,Exam Fee (Back Paper),0,1000,0,0,0,0,0,0,0,
236247,27-07-2016,2016-2017,2016-2017,AIE,RCPT,769298,15CCCE105149,15CCCE105149,Alumni,General,School of Computing Science & Engineering,B.Tech (Hons) in Computer Science & Engineering with Specialization in Cloud Computing & Virtualizations,School of Computing Science,B.Tech in CSCC 2015-16 V Sem IX,2.22E+11,Library BookC Recieved,0,300,0,0,0,0,0,0,0,
236248,27-07-2016,2016-2017,2016-2017,AIE,RCPT,788147,15GCOB201041,15GCOB201041,No Information,General,School of Business,MBA in dual specialization ,School of Business,MBA in dual specialization  2017-2018 Trimester VI Trimester VI,1.32E+11,Exam Fee (Back Paper),0,500,0,0,0,0,0,0,0,
236249,27-07-2016,2016-2017,2016-2017,AIE,RCPT,834592,14CCME103033,14CCME103033,Alumni,General,School of Civil Engineering,B.Tech/B.Tech (Hons) Civil Engineering,School of Civil Engineering,B Tech Civil Engineering 2014-15 IV Sem VIII,2.32E+11,Exam Fee (Back Paper),0,500,0,0,0,0,0,0,0,
236250,27-07-2016,2016-2017,2016-2017,AIE,RCPT,773267,15CCCE101646,15CCCE101646,Alumni,General,School of Computing Science & Engineering,B.Tech/B.Tech (Hons) Computer Science Engineering,School of Computing Science,B.Tech in CSE 2015-16 V Sem IX,2.22E+11,Library BookC Recieved,0,300,0,0,0,0,0,0,0,
236251,27-07-2016,2016-2017,2016-2017,AIE,RCPT,788164,15CCME101294,15CCME101294,Alumni,General,School of Mechanical Engineering,B.Tech/B.Tech (Hons) Mechanical Engineering,School of Mechanical Engineering,ME 2015-2016 V Sem IX,2.32E+11,Library BookC Recieved,0,300,0,0,0,0,0,0,0,
236252,27-07-2016,2016-2017,2016-2017,AIE,RCPT,779582,15CCCE101348,15CCCE101348,Alumni,General,School of Computing Science & Engineering,B.Tech/B.Tech (Hons) Computer Science Engineering,School of Computing Science,B.Tech in CSE 2015-16 IV Sem VIII,2.22E+11,Library BookC Recieved,0,300,0,0,0,0,0,0,0,
236253,27-07-2016,2016-2017,2016-2017,AIE,RCPT,789202,15GCOB201165,15GCOB201165,No Information,General,School of Business,MBA in dual specialization ,School of Business,MBA in dual specialization  2017-2018 Trimester VI Trimester VI,1.32E+11,Fine Fee,0,5000,0,0,0,0,0,0,0,
236254,27-07-2016,2016-2017,2016-2017,AIE,RCPT,789202,15GCOB201165,15GCOB201165,No Information,General,School of Business,MBA in dual specialization ,School of Business,MBA in dual specialization  2017-2018 Trimester VI Trimester VI,1.32E+11,Tuition Fee (Back Paper),0,9000,0,0,0,0,0,0,0,
236255,27-07-2016,2016-2017,2016-2017,AIE,RCPT,789202,15GCOB201165,15GCOB201165,No Information,General,School of Business,MBA in dual specialization ,School of Business,MBA in dual specialization  2017-2018 Trimester VI Trimester VI,1.32E+11,Exam Fee (Back Paper),0,2500,0,0,0,0,0,0,0,
236256,27-07-2016,2016-2017,2016-2017,AIE,RCPT,828335,14CCCE102012,14CCCE102012,Alumni,General,School of Computing Science & Engineering,Integrated B.Tech (Chemical Engineering) + MBA,School of Computing Science, B.Tech (CSE) + MBA 14-15 V Sem X,2.22E+11,Library BookC Recieved,0,400,0,0,0,0,0,0,0,
236257,27-07-2016,2016-2017,2016-2017,AIE,RCPT,785399,15GCOB101218,15GCOB101218,No Information,General,School of Business,Bachelor of Business Administration,School of Business,Bachelor of Business Administration 2016-17 II Sem IV,1.32E+11,Fine Fee,0,5000,0,0,0,0,0,0,0,
236258,27-07-2016,2016-2017,2016-2017,AIE,RCPT,785399,15GCOB101218,15GCOB101218,No Information,General,School of Business,Bachelor of Business Administration,School of Business,Bachelor of Business Administration 2016-17 II Sem IV,1.32E+11,Tuition Fee (Back Paper),0,9000,0,0,0,0,0,0,0,
236259,27-07-2016,2016-2017,2016-2017,AIE,RCPT,785399,15GCOB101218,15GCOB101218,No Information,General,School of Business,Bachelor of Business Administration,School of Business,Bachelor of Business Administration 2016-17 II Sem IV,1.32E+11,Exam Fee (Back Paper),0,2500,0,0,0,0,0,0,0,
236260,27-07-2016,2016-2017,2016-2017,AIE,RCPT,771201,15CCCE104042,15CCCE104042,Alumni,General,School of Computing Science & Engineering,BCA,School of Computing Science,BCA 2015-16 III Sem VI,2.22E+11,Library BookC Recieved,0,300,0,0,0,0,0,0,0,
236261,27-07-2016,2016-2017,2016-2017,AIE,RCPT,777255,15CCCE101462,15CCCE101462,Alumni,General,School of Computing Science & Engineering,B.Tech/B.Tech (Hons) Computer Science Engineering,School of Computing Science,B.Tech in CSE 2015-16 V Sem IX,2.22E+11,Library BookC Recieved,0,300,0,0,0,0,0,0,0,
236262,27-07-2016,2016-2017,2016-2017,CCAB,REVDUE,584155,14CCME101494,14CCME101494,Alumni,General,School of Mechanical Engineering,B.Tech/B.Tech (Hons) Mechanical Engineering,School of Mechanical Engineering,ME 2014-2015 IV Sem VIII,,Library BookC Recieved,0,0,0,0,0,400,0,0,0,DUE REVERCE
236263,27-07-2016,2016-2017,2016-2017,AIE,RCPT,827202,14CCCE105082,14CCCE105082,Alumni,General,School of Computing Science & Engineering,B.Tech (Hons) in Computer Science & Engineering with Specialization in Cloud Computing & Virtualizations,School of Computing Science,B.Tech in CSCC 2014-15 IV Sem VIII,2.22E+11,Library BookC Recieved,0,400,0,0,0,0,0,0,0,
236264,27-07-2016,2016-2017,2016-2017,AIE,RCPT,772105,15CCCE101744,15CCCE101744,Alumni,General,School of Computing Science & Engineering,B.Tech/B.Tech (Hons) Computer Science Engineering,School of Computing Science,B.Tech in CSE 2015-16 IV Sem VIII,2.22E+11,Library BookC Recieved,0,300,0,0,0,0,0,0,0,
236265,27-07-2016,2016-2017,2016-2017,AIE,RCPT,771193,15CCCE104043,15CCCE104043,Alumni,General,School of Computing Science & Engineering,BCA,School of Computing Science,BCA 2015-16 III Sem VI,2.22E+11,Library BookC Recieved,0,300,0,0,0,0,0,0,0,
236266,27-07-2016,2016-2017,2016-2017,AIE,RCPT,785998,15CCCE101044,15CCCE101044,No Information,General,School of Computing Science & Engineering,B.Tech/B.Tech (Hons) Computer Science Engineering,School of Computing Science,B.Tech in CSE 2015-16 III Sem VI,2.22E+11,Library BookC Recieved,0,300,0,0,0,0,0,0,0,
236267,27-07-2016,2016-2017,2016-2017,AIE,RCPT,772129,15CCCE101741,15CCCE101741,Withdrawn,General,School of Computing Science & Engineering,Integrated B.Tech (Chemical Engineering) + MBA,School of Computing Science,B.Tech in CSE 2015-16 IV Sem VII,2.22E+11,Degree/Convocation/Certificate fee,0,300,0,0,0,0,0,0,0,
236268,27-07-2016,2016-2017,2016-2017,AIE,RCPT,785992,15CCCE101045,15CCCE101045,Alumni,General,School of Computing Science & Engineering,B.Tech/B.Tech (Hons) Computer Science Engineering,School of Computing Science,B.Tech in CSE 2015-16 V Sem IX,2.22E+11,Library BookC Recieved,0,300,0,0,0,0,0,0,0,
236269,27-07-2016,2016-2017,2016-2017,AIE,RCPT,828116,14CCCE104031,14CCCE104031,No Information,General,School of Computing Science & Engineering,BCA,School of Computing Science,BCA 2017-2018 III Sem VI,2.22E+11,Fine Fee,0,3000,0,0,0,0,0,0,0,
236270,27-07-2016,2016-2017,2016-2017,AIE,RCPT,828116,14CCCE104031,14CCCE104031,No Information,General,School of Computing Science & Engineering,BCA,School of Computing Science,BCA 2017-2018 III Sem VI,2.22E+11,Tuition Fee (Back Paper),0,5400,0,0,0,0,0,0,0,
236271,27-07-2016,2016-2017,2016-2017,AIE,RCPT,828116,14CCCE104031,14CCCE104031,No Information,General,School of Computing Science & Engineering,BCA,School of Computing Science,BCA 2017-2018 III Sem VI,2.22E+11,Exam Fee (Back Paper),0,1500,0,0,0,0,0,0,0,
236272,27-07-2016,2016-2017,2016-2017,AIE,RCPT,754342,16GCOB201037,16GCOB201037,Alumni,General,School of Business,MBA in dual specialization ,School of Business,MBA 2016-2017 II Sem IV,1.32E+11,TUITION FEE,0,124000,0,0,0,0,0,0,0,
236273,27-07-2016,2016-2017,2016-2017,AIE,RCPT,754342,16GCOB201037,16GCOB201037,Alumni,General,School of Business,MBA in dual specialization ,School of Business,MBA 2016-2017 II Sem IV,1.32E+11,Exam Fee,0,10000,0,0,0,0,0,0,0,
236274,27-07-2016,2016-2017,2016-2017,AIE,RCPT,779047,15CCCE101376,15CCCE101376,Alumni,General,School of Computing Science & Engineering,B.Tech/B.Tech (Hons) Computer Science Engineering,School of Computing Science,B.Tech in CSE 2015-16 V Sem IX,2.22E+11,Library BookC Recieved,0,300,0,0,0,0,0,0,0,
236275,27-07-2016,2016-2017,2016-2017,AIE,RCPT,827240,14CCCE105079,14CCCE105079,Alumni,General,School of Computing Science & Engineering,B.Tech (Hons) in Computer Science & Engineering with Specialization in Cloud Computing & Virtualizations,School of Computing Science,B.Tech in CSCC 2014-15 IV Sem VIII,2.22E+11,Exam Fee (Back Paper),0,1000,0,0,0,0,0,0,0,
236276,27-07-2016,2016-2017,2016-2017,AIE,RCPT,772018,15CCCE101750,15CCCE101750,Alumni,General,School of Computing Science & Engineering,B.Tech/B.Tech (Hons) Computer Science Engineering,School of Computing Science,B.Tech in CSE 2015-16 V Sem IX,2.22E+11,Library BookC Recieved,0,300,0,0,0,0,0,0,0,
236277,27-07-2016,2016-2017,2016-2017,AIE,RCPT,785453,15CCCE101068,15CCCE101068,Alumni,General,School of Computing Science & Engineering,B.Tech/B.Tech (Hons) Computer Science Engineering,School of Computing Science,B.Tech in CSE 2015-16 V Sem IX,2.22E+11,Library BookC Recieved,0,300,0,0,0,0,0,0,0,
236278,27-07-2016,2016-2017,2016-2017,AIE,RCPT,827241,14CCCE105079,14CCCE105079,Alumni,General,School of Computing Science & Engineering,B.Tech (Hons) in Computer Science & Engineering with Specialization in Cloud Computing & Virtualizations,School of Computing Science,B.Tech in CSCC 2014-15 IV Sem VIII,2.22E+11,Fine Fee,0,5000,0,0,0,0,0,0,0,
236279,27-07-2016,2016-2017,2016-2017,AIE,RCPT,827241,14CCCE105079,14CCCE105079,Alumni,General,School of Computing Science & Engineering,B.Tech (Hons) in Computer Science & Engineering with Specialization in Cloud Computing & Virtualizations,School of Computing Science,B.Tech in CSCC 2014-15 IV Sem VIII,2.22E+11,Tuition Fee (Back Paper),0,9000,0,0,0,0,0,0,0,
236280,27-07-2016,2016-2017,2016-2017,AIE,RCPT,827241,14CCCE105079,14CCCE105079,Alumni,General,School of Computing Science & Engineering,B.Tech (Hons) in Computer Science & Engineering with Specialization in Cloud Computing & Virtualizations,School of Computing Science,B.Tech in CSCC 2014-15 IV Sem VIII,2.22E+11,Exam Fee (Back Paper),0,2500,0,0,0,0,0,0,0,
236281,27-07-2016,2016-2017,2016-2017,AIE,RCPT,771286,15CCCE104031,15CCCE104031,Alumni,General,School of Computing Science & Engineering,BCA,School of Computing Science,BCA 2015-16 III Sem VI,2.22E+11,Library BookC Recieved,0,300,0,0,0,0,0,0,0,
236282,27-07-2016,2016-2017,2016-2017,AIE,RCPT,827239,14CCCE105079,14CCCE105079,Alumni,General,School of Computing Science & Engineering,B.Tech (Hons) in Computer Science & Engineering with Specialization in Cloud Computing & Virtualizations,School of Computing Science,B.Tech in CSCC 2014-15 IV Sem VIII,2.22E+11,Fine Fee,0,8000,0,0,0,0,0,0,0,
236283,27-07-2016,2016-2017,2016-2017,AIE,RCPT,785937,15CCCE101047,15CCCE101047,Alumni,General,School of Computing Science & Engineering,B.Tech/B.Tech (Hons) Computer Science Engineering,School of Computing Science,B.Tech in CSE 2015-16 IV Sem VIII,2.22E+11,Library BookC Recieved,0,300,0,0,0,0,0,0,0,
236284,27-07-2016,2016-2017,2016-2017,AIE,RCPT,772063,15CCCE101747,15CCCE101747,Year Back,General,School of Computing Science & Engineering,B.Tech/B.Tech (Hons) Computer Science Engineering,School of Computing Science,B.Tech in CSE 2016-17 III Sem V,2.22E+11,Fine Fee,0,2000,0,0,0,0,0,0,0,
236285,27-07-2016,2016-2017,2016-2017,AIE,RCPT,772063,15CCCE101747,15CCCE101747,Year Back,General,School of Computing Science & Engineering,B.Tech/B.Tech (Hons) Computer Science Engineering,School of Computing Science,B.Tech in CSE 2016-17 III Sem V,2.22E+11,Tuition Fee (Back Paper),0,3600,0,0,0,0,0,0,0,
236286,27-07-2016,2016-2017,2016-2017,AIE,RCPT,772063,15CCCE101747,15CCCE101747,Year Back,General,School of Computing Science & Engineering,B.Tech/B.Tech (Hons) Computer Science Engineering,School of Computing Science,B.Tech in CSE 2016-17 III Sem V,2.22E+11,Exam Fee (Back Paper),0,1000,0,0,0,0,0,0,0,
236287,27-07-2016,2016-2017,2016-2017,AIE,RCPT,828040,14CCCE104041,14CCCE104041,No Information,General,School of Computing Science & Engineering,BCA,School of Computing Science,BCA 2017-2018 III Sem VI,2.22E+11,Fine Fee,0,5000,0,0,0,0,0,0,0,
236288,27-07-2016,2016-2017,2016-2017,AIE,RCPT,828040,14CCCE104041,14CCCE104041,No Information,General,School of Computing Science & Engineering,BCA,School of Computing Science,BCA 2017-2018 III Sem VI,2.22E+11,Tuition Fee (Back Paper),0,9000,0,0,0,0,0,0,0,
236289,27-07-2016,2016-2017,2016-2017,AIE,RCPT,828040,14CCCE104041,14CCCE104041,No Information,General,School of Computing Science & Engineering,BCA,School of Computing Science,BCA 2017-2018 III Sem VI,2.22E+11,Exam Fee (Back Paper),0,2500,0,0,0,0,0,0,0,
236290,27-07-2016,2016-2017,2016-2017,AIE,RCPT,771266,15CCCE104034,15CCCE104034,Alumni,General,School of Computing Science & Engineering,BCA,School of Computing Science,BCA 2015-16 III Sem VI,2.22E+11,Library BookC Recieved,0,300,0,0,0,0,0,0,0,
236291,27-07-2016,2016-2017,2016-2017,AIE,RCPT,828039,14CCCE104041,14CCCE104041,No Information,General,School of Computing Science & Engineering,BCA,School of Computing Science,BCA 2017-2018 III Sem VI,2.22E+11,Exam Fee (Back Paper),0,2000,0,0,0,0,0,0,0,
236292,27-07-2016,2016-2017,2016-2017,CCAB,REVDUE,584164,14CCCE101381,14CCCE101381,Alumni,General,School of Civil Engineering,B.Tech/B.Tech (Hons) Civil Engineering,School of Civil Engineering,B Tech Civil Engineering 2014-15 IV Sem VIII,,Library BookC Recieved,0,0,0,0,0,400,0,0,0,DUE REVERCE
236293,27-07-2016,2016-2017,2016-2017,AIE,RCPT,772138,15CCCE101740,15CCCE101740,Alumni,General,School of Computing Science & Engineering,B.Tech/B.Tech (Hons) Computer Science Engineering,School of Computing Science,B.Tech in CSE 2015-16 V Sem IX,2.22E+11,Library BookC Recieved,0,300,0,0,0,0,0,0,0,
236294,27-07-2016,2016-2017,2016-2017,AIE,RCPT,771123,15CCCE104053,15CCCE104053,No Information,General,School of Computing Science & Engineering,BCA,School of Computing Science,BCA 2016-17 II Sem IV,2.22E+11,Fine Fee,0,2000,0,0,0,0,0,0,0,
236295,27-07-2016,2016-2017,2016-2017,AIE,RCPT,771123,15CCCE104053,15CCCE104053,No Information,General,School of Computing Science & Engineering,BCA,School of Computing Science,BCA 2016-17 II Sem IV,2.22E+11,Tuition Fee (Back Paper),0,3600,0,0,0,0,0,0,0,
236296,27-07-2016,2016-2017,2016-2017,AIE,RCPT,771123,15CCCE104053,15CCCE104053,No Information,General,School of Computing Science & Engineering,BCA,School of Computing Science,BCA 2016-17 II Sem IV,2.22E+11,Exam Fee (Back Paper),0,1000,0,0,0,0,0,0,0,
236297,27-07-2016,2016-2017,2016-2017,AIE,RCPT,772155,15CCCE101738,15CCCE101738,Alumni,General,School of Computing Science & Engineering,B.Tech/B.Tech (Hons) Computer Science Engineering,School of Computing Science,B.Tech in CSE 2015-16 V Sem IX,2.22E+11,Library BookC Recieved,0,300,0,0,0,0,0,0,0,
236298,27-07-2016,2016-2017,2016-2017,AIE,RCPT,771125,15CCCE104053,15CCCE104053,No Information,General,School of Computing Science & Engineering,BCA,School of Computing Science,BCA 2016-17 II Sem IV,2.22E+11,Exam Fee (Back Paper),0,500,0,0,0,0,0,0,0,
236299,27-07-2016,2016-2017,2016-2017,AIE,RCPT,771130,15CCCE104052,15CCCE104052,Alumni,General,School of Computing Science & Engineering,BCA,School of Computing Science,BCA 2015-16 III Sem VI,2.22E+11,Library BookC Recieved,0,300,0,0,0,0,0,0,0,
236300,27-07-2016,2016-2017,2016-2017,AIE,RCPT,827079,14CCCE105091,14CCCE105091,Alumni,General,School of Computing Science & Engineering,B.Tech (Hons) in Computer Science & Engineering with Specialization in Cloud Computing & Virtualizations,School of Computing Science,B.Tech in CSCC 2014-15 IV Sem VIII,2.22E+11,Library BookC Recieved,0,400,0,0,0,0,0,0,0,
236301,27-07-2016,2016-2017,2016-2017,AIE,RCPT,786062,15CCCE101041,15CCCE101041,Alumni,General,School of Computing Science & Engineering,B.Tech/B.Tech (Hons) Computer Science Engineering,School of Computing Science,B.Tech in CSE 2015-16 V Sem IX,2.22E+11,Library BookC Recieved,0,300,0,0,0,0,0,0,0,
236302,27-07-2016,2016-2017,2016-2017,AIE,RCPT,772177,15CCCE101737,15CCCE101737,Alumni,General,School of Computing Science & Engineering,B.Tech/B.Tech (Hons) Computer Science Engineering,School of Computing Science,B.Tech in CSE 2015-16 V Sem IX,2.22E+11,Library BookC Recieved,0,300,0,0,0,0,0,0,0,
236303,27-07-2016,2016-2017,2016-2017,AIE,RCPT,777090,15CCCE101469,15CCCE101469,Alumni,General,School of Computing Science & Engineering,B.Tech/B.Tech (Hons) Computer Science Engineering,School of Computing Science,B.Tech in CSE 2015-16 V Sem IX,2.22E+11,Library BookC Recieved,0,300,0,0,0,0,0,0,0,
236304,27-07-2016,2016-2017,2016-2017,AIE,RCPT,771084,15CCCE104058,15CCCE104058,Cancelled,General,School of Computing Science & Engineering,BCA,School of Computing Science,BCA 2015-16 III Sem VI,2.22E+11,Fine Fee,0,1000,0,0,0,0,0,0,0,
236305,27-07-2016,2016-2017,2016-2017,AIE,RCPT,771084,15CCCE104058,15CCCE104058,Cancelled,General,School of Computing Science & Engineering,BCA,School of Computing Science,BCA 2015-16 III Sem VI,2.22E+11,Tuition Fee (Back Paper),0,1800,0,0,0,0,0,0,0,
236306,27-07-2016,2016-2017,2016-2017,AIE,RCPT,771084,15CCCE104058,15CCCE104058,Cancelled,General,School of Computing Science & Engineering,BCA,School of Computing Science,BCA 2015-16 III Sem VI,2.22E+11,Exam Fee (Back Paper),0,500,0,0,0,0,0,0,0,
236307,27-07-2016,2016-2017,2016-2017,AIE,RCPT,772189,15CCCE101735,15CCCE101735,Alumni,General,School of Computing Science & Engineering,B.Tech/B.Tech (Hons) Computer Science Engineering,School of Computing Science,B.Tech in CSE 2015-16 V Sem IX,2.22E+11,Library BookC Recieved,0,300,0,0,0,0,0,0,0,
236308,27-07-2016,2016-2017,2016-2017,AIE,RCPT,828143,14CCCE104027,14CCCE104027,No Information,General,School of Computing Science & Engineering,BCA,School of Computing Science,BCA 2017-2018 III Sem VI,2.22E+11,Fine Fee,0,2000,0,0,0,0,0,0,0,
236309,27-07-2016,2016-2017,2016-2017,AIE,RCPT,828143,14CCCE104027,14CCCE104027,No Information,General,School of Computing Science & Engineering,BCA,School of Computing Science,BCA 2017-2018 III Sem VI,2.22E+11,Tuition Fee (Back Paper),0,3600,0,0,0,0,0,0,0,
236310,27-07-2016,2016-2017,2016-2017,AIE,RCPT,828143,14CCCE104027,14CCCE104027,No Information,General,School of Computing Science & Engineering,BCA,School of Computing Science,BCA 2017-2018 III Sem VI,2.22E+11,Exam Fee (Back Paper),0,1000,0,0,0,0,0,0,0,
236311,27-07-2016,2016-2017,2016-2017,AIE,RCPT,827094,14CCCE105090,14CCCE105090,Alumni,General,School of Computing Science & Engineering,B.Tech (Hons) in Computer Science & Engineering with Specialization in Cloud Computing & Virtualizations,School of Computing Science,B.Tech in CSCC 2014-15 IV Sem VIII,2.22E+11,Library BookC Recieved,0,400,0,0,0,0,0,0,0,
236312,27-07-2016,2016-2017,2016-2017,AIE,RCPT,771146,15CCCE104050,15CCCE104050,Alumni,General,School of Computing Science & Engineering,BCA,School of Computing Science,BCA 2015-16 III Sem VI,2.22E+11,Fine Fee,0,3000,0,0,0,0,0,0,0,
236313,27-07-2016,2016-2017,2016-2017,AIE,RCPT,771146,15CCCE104050,15CCCE104050,Alumni,General,School of Computing Science & Engineering,BCA,School of Computing Science,BCA 2015-16 III Sem VI,2.22E+11,Tuition Fee (Back Paper),0,5400,0,0,0,0,0,0,0,
236314,27-07-2016,2016-2017,2016-2017,AIE,RCPT,771146,15CCCE104050,15CCCE104050,Alumni,General,School of Computing Science & Engineering,BCA,School of Computing Science,BCA 2015-16 III Sem VI,2.22E+11,Exam Fee (Back Paper),0,1500,0,0,0,0,0,0,0,
236315,27-07-2016,2016-2017,2016-2017,AIE,RCPT,771167,15CCCE104046,15CCCE104046,Alumni,General,School of Computing Science & Engineering,BCA,School of Computing Science,BCA 2015-16 III Sem VI,2.22E+11,Library BookC Recieved,0,300,0,0,0,0,0,0,0,
236316,27-07-2016,2016-2017,2016-2017,AIE,RCPT,771159,15CCCE104047,15CCCE104047,No Information,General,School of Computing Science & Engineering,BCA,School of Computing Science,BCA 2015-16 III Sem VI,2.22E+11,Fine Fee,0,5000,0,0,0,0,0,0,0,
236317,27-07-2016,2016-2017,2016-2017,AIE,RCPT,771159,15CCCE104047,15CCCE104047,No Information,General,School of Computing Science & Engineering,BCA,School of Computing Science,BCA 2015-16 III Sem VI,2.22E+11,Tuition Fee (Back Paper),0,9000,0,0,0,0,0,0,0,
236318,27-07-2016,2016-2017,2016-2017,AIE,RCPT,771159,15CCCE104047,15CCCE104047,No Information,General,School of Computing Science & Engineering,BCA,School of Computing Science,BCA 2015-16 III Sem VI,2.22E+11,Exam Fee (Back Paper),0,2500,0,0,0,0,0,0,0,
236319,27-07-2016,2016-2017,2016-2017,AIE,RCPT,786019,15CCCE101043,15CCCE101043,Alumni,General,School of Computing Science & Engineering,B.Tech/B.Tech (Hons) Computer Science Engineering,School of Computing Science,B.Tech in CSE 2015-16 V Sem IX,2.22E+11,Library BookC Recieved,0,300,0,0,0,0,0,0,0,
236320,27-07-2016,2016-2017,2016-2017,AIE,RCPT,786018,15GCOB101251,15GCOB101251,Alumni,General,School of Business,Bachelor of Business Administration,School of Business,Bachelor of Business Administration 2015-16 III Sem VI,1.32E+11,Fine Fee,0,5000,0,0,0,0,0,0,0,
236321,27-07-2016,2016-2017,2016-2017,AIE,RCPT,786018,15GCOB101251,15GCOB101251,Alumni,General,School of Business,Bachelor of Business Administration,School of Business,Bachelor of Business Administration 2015-16 III Sem VI,1.32E+11,Tuition Fee (Back Paper),0,9000,0,0,0,0,0,0,0,
236322,27-07-2016,2016-2017,2016-2017,AIE,RCPT,786018,15GCOB101251,15GCOB101251,Alumni,General,School of Business,Bachelor of Business Administration,School of Business,Bachelor of Business Administration 2015-16 III Sem VI,1.32E+11,Exam Fee (Back Paper),0,2500,0,0,0,0,0,0,0,
236323,27-07-2016,2016-2017,2016-2017,AIE,RCPT,827138,14CCCE105087,14CCCE105087,Active,General,School of Computing Science & Engineering,B.Tech (Hons) in Computer Science & Engineering with Specialization in Cloud Computing & Virtualizations,School of Computing Science,B.Tech in CSCC 2014-15 IV Sem VIII,2.22E+11,Library BookC Recieved,0,300,0,0,0,0,0,0,0,
236324,27-07-2016,2016-2017,2016-2017,AIE,RCPT,771156,15CCCE104047,15CCCE104047,No Information,General,School of Computing Science & Engineering,BCA,School of Computing Science,BCA 2015-16 III Sem VI,2.22E+11,Exam Fee (Back Paper),0,2000,0,0,0,0,0,0,0,
236325,27-07-2016,2016-2017,2016-2017,AIE,RCPT,830634,14CCCE101220,14CCCE101220,Alumni,General,School of Computing Science & Engineering,B.Tech/B.Tech (Hons) Computer Science Engineering,School of Computing Science,B.Tech in CSE 2014-15 IV Sem VIII,2.22E+11,Library BookC Recieved,0,400,0,0,0,0,0,0,0,
236326,27-07-2016,2016-2017,2016-2017,AIE,RCPT,785348,15CCCE101073,15CCCE101073,Alumni,General,School of Computing Science & Engineering,B.Tech/B.Tech (Hons) Computer Science Engineering,School of Computing Science,B.Tech in CSE 2015-16 V Sem IX,2.22E+11,Library BookC Recieved,0,300,0,0,0,0,0,0,0,
236327,27-07-2016,2016-2017,2016-2017,AIE,RCPT,755067,16GCOB101342,16GCOB101342,Alumni,General,School of Business,Bachelor of Business Administration,School of Business,Bachelor of Business Administration 2016-17 IV Sem VII,2.22E+11,Library BookC Recieved,0,300,0,0,0,0,0,0,0,
236328,27-07-2016,2016-2017,2016-2017,AIE,RCPT,827127,14CCCE105088,14CCCE105088,Alumni,General,School of Computing Science & Engineering,B.Tech (Hons) in Computer Science & Engineering with Specialization in Cloud Computing & Virtualizations,School of Computing Science,B.Tech in CSCC 2014-15 IV Sem VIII,2.22E+11,Library BookC Recieved,0,400,0,0,0,0,0,0,0,
236329,27-07-2016,2016-2017,2016-2017,AIE,RCPT,777138,15CCCE101467,15CCCE101467,Year Back,General,School of Computing Science & Engineering,B.Tech/B.Tech (Hons) Computer Science Engineering,School of Computing Science,B.Tech in CSE 2015-16 III Sem VI,2.22E+11,Library BookC Recieved,0,300,0,0,0,0,0,0,0,
236330,27-07-2016,2016-2017,2016-2017,AIE,RCPT,785910,15CCCE101048,15CCCE101048,Alumni,General,School of Computing Science & Engineering,B.Tech/B.Tech (Hons) Computer Science Engineering,School of Computing Science,B.Tech in CSE 2015-16 V Sem IX,2.22E+11,Library BookC Recieved,0,300,0,0,0,0,0,0,0,
236331,27-07-2016,2016-2017,2016-2017,AIE,RCPT,749912,16CAHC103009,16CAHC103009,Alumni,General,School of Humanities & Social Sciences,B.A (Hons) English,School of Humanities,BA (H) English 2016-17 IV Sem VII,1.42E+11,TUITION FEE,0,50000,0,0,0,0,0,0,0,
236332,27-07-2016,2016-2017,2016-2017,AIE,RCPT,749912,16CAHC103009,16CAHC103009,Alumni,General,School of Humanities & Social Sciences,B.A (Hons) English,School of Humanities,BA (H) English 2016-17 IV Sem VII,1.42E+11,Exam Fee,0,10000,0,0,0,0,0,0,0,
236333,27-07-2016,2016-2017,2016-2017,AIE,RCPT,827490,14CCCE105054,14CCCE105054,Alumni,General,School of Computing Science & Engineering,B.Tech (Hons) in Computer Science & Engineering with Specialization in Cloud Computing & Virtualizations,School of Computing Science,B.Tech in CSCC 2014-15 IV Sem VIII,2.22E+11,Library Fine Fee,0,400,0,0,0,0,0,0,0,
236334,27-07-2016,2016-2017,2016-2017,AIE,RCPT,827673,14CCCE105026,14CCCE105026,Alumni,General,School of Computing Science & Engineering,B.Tech (Hons) in Computer Science & Engineering with Specialization in Cloud Computing & Virtualizations,School of Computing Science,B.Tech in CSCC 2014-15 IV Sem VIII,2.22E+11,Library BookC Recieved,0,300,0,0,0,0,0,0,0,
236335,27-07-2016,2016-2017,2016-2017,AIE,RCPT,756736,16GCOB101155,16GCOB101155,No Information,General,School of Business,Bachelor of Business Administration,School of Business,Bachelor of Business Administration 2016-17 II Sem IV,1.32E+11,TUITION FEE,0,77000,0,0,0,0,0,0,0,
236336,27-07-2016,2016-2017,2016-2017,AIE,RCPT,756736,16GCOB101155,16GCOB101155,No Information,General,School of Business,Bachelor of Business Administration,School of Business,Bachelor of Business Administration 2016-17 II Sem IV,1.32E+11,Exam Fee,0,10000,0,0,0,0,0,0,0,
236337,27-07-2016,2016-2017,2016-2017,AIE,RCPT,827654,14CCCE105031,14CCCE105031,Alumni,General,School of Computing Science & Engineering,B.Tech (Hons) in Computer Science & Engineering with Specialization in Cloud Computing & Virtualizations,School of Computing Science,B.Tech in CSCC 2014-15 IV Sem VIII,2.22E+11,Library BookC Recieved,0,400,0,0,0,0,0,0,0,
236338,27-07-2016,2016-2017,2016-2017,AIE,RCPT,771515,15CCCE104002,15CCCE104002,Alumni,General,School of Computing Science & Engineering,BCA,School of Computing Science,BCA 2015-16 III Sem VI,2.22E+11,Library BookC Recieved,0,300,0,0,0,0,0,0,0,
236339,27-07-2016,2016-2017,2016-2017,AIE,RCPT,827674,14CCCE105026,14CCCE105026,Alumni,General,School of Computing Science & Engineering,B.Tech (Hons) in Computer Science & Engineering with Specialization in Cloud Computing & Virtualizations,School of Computing Science,B.Tech in CSCC 2014-15 IV Sem VIII,2.22E+11,Library BookC Recieved,0,100,0,0,0,0,0,0,0,
236340,27-07-2016,2016-2017,2016-2017,AIE,RCPT,771468,15CCCE104006,15CCCE104006,Alumni,General,School of Computing Science & Engineering,BCA,School of Computing Science,BCA 2015-16 III Sem VI,2.22E+11,Library BookC Recieved,0,300,0,0,0,0,0,0,0,
236341,27-07-2016,2016-2017,2016-2017,AIE,RCPT,827420,14CCCE105062,14CCCE105062,Alumni,General,School of Computing Science & Engineering,B.Tech (Hons) in Computer Science & Engineering with Specialization in Cloud Computing & Virtualizations,School of Computing Science,B.Tech in CSCC 2014-15 IV Sem VIII,2.22E+11,Fine Fee,0,5000,0,0,0,0,0,0,0,
236342,27-07-2016,2016-2017,2016-2017,AIE,RCPT,827420,14CCCE105062,14CCCE105062,Alumni,General,School of Computing Science & Engineering,B.Tech (Hons) in Computer Science & Engineering with Specialization in Cloud Computing & Virtualizations,School of Computing Science,B.Tech in CSCC 2014-15 IV Sem VIII,2.22E+11,Tuition Fee (Back Paper),0,9000,0,0,0,0,0,0,0,
236343,27-07-2016,2016-2017,2016-2017,AIE,RCPT,827420,14CCCE105062,14CCCE105062,Alumni,General,School of Computing Science & Engineering,B.Tech (Hons) in Computer Science & Engineering with Specialization in Cloud Computing & Virtualizations,School of Computing Science,B.Tech in CSCC 2014-15 IV Sem VIII,2.22E+11,Exam Fee (Back Paper),0,2500,0,0,0,0,0,0,0,
236344,27-07-2016,2016-2017,2016-2017,AIE,RCPT,777220,15CCCE101464,15CCCE101464,Alumni,General,School of Computing Science & Engineering,B.Tech/B.Tech (Hons) Computer Science Engineering,School of Computing Science,B.Tech in CSE 2015-16 V Sem IX,2.22E+11,Library BookC Recieved,0,300,0,0,0,0,0,0,0,
236345,27-07-2016,2016-2017,2016-2017,AIE,RCPT,771453,15CCCE104008,15CCCE104008,Alumni,General,School of Computing Science & Engineering,BCA,School of Computing Science,BCA 2015-16 III Sem VI,2.22E+11,Library BookC Recieved,0,300,0,0,0,0,0,0,0,
236346,27-07-2016,2016-2017,2016-2017,AIE,RCPT,817883,15GCOH101040,15GCOH101040,No Information,General,School of Hospitality,B.Sc (Hotel Management),School of Hospitality,Hospitality Management 2015-2016 III Sem VI,2.02E+11,Fine Fee,0,2000,0,0,0,0,0,0,0,
236347,27-07-2016,2016-2017,2016-2017,AIE,RCPT,817883,15GCOH101040,15GCOH101040,No Information,General,School of Hospitality,B.Sc (Hotel Management),School of Hospitality,Hospitality Management 2015-2016 III Sem VI,2.02E+11,Tuition Fee (Back Paper),0,3600,0,0,0,0,0,0,0,
236348,27-07-2016,2016-2017,2016-2017,AIE,RCPT,817883,15GCOH101040,15GCOH101040,No Information,General,School of Hospitality,B.Sc (Hotel Management),School of Hospitality,Hospitality Management 2015-2016 III Sem VI,2.02E+11,Exam Fee (Back Paper),0,1000,0,0,0,0,0,0,0,
236349,27-07-2016,2016-2017,2016-2017,AIE,RCPT,771529,15CCCE104001,15CCCE104001,Alumni,General,School of Computing Science & Engineering,BCA,School of Computing Science,BCA 2015-16 III Sem VI,2.22E+11,Library BookC Recieved,0,300,0,0,0,0,0,0,0,
236350,27-07-2016,2016-2017,2016-2017,AIE,RCPT,827509,14CCCE105053,14CCCE105053,Alumni,General,School of Computing Science & Engineering,B.Tech (Hons) in Computer Science & Engineering with Specialization in Cloud Computing & Virtualizations,School of Computing Science,B.Tech in CSCC 2014-15 IV Sem VIII,2.22E+11,Library BookC Recieved,0,400,0,0,0,0,0,0,0,
236351,27-07-2016,2016-2017,2016-2017,AIE,RCPT,771626,15CCCE102004,15CCCE102004,Alumni,General,School of Computing Science & Engineering,Integrated B.Tech (Chemical Engineering) + MBA,School of Computing Science,B.Tech (CSE) + MBA 2015-16 V Sem X,2.22E+11,Library BookC Recieved,0,300,0,0,0,0,0,0,0,
236352,27-07-2016,2016-2017,2016-2017,AIE,RCPT,785723,15CCCE101057,15CCCE101057,Alumni,General,School of Computing Science & Engineering,B.Tech/B.Tech (Hons) Computer Science Engineering,School of Computing Science,B.Tech in CSE 2015-16 V Sem IX,2.22E+11,Library BookC Recieved,0,300,0,0,0,0,0,0,0,
236353,27-07-2016,2016-2017,2016-2017,AIE,RCPT,771566,15CCCE102011,15CCCE102011,Alumni,General,School of Computing Science & Engineering,B.Tech/B.Tech (Hons) Computer Science Engineering,School of Computing Science,B.Tech in CSE 2015-16 V Sem IX,2.22E+11,Library BookC Recieved,0,300,0,0,0,0,0,0,0,
236354,27-07-2016,2016-2017,2016-2017,AIE,RCPT,771587,15CCCE102008,15CCCE102008,No Information,General,School of Computing Science & Engineering,B.Tech/B.Tech (Hons) Computer Science Engineering,School of Computing Science,B.Tech in CSE 2016-17 II Sem IV,2.22E+11,Library BookC Recieved,0,300,0,0,0,0,0,0,0,
236355,27-07-2016,2016-2017,2016-2017,AIE,RCPT,771612,15CCCE102006,15CCCE102006,Withdrawn,General,School of Computing Science & Engineering,Integrated B.Tech (Chemical Engineering) + MBA,School of Computing Science,B.Tech in CSE 2015-16 IV Sem VII,2.22E+11,Library BookC Recieved,0,300,0,0,0,0,0,0,0,
236356,27-07-2016,2016-2017,2016-2017,AIE,RCPT,785663,15CCCE101059,15CCCE101059,Alumni,General,School of Computing Science & Engineering,B.Tech/B.Tech (Hons) Computer Science Engineering,School of Computing Science,B.Tech in CSE 2015-16 V Sem IX,2.22E+11,Library BookC Recieved,0,300,0,0,0,0,0,0,0,
236357,27-07-2016,2016-2017,2016-2017,AIE,RCPT,771655,15CCCE102001,15CCCE102001,Alumni,General,School of Computing Science & Engineering,Integrated B.Tech (Chemical Engineering) + MBA,School of Computing Science,B.Tech (CSE) + MBA 2015-16 V Sem X,2.22E+11,Library BookC Recieved,0,300,0,0,0,0,0,0,0,
236358,27-07-2016,2016-2017,2016-2017,AIE,RCPT,771665,15CCCE101782,15CCCE101782,Alumni,General,School of Computing Science & Engineering,B.Tech/B.Tech (Hons) Computer Science Engineering,School of Computing Science,B.Tech in CSE 2015-16 V Sem IX,2.22E+11,Library BookC Recieved,0,300,0,0,0,0,0,0,0,
236359,27-07-2016,2016-2017,2016-2017,AIE,RCPT,756730,16GCOB101156,16GCOB101156,Alumni,General,School of Business,Bachelor of Business Administration,School of Business,Bachelor of Business Administration 2016-17 IV Sem VII,1.32E+11,TUITION FEE,0,20000,0,0,0,0,0,0,0,
236360,27-07-2016,2016-2017,2016-2017,AIE,RCPT,785749,15CCCE101056,15CCCE101056,Alumni,General,School of Computing Science & Engineering,B.Tech/B.Tech (Hons) Computer Science Engineering,School of Computing Science,B.Tech in CSE 2015-16 V Sem IX,2.22E+11,Library BookC Recieved,0,300,0,0,0,0,0,0,0,
236361,27-07-2016,2016-2017,2016-2017,AIE,RCPT,827642,14CCCE105032,14CCCE105032,Alumni,General,School of Computing Science & Engineering,B.Tech (Hons) in Computer Science & Engineering with Specialization in Cloud Computing & Virtualizations,School of Computing Science,B.Tech in CSCC 2014-15 IV Sem VIII,2.22E+11,Library BookC Recieved,0,400,0,0,0,0,0,0,0,
236362,27-07-2016,2016-2017,2016-2017,AIE,RCPT,750306,16CAHC101016,16CAHC101016,Alumni,General,School of Humanities & Social Sciences,B.A(Hons) Applied Psychology,School of Humanities,BA (H)Applied Psychology 2016-17 IV Sem VII,1.42E+11,TUITION FEE,0,50000,0,0,0,0,0,0,0,
236363,27-07-2016,2016-2017,2016-2017,AIE,RCPT,750306,16CAHC101016,16CAHC101016,Alumni,General,School of Humanities & Social Sciences,B.A(Hons) Applied Psychology,School of Humanities,BA (H)Applied Psychology 2016-17 IV Sem VII,1.42E+11,Exam Fee,0,10000,0,0,0,0,0,0,0,
236364,27-07-2016,2016-2017,2016-2017,AIE,RCPT,785584,15CCCE101062,15CCCE101062,Alumni,General,School of Computing Science & Engineering,B.Tech/B.Tech (Hons) Computer Science Engineering,School of Computing Science,B.Tech in CSE 2015-16 V Sem IX,2.22E+11,Library BookC Recieved,0,300,0,0,0,0,0,0,0,
236365,27-07-2016,2016-2017,2016-2017,AIE,RCPT,771940,15CCCE101758,15CCCE101758,Alumni,General,School of Computing Science & Engineering,B.Tech/B.Tech (Hons) Computer Science Engineering,School of Computing Science,B.Tech in CSE 2015-16 V Sem IX,2.22E+11,Library Fine Fee,0,300,0,0,0,0,0,0,0,
236366,27-07-2016,2016-2017,2016-2017,AIE,RCPT,785489,15CCCE101067,15CCCE101067,Alumni,General,School of Computing Science & Engineering,B.Tech/B.Tech (Hons) Computer Science Engineering,School of Computing Science,B.Tech in CSE 2015-16 V Sem IX,2.22E+11,Fine Fee,0,300,0,0,0,0,0,0,0,
236367,27-07-2016,2016-2017,2016-2017,AIE,RCPT,785502,15CCCE101066,15CCCE101066,Alumni,General,School of Computing Science & Engineering,B.Tech/B.Tech (Hons) Computer Science Engineering,School of Computing Science,B.Tech in CSE 2015-16 V Sem IX,2.22E+11,Library BookC Recieved,0,300,0,0,0,0,0,0,0,
236368,27-07-2016,2016-2017,2016-2017,AIE,RCPT,771355,15CCCE104024,15CCCE104024,Alumni,General,School of Computing Science & Engineering,BCA,School of Computing Science,BCA 2016-17 IV Sem VII,2.22E+11,Fine Fee,0,3000,0,0,0,0,0,0,0,
236369,27-07-2016,2016-2017,2016-2017,AIE,RCPT,771355,15CCCE104024,15CCCE104024,Alumni,General,School of Computing Science & Engineering,BCA,School of Computing Science,BCA 2016-17 IV Sem VII,2.22E+11,Tuition Fee (Back Paper),0,5400,0,0,0,0,0,0,0,
236370,27-07-2016,2016-2017,2016-2017,AIE,RCPT,771355,15CCCE104024,15CCCE104024,Alumni,General,School of Computing Science & Engineering,BCA,School of Computing Science,BCA 2016-17 IV Sem VII,2.22E+11,Exam Fee (Back Paper),0,1500,0,0,0,0,0,0,0,
236371,27-07-2016,2016-2017,2016-2017,AIE,REVDUE,591090,14GCOB101131,14GCOB101131,Alumni,General,School of Business,Bachelor of Business Administration,School of Business,Bachelor of Business Administration 2015-16 III Sem VI,,Fine Fee,0,0,0,0,0,5000,0,0,0,DUE REVERCE
236372,27-07-2016,2016-2017,2016-2017,AIE,REVDUE,591090,14GCOB101131,14GCOB101131,Alumni,General,School of Business,Bachelor of Business Administration,School of Business,Bachelor of Business Administration 2015-16 III Sem VI,,Tuition Fee (Back Paper),0,0,0,0,0,9000,0,0,0,DUE REVERCE
236373,27-07-2016,2016-2017,2016-2017,AIE,REVDUE,591090,14GCOB101131,14GCOB101131,Alumni,General,School of Business,Bachelor of Business Administration,School of Business,Bachelor of Business Administration 2015-16 III Sem VI,,Exam Fee (Back Paper),0,0,0,0,0,2500,0,0,0,DUE REVERCE
236374,27-07-2016,2016-2017,2016-2017,AIE,RCPT,771332,15CCCE104027,15CCCE104027,Alumni,General,School of Computing Science & Engineering,BCA,School of Computing Science,BCA 2015-16 III Sem VI,2.22E+11,Fine Fee,0,2000,0,0,0,0,0,0,0,
236375,27-07-2016,2016-2017,2016-2017,AIE,RCPT,771332,15CCCE104027,15CCCE104027,Alumni,General,School of Computing Science & Engineering,BCA,School of Computing Science,BCA 2015-16 III Sem VI,2.22E+11,Tuition Fee (Back Paper),0,3600,0,0,0,0,0,0,0,
236376,27-07-2016,2016-2017,2016-2017,AIE,RCPT,771332,15CCCE104027,15CCCE104027,Alumni,General,School of Computing Science & Engineering,BCA,School of Computing Science,BCA 2015-16 III Sem VI,2.22E+11,Exam Fee (Back Paper),0,1000,0,0,0,0,0,0,0,
236377,27-07-2016,2016-2017,2016-2017,AIE,RCPT,739336,16CCCE101505,16CCCE101505,Withdrawn,General,School of Computing Science & Engineering,Integrated B.Tech (Chemical Engineering) + MBA,School of Computing Science,B.Tech in CSE 2015-16 IV Sem VII,2.22E+11,Library BookC Recieved,0,300,0,0,0,0,0,0,0,
236378,27-07-2016,2016-2017,2016-2017,AIE,RCPT,827994,14CCCE104048,14CCCE104048,No Information,General,School of Computing Science & Engineering,BCA,School of Computing Science,BCA 2017-2018 III Sem VI,2.22E+11,Fine Fee,0,3000,0,0,0,0,0,0,0,
236379,27-07-2016,2016-2017,2016-2017,AIE,RCPT,827994,14CCCE104048,14CCCE104048,No Information,General,School of Computing Science & Engineering,BCA,School of Computing Science,BCA 2017-2018 III Sem VI,2.22E+11,Tuition Fee (Back Paper),0,5400,0,0,0,0,0,0,0,
236380,27-07-2016,2016-2017,2016-2017,AIE,RCPT,827994,14CCCE104048,14CCCE104048,No Information,General,School of Computing Science & Engineering,BCA,School of Computing Science,BCA 2017-2018 III Sem VI,2.22E+11,Exam Fee (Back Paper),0,1500,0,0,0,0,0,0,0,
236381,27-07-2016,2016-2017,2016-2017,AIE,RCPT,827993,14CCCE104048,14CCCE104048,No Information,General,School of Computing Science & Engineering,BCA,School of Computing Science,BCA 2017-2018 III Sem VI,2.22E+11,Exam Fee (Back Paper),0,1500,0,0,0,0,0,0,0,
236382,27-07-2016,2016-2017,2016-2017,AIE,RCPT,771978,15CCCE101754,15CCCE101754,Alumni,General,School of Computing Science & Engineering,B.Tech/B.Tech (Hons) Computer Science Engineering,School of Computing Science,B.Tech in CSE 2015-16 V Sem IX,2.22E+11,Library BookC Recieved,0,300,0,0,0,0,0,0,0,
236383,27-07-2016,2016-2017,2016-2017,AIE,RCPT,771969,15CCCE101755,15CCCE101755,Alumni,General,School of Computing Science & Engineering,B.Tech/B.Tech (Hons) Computer Science Engineering,School of Computing Science,B.Tech in CSE 2015-16 V Sem IX,2.22E+11,Library BookC Recieved,0,300,0,0,0,0,0,0,0,
236384,27-07-2016,2016-2017,2016-2017,AIE,RCPT,827930,14CCCE104059,14CCCE104059,No Information,General,School of Computing Science & Engineering,BCA,School of Computing Science,BCA 2017-2018 III Sem VI,2.22E+11,Fine Fee,0,7000,0,0,0,0,0,0,0,
236385,27-07-2016,2016-2017,2016-2017,AIE,RCPT,827930,14CCCE104059,14CCCE104059,No Information,General,School of Computing Science & Engineering,BCA,School of Computing Science,BCA 2017-2018 III Sem VI,2.22E+11,Tuition Fee (Back Paper),0,12600,0,0,0,0,0,0,0,
236386,27-07-2016,2016-2017,2016-2017,AIE,RCPT,827930,14CCCE104059,14CCCE104059,No Information,General,School of Computing Science & Engineering,BCA,School of Computing Science,BCA 2017-2018 III Sem VI,2.22E+11,Exam Fee (Back Paper),0,4000,0,0,0,0,0,0,0,
236387,27-07-2016,2016-2017,2016-2017,AIE,RCPT,779028,15CCCE101377,15CCCE101377,Alumni,General,School of Computing Science & Engineering,B.Tech/B.Tech (Hons) Computer Science Engineering,School of Computing Science,B.Tech in CSE 2015-16 V Sem IX,2.22E+11,Library BookC Recieved,0,300,0,0,0,0,0,0,0,
236388,27-07-2016,2016-2017,2016-2017,AIE,RCPT,771847,15CCCE101766,15CCCE101766,Alumni,General,School of Computing Science & Engineering,B.Tech/B.Tech (Hons) Computer Science Engineering,School of Computing Science,B.Tech in CSE 2015-16 V Sem IX,2.22E+11,Library BookC Recieved,0,300,0,0,0,0,0,0,0,
236389,27-07-2016,2016-2017,2016-2017,AIE,RCPT,771389,15CCCE104019,15CCCE104019,Alumni,General,School of Computing Science & Engineering,BCA,School of Computing Science,BCA 2015-16 III Sem VI,2.22E+11,Library BookC Recieved,0,300,0,0,0,0,0,0,0,
236390,27-07-2016,2016-2017,2016-2017,AIE,RCPT,778975,15CCCE101380,15CCCE101380,Alumni,General,School of Computing Science & Engineering,B.Tech/B.Tech (Hons) Computer Science Engineering,School of Computing Science,B.Tech in CSE 2015-16 V Sem IX,2.22E+11,Library BookC Recieved,0,300,0,0,0,0,0,0,0,
236391,27-07-2016,2016-2017,2016-2017,AIE,RCPT,785824,15CCCE101052,15CCCE101052,Alumni,General,School of Computing Science & Engineering,B.Tech/B.Tech (Hons) Computer Science Engineering,School of Computing Science,B.Tech in CSE 2015-16 V Sem IX,2.22E+11,Library BookC Recieved,0,300,0,0,0,0,0,0,0,
236392,27-07-2016,2016-2017,2016-2017,AIE,RCPT,771401,15CCCE104017,15CCCE104017,Alumni,General,School of Computing Science & Engineering,BCA,School of Computing Science,BCA 2015-16 III Sem VI,2.22E+11,Library BookC Recieved,0,300,0,0,0,0,0,0,0,
236393,27-07-2016,2016-2017,2016-2017,AIE,RCPT,752902,16GCOH101017,16GCOH101017,No Information,General,School of Hospitality,B.Sc (Hotel Management),School of Hospitality,Hospitality Management 2016-2017 II Sem IV,2.02E+11,TUITION FEE,0,43000,0,0,0,0,0,0,0,
236394,27-07-2016,2016-2017,2016-2017,AIE,RCPT,827349,14CCCE105067,14CCCE105067,Alumni,General,School of Computing Science & Engineering,B.Tech (Hons) in Computer Science & Engineering with Specialization in Cloud Computing & Virtualizations,School of Computing Science,B.Tech in CSCC 2014-15 IV Sem VIII,2.22E+11,Library Fine Fee,0,400,0,0,0,0,0,0,0,
236395,27-07-2016,2016-2017,2016-2017,AIE,RCPT,827335,14CCCE105068,14CCCE105068,Alumni,General,School of Computing Science & Engineering,B.Tech (Hons) in Computer Science & Engineering with Specialization in Cloud Computing & Virtualizations,School of Computing Science,B.Tech in CSCC 2014-15 IV Sem VIII,2.22E+11,Library BookC Recieved,0,400,0,0,0,0,0,0,0,
236396,27-07-2016,2016-2017,2016-2017,AIE,RCPT,814056,15CBAC101082,15CBAC101082,Alumni,General,School of Basic & Applied Sciences,B.Sc.(Hons) Forensic Sciences,School of Basic,B.Sc.(Hons) Forensic Sciences 2015-16 III Sem VI,1.82E+11,Fine Fee,0,1000,0,0,0,0,0,0,0,
236397,27-07-2016,2016-2017,2016-2017,AIE,RCPT,814056,15CBAC101082,15CBAC101082,Alumni,General,School of Basic & Applied Sciences,B.Sc.(Hons) Forensic Sciences,School of Basic,B.Sc.(Hons) Forensic Sciences 2015-16 III Sem VI,1.82E+11,Tuition Fee (Back Paper),0,1800,0,0,0,0,0,0,0,
236398,27-07-2016,2016-2017,2016-2017,AIE,RCPT,814056,15CBAC101082,15CBAC101082,Alumni,General,School of Basic & Applied Sciences,B.Sc.(Hons) Forensic Sciences,School of Basic,B.Sc.(Hons) Forensic Sciences 2015-16 III Sem VI,1.82E+11,Exam Fee (Back Paper),0,500,0,0,0,0,0,0,0,
236399,27-07-2016,2016-2017,2016-2017,AIE,RCPT,785855,15CCCE101050,15CCCE101050,Alumni,General,School of Computing Science & Engineering,B.Tech/B.Tech (Hons) Computer Science Engineering,School of Computing Science,B.Tech in CSE 2015-16 V Sem IX,2.22E+11,Library BookC Recieved,0,300,0,0,0,0,0,0,0,
236400,27-07-2016,2016-2017,2016-2017,AIE,RCPT,785538,15CCCE101064,15CCCE101064,No Information,General,School of Computing Science & Engineering,B.Tech/B.Tech (Hons) Computer Science Engineering,School of Computing Science,B.Tech in CSE 2015-16 III Sem VI,2.22E+11,Library BookC Recieved,0,300,0,0,0,0,0,0,0,
236401,27-07-2016,2016-2017,2016-2017,AIE,RCPT,819999,15GCCE101136,15GCCE101136,Alumni,General,School of Civil Engineering,B.Tech/B.Tech (Hons) Civil Engineering,School of Civil Engineering,B Tech Civil Engineering 2015-16 V Sem IX,3.12E+11,Library BookC Recieved,0,700,0,0,0,0,0,0,0,
236402,27-07-2016,2016-2017,2016-2017,AIE,RCPT,777280,15CCCE101461,15CCCE101461,Alumni,General,School of Computing Science & Engineering,B.Tech/B.Tech (Hons) Computer Science Engineering,School of Computing Science,B.Tech in CSE 2015-16 V Sem IX,2.22E+11,Library BookC Recieved,0,300,0,0,0,0,0,0,0,
236403,27-07-2016,2016-2017,2016-2017,AIE,RCPT,784987,15CCCE101091,15CCCE101091,Alumni,General,School of Computing Science & Engineering,B.Tech/B.Tech (Hons) Computer Science Engineering,School of Computing Science,B.Tech in CSE 2015-16 V Sem IX,2.22E+11,Library BookC Recieved,0,300,0,0,0,0,0,0,0,
236404,27-07-2016,2016-2017,2016-2017,AIE,RCPT,778253,15CCCE101414,15CCCE101414,Active,General,School of Computing Science & Engineering,B.Tech/B.Tech (Hons) Computer Science Engineering,School of Computing Science,B.Tech in CSE 2016-17 IV Sem VIII,2.22E+11,Fine Fee,0,5000,0,0,0,0,0,0,0,
236405,27-07-2016,2016-2017,2016-2017,AIE,RCPT,778253,15CCCE101414,15CCCE101414,Active,General,School of Computing Science & Engineering,B.Tech/B.Tech (Hons) Computer Science Engineering,School of Computing Science,B.Tech in CSE 2016-17 IV Sem VIII,2.22E+11,Tuition Fee (Back Paper),0,9000,0,0,0,0,0,0,0,
236406,27-07-2016,2016-2017,2016-2017,AIE,RCPT,778253,15CCCE101414,15CCCE101414,Active,General,School of Computing Science & Engineering,B.Tech/B.Tech (Hons) Computer Science Engineering,School of Computing Science,B.Tech in CSE 2016-17 IV Sem VIII,2.22E+11,Exam Fee (Back Paper),0,2500,0,0,0,0,0,0,0,
236407,27-07-2016,2016-2017,2016-2017,AIE,RCPT,826542,14CCCE109002,14CCCE109002,Alumni,General,School of Computing Science & Engineering,B.Tech (Hons) in Computer Science & Engineering with Specialization in Cloud Computing & Virtualizations,School of Computing Science,B.Tech in CSCC 2014-15 IV Sem VIII,2.22E+11,Library BookC Recieved,0,400,0,0,0,0,0,0,0,
236408,27-07-2016,2016-2017,2016-2017,AIE,RCPT,772518,15CCCE101703,15CCCE101703,Alumni,General,School of Computing Science & Engineering,B.Tech/B.Tech (Hons) Computer Science Engineering,School of Computing Science,B.Tech in CSE 2015-16 V Sem IX,2.22E+11,Library BookC Recieved,0,300,0,0,0,0,0,0,0,
236409,27-07-2016,2016-2017,2016-2017,AIE,RCPT,763890,15CMCC101106,15CMCC101106,Alumni,General,School of Media & Communication Studies,BA Journalism & Mass Communication,School of Media & Communication Studies,BJMC 2014-2015 III Sem VI,1.52E+11,Exam Fee (Back Paper),0,500,0,0,0,0,0,0,0,
236410,27-07-2016,2016-2017,2016-2017,AIE,RCPT,772528,15CCCE101702,15CCCE101702,No Information,General,School of Computing Science & Engineering,B.Tech/B.Tech (Hons) Computer Science Engineering,School of Computing Science,B.Tech in CSE 2015-16 III Sem VI,2.22E+11,Library BookC Recieved,0,300,0,0,0,0,0,0,0,
236411,27-07-2016,2016-2017,2016-2017,AIE,RCPT,755029,16GCOB101344,16GCOB101344,Cancelled,General,School of Business,Bachelor of Business Administration,School of Business,Bachelor of Business Administration 2016-17 III Sem VI,2.22E+11,Fine Fee,0,5000,0,0,0,0,0,0,0,
236412,27-07-2016,2016-2017,2016-2017,AIE,RCPT,755029,16GCOB101344,16GCOB101344,Cancelled,General,School of Business,Bachelor of Business Administration,School of Business,Bachelor of Business Administration 2016-17 III Sem VI,2.22E+11,Tuition Fee (Back Paper),0,9000,0,0,0,0,0,0,0,
236413,27-07-2016,2016-2017,2016-2017,AIE,RCPT,755029,16GCOB101344,16GCOB101344,Cancelled,General,School of Business,Bachelor of Business Administration,School of Business,Bachelor of Business Administration 2016-17 III Sem VI,2.22E+11,Exam Fee (Back Paper),0,2500,0,0,0,0,0,0,0,
236414,27-07-2016,2016-2017,2016-2017,AIE,RCPT,828283,14CCCE104005,14CCCE104005,No Information,General,School of Computing Science & Engineering,BCA,School of Computing Science,BCA 2017-2018 III Sem VI,2.22E+11,Fine Fee,0,6000,0,0,0,0,0,0,0,
236415,27-07-2016,2016-2017,2016-2017,AIE,RCPT,828283,14CCCE104005,14CCCE104005,No Information,General,School of Computing Science & Engineering,BCA,School of Computing Science,BCA 2017-2018 III Sem VI,2.22E+11,Tuition Fee (Back Paper),0,10800,0,0,0,0,0,0,0,
236416,27-07-2016,2016-2017,2016-2017,AIE,RCPT,828283,14CCCE104005,14CCCE104005,No Information,General,School of Computing Science & Engineering,BCA,School of Computing Science,BCA 2017-2018 III Sem VI,2.22E+11,Exam Fee (Back Paper),0,3000,0,0,0,0,0,0,0,
236417,27-07-2016,2016-2017,2016-2017,AIE,RCPT,818823,15GCFC101064,15GCFC101064,No Information,General,School of Finance & Commerce,B.Com. (Hons),School of Finance,B COM H-2015-16 III Sem VI,1.72E+11,Fine Fee,0,2000,0,0,0,0,0,0,0,
236418,27-07-2016,2016-2017,2016-2017,AIE,RCPT,818823,15GCFC101064,15GCFC101064,No Information,General,School of Finance & Commerce,B.Com. (Hons),School of Finance,B COM H-2015-16 III Sem VI,1.72E+11,Tuition Fee (Back Paper),0,3600,0,0,0,0,0,0,0,
236419,27-07-2016,2016-2017,2016-2017,AIE,RCPT,818823,15GCFC101064,15GCFC101064,No Information,General,School of Finance & Commerce,B.Com. (Hons),School of Finance,B COM H-2015-16 III Sem VI,1.72E+11,Exam Fee (Back Paper),0,1000,0,0,0,0,0,0,0,
236420,27-07-2016,2016-2017,2016-2017,AIE,RCPT,817486,15GCOL102022,15GCOL102022,No Information,General,School of Law,Integrated BA + LLB (Hons.),School of Law,BALLB 2015-2016 III Sem VI,1.92E+11,Fine Fee,0,5000,0,0,0,0,0,0,0,
236421,27-07-2016,2016-2017,2016-2017,AIE,RCPT,817486,15GCOL102022,15GCOL102022,No Information,General,School of Law,Integrated BA + LLB (Hons.),School of Law,BALLB 2015-2016 III Sem VI,1.92E+11,Tuition Fee (Back Paper),0,9000,0,0,0,0,0,0,0,
236422,27-07-2016,2016-2017,2016-2017,AIE,RCPT,817486,15GCOL102022,15GCOL102022,No Information,General,School of Law,Integrated BA + LLB (Hons.),School of Law,BALLB 2015-2016 III Sem VI,1.92E+11,Exam Fee (Back Paper),0,2500,0,0,0,0,0,0,0,
236423,27-07-2016,2016-2017,2016-2017,AIE,RCPT,772529,15CCCE101702,15CCCE101702,No Information,General,School of Computing Science & Engineering,B.Tech/B.Tech (Hons) Computer Science Engineering,School of Computing Science,B.Tech in CSE 2015-16 III Sem VI,2.22E+11,Fine Fee,0,8000,0,0,0,0,0,0,0,
236424,27-07-2016,2016-2017,2016-2017,AIE,RCPT,776926,15CCCE101476,15CCCE101476,Cancelled,General,School of Computing Science & Engineering,B.Tech/B.Tech (Hons) Computer Science Engineering,School of Computing Science,B.Tech in CSE 2016-17 III Sem VI,2.22E+11,Library BookC Recieved,0,300,0,0,0,0,0,0,0,
236425,27-07-2016,2016-2017,2016-2017,AIE,RCPT,817487,15GCOL102022,15GCOL102022,No Information,General,School of Law,Integrated BA + LLB (Hons.),School of Law,BALLB 2015-2016 III Sem VI,1.92E+11,Exam Fee (Back Paper),0,2000,0,0,0,0,0,0,0,
236426,27-07-2016,2016-2017,2016-2017,AIE,RCPT,826653,14CcCe107018,14CcCe107018,Active,General,School of Computing Science & Engineering,B.Tech (Hons) in Computer Science & Engineering with Specialization in Business Analytics,School of Computing Science,B.Tech in CSBA 2014-15 IV Sem VIII,2.22E+11,Library BookC Recieved,0,400,0,0,0,0,0,0,0,
236427,27-07-2016,2016-2017,2016-2017,AIE,RCPT,772497,15CCCE101704,15CCCE101704,Alumni,General,School of Computing Science & Engineering,B.Tech/B.Tech (Hons) Computer Science Engineering,School of Computing Science,B.Tech in CSE 2015-16 IV Sem VIII,2.22E+11,Library BookC Recieved,0,300,0,0,0,0,0,0,0,
236428,27-07-2016,2016-2017,2016-2017,AIE,RCPT,813799,15CCME101007,15CCME101007,No Information,General,School of Mechanical Engineering,B.Tech/B.Tech (Hons) Mechanical Engineering,School of Mechanical Engineering,ME 2015-2016 III Sem VI,2.32E+11,Exam Fee (Back Paper),0,1000,0,0,0,0,0,0,0,
236429,27-07-2016,2016-2017,2016-2017,AIE,RCPT,777299,15CCCE101460,15CCCE101460,Alumni,General,School of Computing Science & Engineering,B.Tech/B.Tech (Hons) Computer Science Engineering,School of Computing Science,B.Tech in CSE 2015-16 V Sem IX,2.22E+11,Library BookC Recieved,0,300,0,0,0,0,0,0,0,
236430,27-07-2016,2016-2017,2016-2017,AIE,RCPT,770816,15CCCE105003,15CCCE105003,Alumni,General,School of Computing Science & Engineering,B.Tech (Hons) in Computer Science & Engineering with Specialization in Cloud Computing & Virtualizations,School of Computing Science,B.Tech in CSCC 2015-16 V Sem IX,2.22E+11,Library BookC Recieved,0,300,0,0,0,0,0,0,0,
236431,27-07-2016,2016-2017,2016-2017,AIE,RCPT,770800,15CCCE105004,15CCCE105004,Withdrawn,General,School of Computing Science & Engineering,B.Tech (Hons) in Computer Science & Engineering with Specialization in Cloud Computing & Virtualizations,School of Computing Science,B.Tech in CSCC 2015-16 IV Sem VII,2.22E+11,Library BookC Recieved,0,300,0,0,0,0,0,0,0,
236432,27-07-2016,2016-2017,2016-2017,CCAB,RCPT,826638,14CcCe107019,14CcCe107019,Alumni,General,School of Computing Science & Engineering,B.Tech (Hons) in Computer Science & Engineering with Specialization in Business Analytics,School of Computing Science,B.Tech in CSBA 2014-15 IV Sem VIII,2.22E+11,Library BookC Recieved,0,400,0,0,0,0,0,0,0,
236433,27-07-2016,2016-2017,2016-2017,AIE,RCPT,777819,15CCCE101434,15CCCE101434,Alumni,General,School of Computing Science & Engineering,B.Tech/B.Tech (Hons) Computer Science Engineering,School of Computing Science,B.Tech in CSE 2015-16 V Sem IX,2.22E+11,Library BookC Recieved,0,300,0,0,0,0,0,0,0,
236434,27-07-2016,2016-2017,2016-2017,AIE,RCPT,785015,15CCCE101090,15CCCE101090,Cancelled,General,School of Computing Science & Engineering,B.Tech/B.Tech (Hons) Computer Science Engineering,School of Computing Science,B.Tech in CSE 2016-17 III Sem V,2.22E+11,Fine Fee,0,2000,0,0,0,0,0,0,0,
236435,27-07-2016,2016-2017,2016-2017,AIE,RCPT,785015,15CCCE101090,15CCCE101090,Cancelled,General,School of Computing Science & Engineering,B.Tech/B.Tech (Hons) Computer Science Engineering,School of Computing Science,B.Tech in CSE 2016-17 III Sem V,2.22E+11,Tuition Fee (Back Paper),0,3600,0,0,0,0,0,0,0,
236436,27-07-2016,2016-2017,2016-2017,AIE,RCPT,785015,15CCCE101090,15CCCE101090,Cancelled,General,School of Computing Science & Engineering,B.Tech/B.Tech (Hons) Computer Science Engineering,School of Computing Science,B.Tech in CSE 2016-17 III Sem V,2.22E+11,Exam Fee (Back Paper),0,1000,0,0,0,0,0,0,0,
236437,27-07-2016,2016-2017,2016-2017,AIE,RCPT,886002,11COMBB101065,11COMBB101065,Alumni,General,School of Business,Bachelor of Business Administration,School of Business,BBA 2011-2012 III Sem VI,1.32E+11,Exam Fee (Back Paper),0,1000,0,0,0,0,0,0,0,
236438,27-07-2016,2016-2017,2016-2017,AIE,RCPT,886003,11COMBB101065,11COMBB101065,Alumni,General,School of Business,Bachelor of Business Administration,School of Business,BBA 2011-2012 III Sem VI,1.32E+11,Fine Fee,0,1000,0,0,0,0,0,0,0,
236439,27-07-2016,2016-2017,2016-2017,AIE,RCPT,886003,11COMBB101065,11COMBB101065,Alumni,General,School of Business,Bachelor of Business Administration,School of Business,BBA 2011-2012 III Sem VI,1.32E+11,Tuition Fee (Back Paper),0,1800,0,0,0,0,0,0,0,
236440,27-07-2016,2016-2017,2016-2017,AIE,RCPT,886003,11COMBB101065,11COMBB101065,Alumni,General,School of Business,Bachelor of Business Administration,School of Business,BBA 2011-2012 III Sem VI,1.32E+11,Exam Fee (Back Paper),0,500,0,0,0,0,0,0,0,
236441,27-07-2016,2016-2017,2016-2017,AIE,RCPT,770546,15CCCE105025,15CCCE105025,Alumni,General,School of Computing Science & Engineering,B.Tech (Hons) in Computer Science & Engineering with Specialization in Cloud Computing & Virtualizations,School of Computing Science,B.Tech in CSCC 2015-16 V Sem IX,2.22E+11,Library Fine Fee,0,300,0,0,0,0,0,0,0,
236442,27-07-2016,2016-2017,2016-2017,AIE,RCPT,772548,15CCCE101700,15CCCE101700,Alumni,General,School of Computing Science & Engineering,B.Tech/B.Tech (Hons) Computer Science Engineering,School of Computing Science,B.Tech in CSE 2015-16 V Sem IX,2.22E+11,Library BookC Recieved,0,300,0,0,0,0,0,0,0,
236443,27-07-2016,2016-2017,2016-2017,AIE,RCPT,805277,16CCCE107043,16CCCE107043,Alumni,General,School of Computing Science & Engineering,B.Tech (Hons) in Computer Science & Engineering with Specialization in Business Analytics,School of Computing Science,B.Tech in CSBA 2016-17 IV Sem VIII,2.22E+11,TUITION FEE,0,11000,0,0,0,0,0,0,0,
236444,27-07-2016,2016-2017,2016-2017,AIE,RCPT,805277,16CCCE107043,16CCCE107043,Alumni,General,School of Computing Science & Engineering,B.Tech (Hons) in Computer Science & Engineering with Specialization in Business Analytics,School of Computing Science,B.Tech in CSBA 2016-17 IV Sem VIII,2.22E+11,Exam Fee,0,10000,0,0,0,0,0,0,0,
236445,27-07-2016,2016-2017,2016-2017,AIE,RCPT,813747,15CCME101014,15CCME101014,Alumni,General,School of Mechanical Engineering,B.Tech/B.Tech (Hons) Mechanical Engineering,School of Mechanical Engineering,ME 2015-2016 V Sem IX,2.32E+11,Fine Fee,0,2000,0,0,0,0,0,0,0,
236446,27-07-2016,2016-2017,2016-2017,AIE,RCPT,813747,15CCME101014,15CCME101014,Alumni,General,School of Mechanical Engineering,B.Tech/B.Tech (Hons) Mechanical Engineering,School of Mechanical Engineering,ME 2015-2016 V Sem IX,2.32E+11,Tuition Fee (Back Paper),0,3600,0,0,0,0,0,0,0,
236447,27-07-2016,2016-2017,2016-2017,AIE,RCPT,813747,15CCME101014,15CCME101014,Alumni,General,School of Mechanical Engineering,B.Tech/B.Tech (Hons) Mechanical Engineering,School of Mechanical Engineering,ME 2015-2016 V Sem IX,2.32E+11,Exam Fee (Back Paper),0,1000,0,0,0,0,0,0,0,
236448,27-07-2016,2016-2017,2016-2017,AIE,RCPT,786368,15CCCE101026,15CCCE101026,Alumni,General,School of Computing Science & Engineering,B.Tech/B.Tech (Hons) Computer Science Engineering,School of Computing Science,B.Tech in CSE 2015-16 V Sem IX,2.22E+11,Library BookC Recieved,0,300,0,0,0,0,0,0,0,
236449,27-07-2016,2016-2017,2016-2017,AIE,RCPT,779278,15CCCE101361,15CCCE101361,Alumni,General,School of Computing Science & Engineering,B.Tech/B.Tech (Hons) Computer Science Engineering,School of Computing Science,B.Tech in CSE 2015-16 V Sem IX,2.22E+11,Library BookC Recieved,0,300,0,0,0,0,0,0,0,
236450,27-07-2016,2016-2017,2016-2017,AIE,RCPT,772646,15CCCE101689,15CCCE101689,Alumni,General,School of Computing Science & Engineering,B.Tech/B.Tech (Hons) Computer Science Engineering,School of Computing Science,B.Tech in CSE 2015-16 V Sem IX,2.22E+11,Library BookC Recieved,0,300,0,0,0,0,0,0,0,
236451,27-07-2016,2016-2017,2016-2017,AIE,RCPT,770319,15CCCE105046,15CCCE105046,Alumni,General,School of Computing Science & Engineering,B.Tech (Hons) in Computer Science & Engineering with Specialization in Cloud Computing & Virtualizations,School of Computing Science,B.Tech in CSCC 2015-16 V Sem IX,2.22E+11,Library BookC Recieved,0,300,0,0,0,0,0,0,0,
236452,27-07-2016,2016-2017,2016-2017,AIE,RCPT,770292,15CCCE105048,15CCCE105048,Alumni,General,School of Computing Science & Engineering,B.Tech (Hons) in Computer Science & Engineering with Specialization in Cloud Computing & Virtualizations,School of Computing Science,B.Tech in CSCC 2015-16 V Sem IX,2.22E+11,Library BookC Recieved,0,300,0,0,0,0,0,0,0,
236453,27-07-2016,2016-2017,2016-2017,AIE,RCPT,770279,15CCCE105049,15CCCE105049,Alumni,General,School of Computing Science & Engineering,B.Tech (Hons) in Computer Science & Engineering with Specialization in Cloud Computing & Virtualizations,School of Computing Science,B.Tech in CSCC 2015-16 V Sem IX,2.22E+11,Library BookC Recieved,0,300,0,0,0,0,0,0,0,
236454,27-07-2016,2016-2017,2016-2017,AIE,RCPT,784836,15CCCE101098,15CCCE101098,Alumni,General,School of Computing Science & Engineering,B.Tech/B.Tech (Hons) Computer Science Engineering,School of Computing Science,B.Tech in CSE 2015-16 V Sem IX,2.22E+11,Library BookC Recieved,0,300,0,0,0,0,0,0,0,
236455,27-07-2016,2016-2017,2016-2017,AIE,RCPT,772696,15CCCE101685,15CCCE101685,Alumni,General,School of Computing Science & Engineering,B.Tech/B.Tech (Hons) Computer Science Engineering,School of Computing Science,B.Tech in CSE 2015-16 V Sem IX,2.22E+11,Library BookC Recieved,0,300,0,0,0,0,0,0,0,
236456,27-07-2016,2016-2017,2016-2017,AIE,RCPT,777501,15CCCE101450,15CCCE101450,Alumni,General,School of Computing Science & Engineering,B.Tech/B.Tech (Hons) Computer Science Engineering,School of Computing Science,B.Tech in CSE 2016-17 III Sem VI,2.22E+11,Library BookC Recieved,0,300,0,0,0,0,0,0,0,
236457,27-07-2016,2016-2017,2016-2017,AIE,RCPT,772623,15CCCE101691,15CCCE101691,Alumni,General,School of Computing Science & Engineering,B.Tech/B.Tech (Hons) Computer Science Engineering,School of Computing Science,B.Tech in CSE 2015-16 V Sem IX,2.22E+11,Library BookC Recieved,0,300,0,0,0,0,0,0,0,
236458,27-07-2016,2016-2017,2016-2017,AIE,RCPT,765811,15CECE105030,15CECE105030,Alumni,General,School of Electrical Electronics & Communication Engineering,B.Tech/B.Tech (Hons) Electrical Engineering,School of Electrical  Electronics,Electrical Engineering-2015-16 V Sem IX,2.42E+11,Library BookC Recieved,0,600,0,0,0,0,0,0,0,
236459,27-07-2016,2016-2017,2016-2017,AIE,RCPT,784958,15GCOB101191,15GCOB101191,No Information,General,School of Business,Bachelor of Business Administration,School of Business,Bachelor of Business Administration 2015-16 III Sem VI,1.32E+11,Fine Fee,0,5000,0,0,0,0,0,0,0,
236460,27-07-2016,2016-2017,2016-2017,AIE,RCPT,784958,15GCOB101191,15GCOB101191,No Information,General,School of Business,Bachelor of Business Administration,School of Business,Bachelor of Business Administration 2015-16 III Sem VI,1.32E+11,Tuition Fee (Back Paper),0,9000,0,0,0,0,0,0,0,
236461,27-07-2016,2016-2017,2016-2017,AIE,RCPT,784958,15GCOB101191,15GCOB101191,No Information,General,School of Business,Bachelor of Business Administration,School of Business,Bachelor of Business Administration 2015-16 III Sem VI,1.32E+11,Exam Fee (Back Paper),0,2500,0,0,0,0,0,0,0,
236462,27-07-2016,2016-2017,2016-2017,AIE,RCPT,772572,15CCCE101697,15CCCE101697,Alumni,General,School of Computing Science & Engineering,B.Tech/B.Tech (Hons) Computer Science Engineering,School of Computing Science,B.Tech in CSE 2015-16 V Sem IX,2.22E+11,Library BookC Recieved,0,300,0,0,0,0,0,0,0,
236463,27-07-2016,2016-2017,2016-2017,AIE,RCPT,772560,15CCCE101699,15CCCE101699,Alumni,General,School of Computing Science & Engineering,B.Tech/B.Tech (Hons) Computer Science Engineering,School of Computing Science,B.Tech in CSE 2015-16 V Sem IX,2.22E+11,Library BookC Recieved,0,300,0,0,0,0,0,0,0,
236464,27-07-2016,2016-2017,2016-2017,AIE,RCPT,763909,15CMCC101100,15CMCC101100,No Information,General,School of Media & Communication Studies,BA Journalism & Mass Communication,School of Media & Communication Studies,BJMC 2014-2015 III Sem VI,1.52E+11,Exam Fee (Back Paper),0,500,0,0,0,0,0,0,0,
236465,27-07-2016,2016-2017,2016-2017,AIE,RCPT,763908,15CMCC101100,15CMCC101100,No Information,General,School of Media & Communication Studies,BA Journalism & Mass Communication,School of Media & Communication Studies,BJMC 2014-2015 III Sem VI,1.52E+11,Exam Fee (Back Paper),0,2000,0,0,0,0,0,0,0,
236466,27-07-2016,2016-2017,2016-2017,CCAB,REVDUE,586062,14CCCE101380,14CCCE101380,Alumni,General,School of Computing Science & Engineering,B.Tech/B.Tech (Hons) Computer Science Engineering,School of Computing Science,B.Tech in CSE 2014-15 IV Sem VIII,,Exam Fee (Back Paper),0,0,0,0,0,500,0,0,0,DUE REVERCE
236467,27-07-2016,2016-2017,2016-2017,AIE,RCPT,770422,15CCCE105038,15CCCE105038,Alumni,General,School of Computing Science & Engineering,B.Tech (Hons) in Computer Science & Engineering with Specialization in Cloud Computing & Virtualizations,School of Computing Science,B.Tech in CSCC 2015-16 V Sem IX,2.22E+11,Library BookC Recieved,0,300,0,0,0,0,0,0,0,
236468,27-07-2016,2016-2017,2016-2017,AIE,RCPT,772600,15CCCE101694,15CCCE101694,Alumni,General,School of Computing Science & Engineering,B.Tech/B.Tech (Hons) Computer Science Engineering,School of Computing Science,B.Tech in CSE 2015-16 V Sem IX,2.22E+11,Library BookC Recieved,0,300,0,0,0,0,0,0,0,
236469,27-07-2016,2016-2017,2016-2017,AIE,RCPT,828302,14CCCE104004,14CCCE104004,No Information,General,School of Computing Science & Engineering,BCA,School of Computing Science,BCA 2017-2018 III Sem VI,2.22E+11,Fine Fee,0,3000,0,0,0,0,0,0,0,
236470,27-07-2016,2016-2017,2016-2017,AIE,RCPT,828302,14CCCE104004,14CCCE104004,No Information,General,School of Computing Science & Engineering,BCA,School of Computing Science,BCA 2017-2018 III Sem VI,2.22E+11,Tuition Fee (Back Paper),0,5400,0,0,0,0,0,0,0,
236471,27-07-2016,2016-2017,2016-2017,AIE,RCPT,828302,14CCCE104004,14CCCE104004,No Information,General,School of Computing Science & Engineering,BCA,School of Computing Science,BCA 2017-2018 III Sem VI,2.22E+11,Exam Fee (Back Paper),0,1500,0,0,0,0,0,0,0,
236472,27-07-2016,2016-2017,2016-2017,AIE,RCPT,830194,14CCCE101260,14CCCE101260,Alumni,General,School of Computing Science & Engineering,B.Tech/B.Tech (Hons) Computer Science Engineering,School of Computing Science,B.Tech in CSE 2014-15 IV Sem VIII,2.22E+11,Library BookC Recieved,0,400,0,0,0,0,0,0,0,
236473,27-07-2016,2016-2017,2016-2017,AIE,RCPT,772580,15CCCE101695,15CCCE101695,No Information,General,School of Computing Science & Engineering,B.Tech/B.Tech (Hons) Computer Science Engineering,School of Computing Science,B.Tech in CSE 2016-17 II Sem IV,2.22E+11,Library BookC Recieved,0,300,0,0,0,0,0,0,0,
236474,27-07-2016,2016-2017,2016-2017,AIE,RCPT,778332,15CCCE101410,15CCCE101410,Alumni,General,School of Computing Science & Engineering,B.Tech/B.Tech (Hons) Computer Science Engineering,School of Computing Science,B.Tech in CSE 2015-16 V Sem IX,2.22E+11,Library BookC Recieved,0,300,0,0,0,0,0,0,0,
236475,27-07-2016,2016-2017,2016-2017,AIE,RCPT,776935,15CCCE101476,15CCCE101476,Cancelled,General,School of Computing Science & Engineering,B.Tech/B.Tech (Hons) Computer Science Engineering,School of Computing Science,B.Tech in CSE 2016-17 III Sem VI,2.22E+11,Fine Fee,0,3000,0,0,0,0,0,0,0,
236476,27-07-2016,2016-2017,2016-2017,AIE,RCPT,776935,15CCCE101476,15CCCE101476,Cancelled,General,School of Computing Science & Engineering,B.Tech/B.Tech (Hons) Computer Science Engineering,School of Computing Science,B.Tech in CSE 2016-17 III Sem VI,2.22E+11,Tuition Fee (Back Paper),0,5400,0,0,0,0,0,0,0,
236477,27-07-2016,2016-2017,2016-2017,AIE,RCPT,776935,15CCCE101476,15CCCE101476,Cancelled,General,School of Computing Science & Engineering,B.Tech/B.Tech (Hons) Computer Science Engineering,School of Computing Science,B.Tech in CSE 2016-17 III Sem VI,2.22E+11,Exam Fee (Back Paper),0,1500,0,0,0,0,0,0,0,
236478,27-07-2016,2016-2017,2016-2017,AIE,RCPT,770998,15CCCE104070,15CCCE104070,Alumni,General,School of Computing Science & Engineering,BCA,School of Computing Science,BCA 2015-16 III Sem VI,2.22E+11,Library BookC Recieved,0,300,0,0,0,0,0,0,0,
236479,27-07-2016,2016-2017,2016-2017,AIE,RCPT,826889,14CCCE106006,14CCCE106006,Alumni,General,School of Computing Science & Engineering,B.Tech (Hons) in Computer Science & Engineering with Specialization in Open Source Software & Open S,School of Computing Science,B.Tech in CSOS 2014-15 IV Sem VIII,2.22E+11,Library BookC Recieved,0,400,0,0,0,0,0,0,0,
236480,27-07-2016,2016-2017,2016-2017,AIE,RCPT,826907,14CCCE106005,14CCCE106005,Alumni,General,School of Computing Science & Engineering,B.Tech (Hons) in Computer Science & Engineering with Specialization in Open Source Software & Open S,School of Computing Science,B.Tech in CSOS 2014-15 IV Sem VIII,2.22E+11,Library BookC Recieved,0,400,0,0,0,0,0,0,0,
236481,27-07-2016,2016-2017,2016-2017,AIE,RCPT,816761,15GCOL102113,15GCOL102113,Active,General,School of Law,Integrated BA + LLB (Hons.),School of Law,BALLB 2016-2017 V SEM X,1.92E+11,Exam Fee (Back Paper),0,1000,0,0,0,0,0,0,0,
236482,27-07-2016,2016-2017,2016-2017,AIE,RCPT,771019,15CCCE104067,15CCCE104067,Alumni,General,School of Computing Science & Engineering,BCA,School of Computing Science,BCA 2015-16 III Sem VI,2.22E+11,Library BookC Recieved,0,300,0,0,0,0,0,0,0,
236483,27-07-2016,2016-2017,2016-2017,AIE,RCPT,816762,15GCOL102113,15GCOL102113,Active,General,School of Law,Integrated BA + LLB (Hons.),School of Law,BALLB 2016-2017 V SEM X,1.92E+11,Fine Fee,0,1000,0,0,0,0,0,0,0,
236484,27-07-2016,2016-2017,2016-2017,AIE,RCPT,816762,15GCOL102113,15GCOL102113,Active,General,School of Law,Integrated BA + LLB (Hons.),School of Law,BALLB 2016-2017 V SEM X,1.92E+11,Tuition Fee (Back Paper),0,1800,0,0,0,0,0,0,0,
236485,27-07-2016,2016-2017,2016-2017,AIE,RCPT,816762,15GCOL102113,15GCOL102113,Active,General,School of Law,Integrated BA + LLB (Hons.),School of Law,BALLB 2016-2017 V SEM X,1.92E+11,Exam Fee (Back Paper),0,500,0,0,0,0,0,0,0,
236486,27-07-2016,2016-2017,2016-2017,AIE,RCPT,776995,15CCCE101473,15CCCE101473,Alumni,General,School of Computing Science & Engineering,B.Tech/B.Tech (Hons) Computer Science Engineering,School of Computing Science,B.Tech in CSE 2015-16 V Sem IX,2.22E+11,Library BookC Recieved,0,300,0,0,0,0,0,0,0,
236487,27-07-2016,2016-2017,2016-2017,AIE,RCPT,770964,15CCCE104073,15CCCE104073,Alumni,General,School of Computing Science & Engineering,BCA,School of Computing Science,BCA 2015-16 III Sem VI,2.22E+11,Fine Fee,0,300,0,0,0,0,0,0,0,
236488,27-07-2016,2016-2017,2016-2017,AIE,RCPT,772371,15CCCE101717,15CCCE101717,Alumni,General,School of Computing Science & Engineering,B.Tech/B.Tech (Hons) Computer Science Engineering,School of Computing Science,B.Tech in CSE 2015-16 V Sem IX,2.22E+11,Library BookC Recieved,0,300,0,0,0,0,0,0,0,
236489,27-07-2016,2016-2017,2016-2017,AIE,RCPT,785154,15CCCE101082,15CCCE101082,Alumni,General,School of Computing Science & Engineering,B.Tech/B.Tech (Hons) Computer Science Engineering,School of Computing Science,B.Tech in CSE 2015-16 V Sem IX,2.22E+11,Library BookC Recieved,0,300,0,0,0,0,0,0,0,
236490,27-07-2016,2016-2017,2016-2017,AIE,RCPT,772362,15CCCE101718,15CCCE101718,Alumni,General,School of Computing Science & Engineering,B.Tech/B.Tech (Hons) Computer Science Engineering,School of Computing Science,B.Tech in CSE 2015-16 V Sem IX,2.22E+11,Library BookC Recieved,0,300,0,0,0,0,0,0,0,
236491,27-07-2016,2016-2017,2016-2017,AIE,RCPT,772336,15CCCE101720,15CCCE101720,Withdrawn,General,School of Computing Science & Engineering,Integrated B.Tech (Chemical Engineering) + MBA,School of Computing Science,B.Tech in CSE 2015-16 IV Sem VII,2.22E+11,Library BookC Recieved,0,400,0,0,0,0,0,0,0,
236492,27-07-2016,2016-2017,2016-2017,AIE,RCPT,830299,14CCCE101250,14CCCE101250,Alumni,General,School of Computing Science & Engineering,B.Tech/B.Tech (Hons) Computer Science Engineering,School of Computing Science,B.Tech in CSE 2014-15 IV Sem VIII,2.22E+11,Library BookC Recieved,0,400,0,0,0,0,0,0,0,
236493,27-07-2016,2016-2017,2016-2017,AIE,RCPT,777054,15CCCE101470,15CCCE101470,Alumni,General,School of Computing Science & Engineering,B.Tech/B.Tech (Hons) Computer Science Engineering,School of Computing Science,B.Tech in CSE 2015-16 V Sem IX,2.22E+11,Library BookC Recieved,0,300,0,0,0,0,0,0,0,
236494,27-07-2016,2016-2017,2016-2017,AIE,RCPT,819602,15GCCE101190,15GCCE101190,No Information,General,School of Civil Engineering,B.Tech/B.Tech (Hons) Civil Engineering,School of Civil Engineering,B Tech Civil Engineering 2015-16 III Sem VI,3.12E+11,Fine Fee,0,5000,0,0,0,0,0,0,0,
236495,27-07-2016,2016-2017,2016-2017,AIE,RCPT,819602,15GCCE101190,15GCCE101190,No Information,General,School of Civil Engineering,B.Tech/B.Tech (Hons) Civil Engineering,School of Civil Engineering,B Tech Civil Engineering 2015-16 III Sem VI,3.12E+11,Tuition Fee (Back Paper),0,9000,0,0,0,0,0,0,0,
236496,27-07-2016,2016-2017,2016-2017,AIE,RCPT,819602,15GCCE101190,15GCCE101190,No Information,General,School of Civil Engineering,B.Tech/B.Tech (Hons) Civil Engineering,School of Civil Engineering,B Tech Civil Engineering 2015-16 III Sem VI,3.12E+11,Exam Fee (Back Paper),0,2500,0,0,0,0,0,0,0,
236497,27-07-2016,2016-2017,2016-2017,AIE,RCPT,772222,15CCCE101732,15CCCE101732,Withdrawn,General,School of Computing Science & Engineering,B.Tech/B.Tech (Hons) Computer Science Engineering,School of Computing Science,B.Tech in CSE 2016-17 III Sem V,2.22E+11,Library BookC Recieved,0,300,0,0,0,0,0,0,0,
236498,27-07-2016,2016-2017,2016-2017,AIE,RCPT,786091,15CCCE101040,15CCCE101040,Alumni,General,School of Computing Science & Engineering,B.Tech/B.Tech (Hons) Computer Science Engineering,School of Computing Science,B.Tech in CSE 2015-16 V Sem IX,2.22E+11,Library BookC Recieved,0,300,0,0,0,0,0,0,0,
236499,27-07-2016,2016-2017,2016-2017,AIE,REVDUE,585945,11COMMBA101065,11COMMBA101065,No Information,General,School of Business,MBA in dual specialization ,School of Business,MBA in dual specialization  2011-2012 I Sem II,,Fine Fee,0,0,0,0,0,1000,0,0,0,DUE REVERCE
236500,27-07-2016,2016-2017,2016-2017,AIE,REVDUE,585945,11COMMBA101065,11COMMBA101065,No Information,General,School of Business,MBA in dual specialization ,School of Business,MBA in dual specialization  2011-2012 I Sem II,,Tuition Fee (Back Paper),0,0,0,0,0,1800,0,0,0,DUE REVERCE
236501,27-07-2016,2016-2017,2016-2017,AIE,REVDUE,585945,11COMMBA101065,11COMMBA101065,No Information,General,School of Business,MBA in dual specialization ,School of Business,MBA in dual specialization  2011-2012 I Sem II,,Exam Fee (Back Paper),0,0,0,0,0,500,0,0,0,DUE REVERCE
236502,27-07-2016,2016-2017,2016-2017,AIE,RCPT,801617,16CECE103033,16CECE103033,Alumni,General,School of Electrical Electronics & Communication Engineering,B.Tech/B.Tech (Hons) Electronics & Communications Engineering,School of Electrical  Electronics,ELECTRONICS AND COMMUNICATION ENGINEERING-2016-17 IV Sem VIII,2.42E+11,TUITION FEE,0,134000,0,0,0,0,0,0,0,
236503,27-07-2016,2016-2017,2016-2017,AIE,RCPT,785226,15CCCE101079,15CCCE101079,Alumni,General,School of Computing Science & Engineering,B.Tech/B.Tech (Hons) Computer Science Engineering,School of Computing Science,B.Tech in CSE 2015-16 V Sem IX,2.22E+11,Library BookC Recieved,0,300,0,0,0,0,0,0,0,
236504,27-07-2016,2016-2017,2016-2017,AIE,RCPT,779145,15CCCE101371,15CCCE101371,Alumni,General,School of Computing Science & Engineering,B.Tech/B.Tech (Hons) Computer Science Engineering,School of Computing Science,B.Tech in CSE 2015-16 V Sem IX,2.22E+11,Library BookC Recieved,0,300,0,0,0,0,0,0,0,
236505,27-07-2016,2016-2017,2016-2017,AIE,RCPT,772276,15CCCE101728,15CCCE101728,Alumni,General,School of Computing Science & Engineering,B.Tech/B.Tech (Hons) Computer Science Engineering,School of Computing Science,B.Tech in CSE 2015-16 V Sem IX,2.22E+11,Library BookC Recieved,0,300,0,0,0,0,0,0,0,
236506,27-07-2016,2016-2017,2016-2017,AIE,RCPT,771034,15CCCE104065,15CCCE104065,No Information,General,School of Computing Science & Engineering,BCA,School of Computing Science,BCA 2016-17 II Sem IV,2.22E+11,Library BookC Recieved,0,300,0,0,0,0,0,0,0,
236507,27-07-2016,2016-2017,2016-2017,AIE,RCPT,826953,14CCCE106002,14CCCE106002,Alumni,General,School of Computing Science & Engineering,B.Tech (Hons) in Computer Science & Engineering with Specialization in Open Source Software & Open S,School of Computing Science,B.Tech in CSOS 2014-15 IV Sem VIII,2.22E+11,Library BookC Recieved,0,400,0,0,0,0,0,0,0,
236508,27-07-2016,2016-2017,2016-2017,AIE,RCPT,772384,15CCCE101715,15CCCE101715,Alumni,General,School of Computing Science & Engineering,Integrated B.Tech (Chemical Engineering) + MBA,School of Computing Science,B.Tech in CSE 2015-16 IV Sem VII,2.22E+11,Library BookC Recieved,0,300,0,0,0,0,0,0,0,
236509,27-07-2016,2016-2017,2016-2017,AIE,RCPT,779184,15CCCE101369,15CCCE101369,Alumni,General,School of Computing Science & Engineering,B.Tech/B.Tech (Hons) Computer Science Engineering,School of Computing Science,B.Tech in CSE 2015-16 V Sem IX,2.22E+11,Library BookC Recieved,0,300,0,0,0,0,0,0,0,
236510,27-07-2016,2016-2017,2016-2017,AIE,RCPT,770895,15CCCE104083,15CCCE104083,Alumni,General,School of Computing Science & Engineering,BCA,School of Computing Science,BCA 2015-16 III Sem VI,2.22E+11,Library BookC Recieved,0,300,0,0,0,0,0,0,0,
236511,27-07-2016,2016-2017,2016-2017,AIE,RCPT,826753,14CCCE107009,14CCCE107009,Alumni,General,School of Computing Science & Engineering,B.Tech (Hons) in Computer Science & Engineering with Specialization in Business Analytics,School of Computing Science,B.Tech in CSBA 2014-15 IV Sem VIII,2.22E+11,Library BookC Recieved,0,400,0,0,0,0,0,0,0,
236512,27-07-2016,2016-2017,2016-2017,AIE,RCPT,828245,14CCCE104010,14CCCE104010,No Information,General,School of Computing Science & Engineering,BCA,School of Computing Science,BCA 2017-2018 III Sem VI,2.22E+11,Fine Fee,0,1000,0,0,0,0,0,0,0,
236513,27-07-2016,2016-2017,2016-2017,AIE,RCPT,828245,14CCCE104010,14CCCE104010,No Information,General,School of Computing Science & Engineering,BCA,School of Computing Science,BCA 2017-2018 III Sem VI,2.22E+11,Tuition Fee (Back Paper),0,1800,0,0,0,0,0,0,0,
236514,27-07-2016,2016-2017,2016-2017,AIE,RCPT,828245,14CCCE104010,14CCCE104010,No Information,General,School of Computing Science & Engineering,BCA,School of Computing Science,BCA 2017-2018 III Sem VI,2.22E+11,Exam Fee (Back Paper),0,500,0,0,0,0,0,0,0,
236515,27-07-2016,2016-2017,2016-2017,AIE,RCPT,772440,15CCCE101709,15CCCE101709,Alumni,General,School of Computing Science & Engineering,B.Tech/B.Tech (Hons) Computer Science Engineering,School of Computing Science,B.Tech in CSE 2015-16 V Sem IX,2.22E+11,Library BookC Recieved,0,300,0,0,0,0,0,0,0,
236516,27-07-2016,2016-2017,2016-2017,AIE,RCPT,770905,15CCCE104082,15CCCE104082,Alumni,General,School of Computing Science & Engineering,BCA,School of Computing Science,BCA 2015-16 III Sem VI,2.22E+11,Fine Fee,0,1000,0,0,0,0,0,0,0,
236517,27-07-2016,2016-2017,2016-2017,AIE,RCPT,770905,15CCCE104082,15CCCE104082,Alumni,General,School of Computing Science & Engineering,BCA,School of Computing Science,BCA 2015-16 III Sem VI,2.22E+11,Tuition Fee (Back Paper),0,1800,0,0,0,0,0,0,0,
236518,27-07-2016,2016-2017,2016-2017,AIE,RCPT,770905,15CCCE104082,15CCCE104082,Alumni,General,School of Computing Science & Engineering,BCA,School of Computing Science,BCA 2015-16 III Sem VI,2.22E+11,Exam Fee (Back Paper),0,500,0,0,0,0,0,0,0,
236519,27-07-2016,2016-2017,2016-2017,AIE,RCPT,826729,14CCCE107011,14CCCE107011,Alumni,General,School of Computing Science & Engineering,B.Tech (Hons) in Computer Science & Engineering with Specialization in Business Analytics,School of Computing Science,B.Tech in CSBA 2014-15 IV Sem VIII,2.22E+11,Library BookC Recieved,0,400,0,0,0,0,0,0,0,
236520,27-07-2016,2016-2017,2016-2017,AIE,RCPT,826716,14CCCE107012,14CCCE107012,Alumni,General,School of Computing Science & Engineering,B.Tech (Hons) in Computer Science & Engineering with Specialization in Business Analytics,School of Computing Science,B.Tech in CSBA 2014-15 IV Sem VIII,2.22E+11,Library BookC Recieved,0,400,0,0,0,0,0,0,0,
236521,27-07-2016,2016-2017,2016-2017,AIE,RCPT,772485,15CCCE101705,15CCCE101705,Alumni,General,School of Computing Science & Engineering,B.Tech/B.Tech (Hons) Computer Science Engineering,School of Computing Science,B.Tech in CSE 2015-16 V Sem IX,2.22E+11,Library BookC Recieved,0,300,0,0,0,0,0,0,0,
236522,27-07-2016,2016-2017,2016-2017,AIE,RCPT,779209,15CCCE101365,15CCCE101365,No Information,General,School of Computing Science & Engineering,B.Tech/B.Tech (Hons) Computer Science Engineering,School of Computing Science,B.Tech in CSE 2016-17 II Sem IV,2.22E+11,Library BookC Recieved,0,300,0,0,0,0,0,0,0,
236523,27-07-2016,2016-2017,2016-2017,AIE,RCPT,785044,15CCCE101089,15CCCE101089,Alumni,General,School of Computing Science & Engineering,B.Tech/B.Tech (Hons) Computer Science Engineering,School of Computing Science,B.Tech in CSE 2015-16 V Sem IX,2.22E+11,Library BookC Recieved,0,300,0,0,0,0,0,0,0,
236524,27-07-2016,2016-2017,2016-2017,AIE,RCPT,772460,15CCCE101707,15CCCE101707,Alumni,General,School of Computing Science & Engineering,B.Tech/B.Tech (Hons) Computer Science Engineering,School of Computing Science,B.Tech in CSE 2015-16 V Sem IX,2.22E+11,Library BookC Recieved,0,300,0,0,0,0,0,0,0,
236525,27-07-2016,2016-2017,2016-2017,AIE,RCPT,786223,15CCCE101034,15CCCE101034,No Information,General,School of Computing Science & Engineering,B.Tech/B.Tech (Hons) Computer Science Engineering,School of Computing Science,B.Tech in CSE 2016-17 II Sem IV,2.22E+11,Library BookC Recieved,0,300,0,0,0,0,0,0,0,
236526,27-07-2016,2016-2017,2016-2017,AIE,RCPT,772432,15CCCE101710,15CCCE101710,Alumni,General,School of Computing Science & Engineering,B.Tech/B.Tech (Hons) Computer Science Engineering,School of Computing Science,B.Tech in CSE 2015-16 V Sem IX,2.22E+11,Library BookC Recieved,0,300,0,0,0,0,0,0,0,
236527,27-07-2016,2016-2017,2016-2017,AIE,RCPT,770940,15CCCE104077,15CCCE104077,Alumni,General,School of Computing Science & Engineering,BCA,School of Computing Science,BCA 2015-16 III Sem VI,2.22E+11,Library BookC Recieved,0,300,0,0,0,0,0,0,0,
236528,27-07-2016,2016-2017,2016-2017,AIE,RCPT,826811,14CCCE107001,14CCCE107001,Alumni,General,School of Computing Science & Engineering,B.Tech (Hons) in Computer Science & Engineering with Specialization in Business Analytics,School of Computing Science,B.Tech in CSBA 2014-15 IV Sem VIII,2.22E+11,Library BookC Recieved,0,400,0,0,0,0,0,0,0,
236529,27-07-2016,2016-2017,2016-2017,AIE,RCPT,826829,14CCCE106014,14CCCE106014,Alumni,General,School of Computing Science & Engineering,B.Tech (Hons) in Computer Science & Engineering with Specialization in Open Source Software & Open S,School of Computing Science,B.Tech in CSOS 2014-15 IV Sem VIII,2.22E+11,Library BookC Recieved,0,400,0,0,0,0,0,0,0,
236530,27-07-2016,2016-2017,2016-2017,AIE,RCPT,785113,15CCCE101084,15CCCE101084,Alumni,General,School of Computing Science & Engineering,B.Tech/B.Tech (Hons) Computer Science Engineering,School of Computing Science,B.Tech in CSE 2015-16 IV Sem VIII,2.22E+11,Library BookC Recieved,0,300,0,0,0,0,0,0,0,
236531,27-07-2016,2016-2017,2016-2017,AIE,RCPT,826843,14CCCE106011,14CCCE106011,Alumni,General,School of Computing Science & Engineering,B.Tech (Hons) in Computer Science & Engineering with Specialization in Open Source Software & Open S,School of Computing Science,B.Tech in CSOS 2014-15 IV Sem VIII,2.22E+11,Library BookC Recieved,0,400,0,0,0,0,0,0,0,
236532,27-07-2016,2016-2017,2016-2017,AIE,RCPT,830285,14CCCE101251,14CCCE101251,Alumni,General,School of Computing Science & Engineering,B.Tech/B.Tech (Hons) Computer Science Engineering,School of Computing Science,B.Tech in CSE 2014-15 IV Sem VIII,2.22E+11,Fine Fee,0,5000,0,0,0,0,0,0,0,
236533,27-07-2016,2016-2017,2016-2017,AIE,RCPT,830285,14CCCE101251,14CCCE101251,Alumni,General,School of Computing Science & Engineering,B.Tech/B.Tech (Hons) Computer Science Engineering,School of Computing Science,B.Tech in CSE 2014-15 IV Sem VIII,2.22E+11,Tuition Fee (Back Paper),0,9000,0,0,0,0,0,0,0,
236534,27-07-2016,2016-2017,2016-2017,AIE,RCPT,830285,14CCCE101251,14CCCE101251,Alumni,General,School of Computing Science & Engineering,B.Tech/B.Tech (Hons) Computer Science Engineering,School of Computing Science,B.Tech in CSE 2014-15 IV Sem VIII,2.22E+11,Exam Fee (Back Paper),0,5000,0,0,0,0,0,0,0,
236535,27-07-2016,2016-2017,2016-2017,AIE,RCPT,776967,15CCCE101475,15CCCE101475,Alumni,General,School of Computing Science & Engineering,B.Tech/B.Tech (Hons) Computer Science Engineering,School of Computing Science,B.Tech in CSE 2015-16 V Sem IX,2.22E+11,Library BookC Recieved,0,300,0,0,0,0,0,0,0,
236536,27-07-2016,2016-2017,2016-2017,AIE,RCPT,770909,15CCCE104081,15CCCE104081,No Information,General,School of Computing Science & Engineering,BCA,School of Computing Science,BCA 2015-16 III Sem VI,2.22E+11,Library BookC Recieved,0,300,0,0,0,0,0,0,0,
236537,27-07-2016,2016-2017,2016-2017,AIE,RCPT,826780,14CCCE107006,14CCCE107006,Alumni,General,School of Computing Science & Engineering,B.Tech (Hons) in Computer Science & Engineering with Specialization in Business Analytics,School of Computing Science,B.Tech in CSBA 2014-15 IV Sem VIII,2.22E+11,Library BookC Recieved,0,300,0,0,0,0,0,0,0,
236538,27-07-2016,2016-2017,2016-2017,AIE,RCPT,770917,15CCCE104080,15CCCE104080,Alumni,General,School of Computing Science & Engineering,BCA,School of Computing Science,BCA 2015-16 III Sem VI,2.22E+11,Library BookC Recieved,0,300,0,0,0,0,0,0,0,
236539,27-07-2016,2016-2017,2016-2017,AIE,RCPT,786206,15CCCE101035,15CCCE101035,Alumni,General,School of Computing Science & Engineering,B.Tech/B.Tech (Hons) Computer Science Engineering,School of Computing Science,B.Tech in CSE 2015-16 V Sem IX,2.22E+11,Library BookC Recieved,0,300,0,0,0,0,0,0,0,
236540,27-07-2016,2016-2017,2016-2017,AIE,RCPT,786398,15CCCE101025,15CCCE101025,Alumni,General,School of Computing Science & Engineering,B.Tech/B.Tech (Hons) Computer Science Engineering,School of Computing Science,B.Tech in CSE 2015-16 V Sem IX,2.22E+11,Library BookC Recieved,0,300,0,0,0,0,0,0,0,
236541,27-07-2016,2016-2017,2016-2017,AIE,RCPT,769007,15CCCE105175,15CCCE105175,Alumni,General,School of Computing Science & Engineering,B.Tech (Hons) in Computer Science & Engineering with Specialization in Cloud Computing & Virtualizations,School of Computing Science,B.Tech in CSCC 2015-16 V Sem IX,2.22E+11,Library BookC Recieved,0,300,0,0,0,0,0,0,0,
236542,27-07-2016,2016-2017,2016-2017,AIE,RCPT,815664,15GCOL103099,15GCOL103099,Alumni,General,School of Law,Integrated BBA + LLB (Hons.),School of Law,BBALLB  2015-2016 V Sem X,1.92E+11,Fine Fee,0,2000,0,0,0,0,0,0,0,
236543,27-07-2016,2016-2017,2016-2017,AIE,RCPT,815664,15GCOL103099,15GCOL103099,Alumni,General,School of Law,Integrated BBA + LLB (Hons.),School of Law,BBALLB  2015-2016 V Sem X,1.92E+11,Tuition Fee (Back Paper),0,3600,0,0,0,0,0,0,0,
236544,27-07-2016,2016-2017,2016-2017,AIE,RCPT,815664,15GCOL103099,15GCOL103099,Alumni,General,School of Law,Integrated BBA + LLB (Hons.),School of Law,BBALLB  2015-2016 V Sem X,1.92E+11,Exam Fee (Back Paper),0,1000,0,0,0,0,0,0,0,
236545,27-07-2016,2016-2017,2016-2017,AIE,RCPT,762738,16GPTC401032,16GPTC401032,Alumni,General,Gs Polytechnic,Diploma in Mechanical Engineering,Gs Polytechnic,MECHANICAL  ENGINEERING 2016-2017 IV Sem VII,3.22E+11,TUITION FEE,0,35000,0,0,0,0,0,0,0,
236546,27-07-2016,2016-2017,2016-2017,AIE,RCPT,762738,16GPTC401032,16GPTC401032,Alumni,General,Gs Polytechnic,Diploma in Mechanical Engineering,Gs Polytechnic,MECHANICAL  ENGINEERING 2016-2017 IV Sem VII,3.22E+11,Exam Fee,0,10000,0,0,0,0,0,0,0,
236547,27-07-2016,2016-2017,2016-2017,AIE,RCPT,831012,14CCCE101183,14CCCE101183,Alumni,General,School of Computing Science & Engineering,B.Tech/B.Tech (Hons) Computer Science Engineering,School of Computing Science,B.Tech in CSE 2014-15 IV Sem VIII,2.22E+11,Library BookC Recieved,0,400,0,0,0,0,0,0,0,
236548,27-07-2016,2016-2017,2016-2017,AIE,RCPT,762735,16GPTC401033,16GPTC401033,Alumni,General,Gs Polytechnic,Diploma in Mechanical Engineering,Gs Polytechnic,MECHANICAL  ENGINEERING 2016-2017 IV Sem VII,3.22E+11,TUITION FEE,0,35000,0,0,0,0,0,0,0,
236549,27-07-2016,2016-2017,2016-2017,AIE,RCPT,762735,16GPTC401033,16GPTC401033,Alumni,General,Gs Polytechnic,Diploma in Mechanical Engineering,Gs Polytechnic,MECHANICAL  ENGINEERING 2016-2017 IV Sem VII,3.22E+11,Exam Fee,0,10000,0,0,0,0,0,0,0,
236550,27-07-2016,2016-2017,2016-2017,AIE,RCPT,815666,15GCOL103099,15GCOL103099,Alumni,General,School of Law,Integrated BBA + LLB (Hons.),School of Law,BBALLB  2015-2016 V Sem X,1.92E+11,Exam Fee (Back Paper),0,500,0,0,0,0,0,0,0,
236551,27-07-2016,2016-2017,2016-2017,AIE,RCPT,821161,15GCCE101015,15GCCE101015,Alumni,General,School of Civil Engineering,B.Tech/B.Tech (Hons) Civil Engineering,School of Civil Engineering,B Tech Civil Engineering 2015-16 V Sem IX,3.12E+11,Library BookC Recieved,0,700,0,0,0,0,0,0,0,
236552,27-07-2016,2016-2017,2016-2017,AIE,RCPT,849982,13CCCE101145,13CCCE101145,No Information,General,School of Computing Science & Engineering,B.Tech/B.Tech (Hons) Computer Science Engineering,School of Computing Science,B.Tech in CSE 2014-15 IV Sem VIII,2.22E+11,TUITION FEE,0,149000,0,0,0,0,0,0,0,
236553,27-07-2016,2016-2017,2016-2017,AIE,RCPT,849982,13CCCE101145,13CCCE101145,No Information,General,School of Computing Science & Engineering,B.Tech/B.Tech (Hons) Computer Science Engineering,School of Computing Science,B.Tech in CSE 2014-15 IV Sem VIII,2.22E+11,Exam Fee,0,10000,0,0,0,0,0,0,0,
236554,27-07-2016,2016-2017,2016-2017,AIE,RCPT,849982,13CCCE101145,13CCCE101145,No Information,General,School of Computing Science & Engineering,B.Tech/B.Tech (Hons) Computer Science Engineering,School of Computing Science,B.Tech in CSE 2014-15 IV Sem VIII,2.22E+11,Fine Fee,0,8000,0,0,0,0,0,0,0,
236555,27-07-2016,2016-2017,2016-2017,AIE,RCPT,775159,15CCCE101559,15CCCE101559,Alumni,General,School of Computing Science & Engineering,B.Tech/B.Tech (Hons) Computer Science Engineering,School of Computing Science,B.Tech in CSE 2015-16 V Sem IX,2.22E+11,Library BookC Recieved,0,300,0,0,0,0,0,0,0,
236556,27-07-2016,2016-2017,2016-2017,AIE,RCPT,817129,15GCOL102065,15GCOL102065,No Information,General,School of Law,Integrated BA + LLB (Hons.),School of Law,BALLB  2015-2016 III Sem VI,1.92E+11,Exam Fee (Back Paper),0,2000,0,0,0,0,0,0,0,
236557,27-07-2016,2016-2017,2016-2017,AIE,RCPT,818303,15GCOA101020,15GCOA101020,Alumni,General,School of Architecture,B.Arch,School of Architecture,B Arch 2015-16 V Sem X,3.02E+11,Exam Fee (Back Paper),0,500,0,0,0,0,0,0,0,
236558,27-07-2016,2016-2017,2016-2017,AIE,RCPT,775134,15CCCE101560,15CCCE101560,Alumni,General,School of Computing Science & Engineering,B.Tech/B.Tech (Hons) Computer Science Engineering,School of Computing Science,B.Tech in CSE 2015-16 V Sem IX,2.22E+11,Library BookC Recieved,0,300,0,0,0,0,0,0,0,
236559,27-07-2016,2016-2017,2016-2017,AIE,RCPT,781005,15CCCE101280,15CCCE101280,Alumni,General,School of Computing Science & Engineering,B.Tech/B.Tech (Hons) Computer Science Engineering,School of Computing Science,B.Tech in CSE 2015-16 V Sem IX,2.22E+11,Library BookC Recieved,0,300,0,0,0,0,0,0,0,
236560,27-07-2016,2016-2017,2016-2017,AIE,RCPT,766502,15CECE103034,15CECE103034,Cancelled,General,School of Electrical Electronics & Communication Engineering,B.Tech/B.Tech (Hons) Electronics & Communications Engineering,School of Electrical  Electronics,ELECTRONICS AND COMMUNICATION ENGINEERING-2016-17 III Sem VI,2.42E+11,Library BookC Recieved,0,300,0,0,0,0,0,0,0,
236561,27-07-2016,2016-2017,2016-2017,AIE,RCPT,762719,16GPTC401035,16GPTC401035,No Information,General,Gs Polytechnic,Diploma in Mechanical Engineering,Gs Polytechnic,MECHANICAL  ENGINEERING 2016-2017 II Sem IV,3.22E+11,TUITION FEE,0,10000,0,0,0,0,0,0,0,
236562,27-07-2016,2016-2017,2016-2017,AIE,RCPT,762717,16GPTC401036,16GPTC401036,Alumni,General,Gs Polytechnic,Diploma in Mechanical Engineering,Gs Polytechnic,MECHANICAL  ENGINEERING 2016-2017 IV Sem VII,3.22E+11,TUITION FEE,0,35000,0,0,0,0,0,0,0,
236563,27-07-2016,2016-2017,2016-2017,AIE,RCPT,762717,16GPTC401036,16GPTC401036,Alumni,General,Gs Polytechnic,Diploma in Mechanical Engineering,Gs Polytechnic,MECHANICAL  ENGINEERING 2016-2017 IV Sem VII,3.22E+11,Exam Fee,0,10000,0,0,0,0,0,0,0,
236564,27-07-2016,2016-2017,2016-2017,AIE,RCPT,766956,15CECE101016,15CECE101016,Alumni,General,School of Electrical Electronics & Communication Engineering,B.Tech/B.Tech (Hons) Electrical & Electronics Engineering,School of Electrical  Electronics,Electrical and Electronics Engineering-2015-16 V Sem IX,2.42E+11,Library BookC Recieved,0,600,0,0,0,0,0,0,0,
236565,27-07-2016,2016-2017,2016-2017,AIE,RCPT,831098,14CCCE101176,14CCCE101176,Alumni,General,School of Computing Science & Engineering,B.Tech/B.Tech (Hons) Computer Science Engineering,School of Computing Science,B.Tech in CSE 2014-15 IV Sem VIII,2.22E+11,Library BookC Recieved,0,400,0,0,0,0,0,0,0,
236566,27-07-2016,2016-2017,2016-2017,AIE,RCPT,775108,15CCCE101561,15CCCE101561,Cancelled,General,School of Computing Science & Engineering,B.Tech/B.Tech (Hons) Computer Science Engineering,School of Computing Science,B.Tech in CSE 2017-18 III Sem V,2.22E+11,Library BookC Recieved,0,300,0,0,0,0,0,0,0,
236567,27-07-2016,2016-2017,2016-2017,AIE,RCPT,831057,14CCCE101179,14CCCE101179,Active,General,School of Computing Science & Engineering,B.Tech/B.Tech (Hons) Computer Science Engineering,School of Computing Science,B.Tech in CSE 2014-15 IV Sem VIII,2.22E+11,Fine Fee,0,3000,0,0,0,0,0,0,0,
236568,27-07-2016,2016-2017,2016-2017,AIE,RCPT,831057,14CCCE101179,14CCCE101179,Active,General,School of Computing Science & Engineering,B.Tech/B.Tech (Hons) Computer Science Engineering,School of Computing Science,B.Tech in CSE 2014-15 IV Sem VIII,2.22E+11,Tuition Fee (Back Paper),0,5400,0,0,0,0,0,0,0,
236569,27-07-2016,2016-2017,2016-2017,AIE,RCPT,831057,14CCCE101179,14CCCE101179,Active,General,School of Computing Science & Engineering,B.Tech/B.Tech (Hons) Computer Science Engineering,School of Computing Science,B.Tech in CSE 2014-15 IV Sem VIII,2.22E+11,Exam Fee (Back Paper),0,1500,0,0,0,0,0,0,0,
236570,27-07-2016,2016-2017,2016-2017,AIE,RCPT,762728,16GPTC401034,16GPTC401034,Alumni,General,Gs Polytechnic,Diploma in Mechanical Engineering,Gs Polytechnic,MECHANICAL  ENGINEERING 2015-2016 III Sem VI,3.22E+11,TUITION FEE,0,12500,0,0,0,0,0,0,0,
236571,27-07-2016,2016-2017,2016-2017,AIE,RCPT,762728,16GPTC401034,16GPTC401034,Alumni,General,Gs Polytechnic,Diploma in Mechanical Engineering,Gs Polytechnic,MECHANICAL  ENGINEERING 2015-2016 III Sem VI,3.22E+11,Exam Fee,0,10000,0,0,0,0,0,0,0,
236572,27-07-2016,2016-2017,2016-2017,AIE,RCPT,831085,14CCCE101177,14CCCE101177,Alumni,General,School of Computing Science & Engineering,B.Tech/B.Tech (Hons) Computer Science Engineering,School of Computing Science,B.Tech in CSE 2014-15 IV Sem VIII,2.22E+11,Degree/Convocation/Certificate fee,0,400,0,0,0,0,0,0,0,
236573,27-07-2016,2016-2017,2016-2017,AIE,RCPT,767072,15CECE101005,15CECE101005,No Information,General,School of Electrical Electronics & Communication Engineering,B.Tech/B.Tech (Hons) Electrical & Electronics Engineering,School of Electrical  Electronics,B.Tech/B.Tech (Hons) Electrical & Electronics Engineering 2017-2018 II Sem IV,2.42E+11,Library BookC Recieved,0,600,0,0,0,0,0,0,0,
236574,27-07-2016,2016-2017,2016-2017,AIE,RCPT,767770,15CCCE110010,15CCCE110010,Alumni,General,School of Computing Science & Engineering,Integrated B.Tech. + M.Tech. in Computer Science & Engineering (Specialization in Computer Science/S,School of Computing Science,B.Tech + Mtech (CSE) 2015-16 V Sem X,2.22E+11,Library BookC Recieved,0,300,0,0,0,0,0,0,0,
236575,27-07-2016,2016-2017,2016-2017,AIE,RCPT,747248,16CCME101153,16CCME101153,Alumni,General,School of Mechanical Engineering,B.Tech/B.Tech (Hons) Mechanical Engineering,School of Mechanical Engineering,ME 2015-2016 V Sem IX,2.32E+11,TUITION FEE,0,69500,0,0,0,0,0,0,0,
236576,27-07-2016,2016-2017,2016-2017,AIE,RCPT,747248,16CCME101153,16CCME101153,Alumni,General,School of Mechanical Engineering,B.Tech/B.Tech (Hons) Mechanical Engineering,School of Mechanical Engineering,ME 2015-2016 V Sem IX,2.32E+11,Exam Fee,0,10000,0,0,0,0,0,0,0,
236577,27-07-2016,2016-2017,2016-2017,AIE,RCPT,819088,15GCFC101032,15GCFC101032,Alumni,General,School of Finance & Commerce,B.Com. (Hons),School of Finance,B COM H-2015-16 III Sem VI,1.72E+11,Fine Fee,0,2000,0,0,0,0,0,0,0,
236578,27-07-2016,2016-2017,2016-2017,AIE,RCPT,819088,15GCFC101032,15GCFC101032,Alumni,General,School of Finance & Commerce,B.Com. (Hons),School of Finance,B COM H-2015-16 III Sem VI,1.72E+11,Tuition Fee (Back Paper),0,3600,0,0,0,0,0,0,0,
236579,27-07-2016,2016-2017,2016-2017,AIE,RCPT,819088,15GCFC101032,15GCFC101032,Alumni,General,School of Finance & Commerce,B.Com. (Hons),School of Finance,B COM H-2015-16 III Sem VI,1.72E+11,Exam Fee (Back Paper),0,1000,0,0,0,0,0,0,0,
236580,27-07-2016,2016-2017,2016-2017,AIE,RCPT,767706,15CCCE111005,15CCCE111005,Active,General,School of Computing Science & Engineering,Integrated BCA + MCA,School of Computing Science,BCA + MCA 2015-2016 V Sem X,2.22E+11,Library BookC Recieved,0,300,0,0,0,0,0,0,0,
236581,27-07-2016,2016-2017,2016-2017,AIE,RCPT,774070,15CCCE101608,15CCCE101608,Alumni,General,School of Computing Science & Engineering,B.Tech/B.Tech (Hons) Computer Science Engineering,School of Computing Science,B.Tech in CSE 2015-16 V Sem IX,2.22E+11,Library BookC Recieved,0,300,0,0,0,0,0,0,0,
236582,27-07-2016,2016-2017,2016-2017,AIE,RCPT,775851,15CCCE101526,15CCCE101526,Alumni,General,School of Computing Science & Engineering,B.Tech/B.Tech (Hons) Computer Science Engineering,School of Computing Science,B.Tech in CSE 2015-16 V Sem IX,2.22E+11,Library BookC Recieved,0,300,0,0,0,0,0,0,0,
236583,27-07-2016,2016-2017,2016-2017,AIE,RCPT,778026,15CCCE101425,15CCCE101425,Alumni,General,School of Computing Science & Engineering,B.Tech/B.Tech (Hons) Computer Science Engineering,School of Computing Science,B.Tech in CSE 2015-16 V Sem IX,2.22E+11,Library BookC Recieved,0,300,0,0,0,0,0,0,0,
236584,27-07-2016,2016-2017,2016-2017,AIE,RCPT,828827,14CCCE101396,14CCCE101396,Alumni,General,School of Computing Science & Engineering,B.Tech/B.Tech (Hons) Computer Science Engineering,School of Computing Science,B.Tech in CSE 2014-15 IV Sem VIII,2.22E+11,Library BookC Recieved,0,400,0,0,0,0,0,0,0,
236585,27-07-2016,2016-2017,2016-2017,AIE,RCPT,767676,15CCCE111009,15CCCE111009,Alumni,General,School of Computing Science & Engineering,Integrated BCA + MCA,School of Computing Science,BCA + MCA 2015-2016 V Sem X,2.22E+11,Library BookC Recieved,0,300,0,0,0,0,0,0,0,
236586,27-07-2016,2016-2017,2016-2017,AIE,RCPT,747259,16CCME101152,16CCME101152,Alumni,General,School of Mechanical Engineering,B.Tech/B.Tech (Hons) Mechanical Engineering,School of Mechanical Engineering,ME 2015-2016 V Sem IX,2.32E+11,TUITION FEE,0,69500,0,0,0,0,0,0,0,
236587,27-07-2016,2016-2017,2016-2017,AIE,RCPT,747259,16CCME101152,16CCME101152,Alumni,General,School of Mechanical Engineering,B.Tech/B.Tech (Hons) Mechanical Engineering,School of Mechanical Engineering,ME 2015-2016 V Sem IX,2.32E+11,Exam Fee,0,10000,0,0,0,0,0,0,0,
236588,27-07-2016,2016-2017,2016-2017,AIE,RCPT,767727,15CCCE111002,15CCCE111002,Alumni,General,School of Computing Science & Engineering,Integrated BCA + MCA,School of Computing Science,BCA + MCA 2015-2016 V Sem X,2.22E+11,Library BookC Recieved,0,300,0,0,0,0,0,0,0,
236589,27-07-2016,2016-2017,2016-2017,AIE,RCPT,780129,15CCCE101321,15CCCE101321,Alumni,General,School of Computing Science & Engineering,B.Tech/B.Tech (Hons) Computer Science Engineering,School of Computing Science,B.Tech in CSE 2015-16 V Sem IX,2.22E+11,Library BookC Recieved,0,300,0,0,0,0,0,0,0,
236590,27-07-2016,2016-2017,2016-2017,AIE,RCPT,780109,15CCCE101323,15CCCE101323,Alumni,General,School of Computing Science & Engineering,B.Tech/B.Tech (Hons) Computer Science Engineering,School of Computing Science,B.Tech in CSE 2015-16 V Sem IX,2.22E+11,Library BookC Recieved,0,300,0,0,0,0,0,0,0,
236591,27-07-2016,2016-2017,2016-2017,CCAB,RCPT,828984,14CCCE101380,14CCCE101380,Alumni,General,School of Computing Science & Engineering,B.Tech/B.Tech (Hons) Computer Science Engineering,School of Computing Science,B.Tech in CSE 2014-15 IV Sem VIII,2.22E+11,Library BookC Recieved,0,400,0,0,0,0,0,0,0,
236592,27-07-2016,2016-2017,2016-2017,AIE,RCPT,781601,15CCCE101251,15CCCE101251,Alumni,General,School of Computing Science & Engineering,B.Tech/B.Tech (Hons) Computer Science Engineering,School of Computing Science,B.Tech in CSE 2015-16 V Sem IX,2.22E+11,Library BookC Recieved,0,300,0,0,0,0,0,0,0,
236593,27-07-2016,2016-2017,2016-2017,AIE,RCPT,774001,15CCCE101611,15CCCE101611,Alumni,General,School of Computing Science & Engineering,B.Tech/B.Tech (Hons) Computer Science Engineering,School of Computing Science,B.Tech in CSE 2015-16 V Sem IX,2.22E+11,Library BookC Recieved,0,300,0,0,0,0,0,0,0,
236594,27-07-2016,2016-2017,2016-2017,AIE,RCPT,774511,15CCCE101588,15CCCE101588,Alumni,General,School of Computing Science & Engineering,B.Tech/B.Tech (Hons) Computer Science Engineering,School of Computing Science,B.Tech in CSE 2015-16 V Sem IX,2.22E+11,Library BookC Recieved,0,300,0,0,0,0,0,0,0,
236595,27-07-2016,2016-2017,2016-2017,AIE,RCPT,751805,16GCOL102077,16GCOL102077,Active,General,School of Law,Integrated BA + LLB (Hons.),School of Law,BALLB 2016-2017 V SEM X,1.92E+11,TUITION FEE,0,25000,0,0,0,0,0,0,0,
236596,27-07-2016,2016-2017,2016-2017,AIE,RCPT,774051,15CCCE101609,15CCCE101609,Alumni,General,School of Computing Science & Engineering,B.Tech/B.Tech (Hons) Computer Science Engineering,School of Computing Science,B.Tech in CSE 2015-16 V Sem IX,2.22E+11,Library BookC Recieved,0,300,0,0,0,0,0,0,0,
236597,27-07-2016,2016-2017,2016-2017,AIE,RCPT,781560,15CCCE101253,15CCCE101253,Alumni,General,School of Computing Science & Engineering,B.Tech/B.Tech (Hons) Computer Science Engineering,School of Computing Science,B.Tech in CSE 2015-16 V Sem IX,2.22E+11,Library BookC Recieved,0,300,0,0,0,0,0,0,0,
236598,27-07-2016,2016-2017,2016-2017,AIE,RCPT,750934,16GCOL103068,16GCOL103068,No Information,General,School of Law,Integrated BBA + LLB (Hons.),School of Law,BBALLB  2016-2017 II Sem IV,1.92E+11,TUITION FEE,0,30000,0,0,0,0,0,0,0,
236599,27-07-2016,2016-2017,2016-2017,AIE,RCPT,750934,16GCOL103068,16GCOL103068,No Information,General,School of Law,Integrated BBA + LLB (Hons.),School of Law,BBALLB  2016-2017 II Sem IV,1.92E+11,Exam Fee,0,10000,0,0,0,0,0,0,0,
236600,27-07-2016,2016-2017,2016-2017,AIE,REVJV,1005265,15GCOA101016,15GCOA101016,Active,General,School of Architecture,B.Arch,School of Architecture,B Arch 2015-16 V Sem X,3.02E+11,Adjusted_Amount,0,0,0,0,0,0,-600,0,0,TUITION FEE
236601,27-07-2016,2016-2017,2016-2017,AIE,RCPT,844831,14GCFC101004,14GCFC101004,No Information,General,School of Finance & Commerce,B.Com. (Hons),School of Finance,B COM H-2015-16 III Sem VI,1.72E+11,Fine Fee,0,5000,0,0,0,0,0,0,0,
236602,27-07-2016,2016-2017,2016-2017,AIE,RCPT,844831,14GCFC101004,14GCFC101004,No Information,General,School of Finance & Commerce,B.Com. (Hons),School of Finance,B COM H-2015-16 III Sem VI,1.72E+11,Tuition Fee (Back Paper),0,9000,0,0,0,0,0,0,0,
236603,27-07-2016,2016-2017,2016-2017,AIE,RCPT,844831,14GCFC101004,14GCFC101004,No Information,General,School of Finance & Commerce,B.Com. (Hons),School of Finance,B COM H-2015-16 III Sem VI,1.72E+11,Exam Fee (Back Paper),0,2500,0,0,0,0,0,0,0,
236604,27-07-2016,2016-2017,2016-2017,AIE,RCPT,831294,14CCCE101139,14CCCE101139,Alumni,General,School of Computing Science & Engineering,B.Tech/B.Tech (Hons) Computer Science Engineering,School of Computing Science,B.Tech in CSE 2014-15 IV Sem VIII,2.22E+11,Library BookC Recieved,0,400,0,0,0,0,0,0,0,
236605,27-07-2016,2016-2017,2016-2017,AIE,RCPT,768080,15CCCE107048,15CCCE107048,No Information,General,School of Computing Science & Engineering,B.Tech (Hons) in Computer Science & Engineering with Specialization in Business Analytics,School of Computing Science,B.Tech in CSBA 2015-16 III Sem VI,2.22E+11,Library BookC Recieved,0,300,0,0,0,0,0,0,0,
236606,27-07-2016,2016-2017,2016-2017,AIE,RCPT,774639,15CCCE101582,15CCCE101582,Alumni,General,School of Computing Science & Engineering,B.Tech/B.Tech (Hons) Computer Science Engineering,School of Computing Science,B.Tech in CSE 2015-16 V Sem IX,2.22E+11,Library BookC Recieved,0,300,0,0,0,0,0,0,0,
236607,27-07-2016,2016-2017,2016-2017,AIE,RCPT,830485,14CCCE101231,14CCCE101231,Alumni,General,School of Computing Science & Engineering,B.Tech/B.Tech (Hons) Computer Science Engineering,School of Computing Science,B.Tech in CSE 2014-15 IV Sem VIII,2.22E+11,Library BookC Recieved,0,400,0,0,0,0,0,0,0,
236608,27-07-2016,2016-2017,2016-2017,AIE,RCPT,829409,14CCCE101338,14CCCE101338,Alumni,General,School of Computing Science & Engineering,B.Tech/B.Tech (Hons) Computer Science Engineering,School of Computing Science,B.Tech in CSE 2014-15 IV Sem VIII,2.22E+11,Library BookC Recieved,0,400,0,0,0,0,0,0,0,
236609,27-07-2016,2016-2017,2016-2017,AIE,RCPT,768014,15CCCE107055,15CCCE107055,Alumni,General,School of Computing Science & Engineering,B.Tech (Hons) in Computer Science & Engineering with Specialization in Cloud Computing & Virtualizations,School of Computing Science,B.Tech in CSCC 2015-16 V Sem IX,2.22E+11,Library BookC Recieved,0,300,0,0,0,0,0,0,0,
236610,27-07-2016,2016-2017,2016-2017,AIE,RCPT,767964,15CCCE107061,15CCCE107061,Alumni,General,School of Computing Science & Engineering,B.Tech (Hons) in Computer Science & Engineering with Specialization in Business Analytics,School of Computing Science,B.Tech in CSBA 2015-16 V Sem IX,2.22E+11,Library BookC Recieved,0,300,0,0,0,0,0,0,0,
236611,27-07-2016,2016-2017,2016-2017,AIE,RCPT,831283,14CCCE101140,14CCCE101140,Alumni,General,School of Computing Science & Engineering,B.Tech/B.Tech (Hons) Computer Science Engineering,School of Computing Science,B.Tech in CSE 2014-15 IV Sem VIII,2.22E+11,Library BookC Recieved,0,400,0,0,0,0,0,0,0,
236612,27-07-2016,2016-2017,2016-2017,AIE,RCPT,748906,16CBAC202003,16CBAC202003,Alumni,General,School of Basic & Applied Sciences,M. Sc Physics,School of Basic,MSC Physics 2016-2017 II Sem IV,1.82E+11,TUITION FEE,0,30000,0,0,0,0,0,0,0,
236613,27-07-2016,2016-2017,2016-2017,AIE,RCPT,748906,16CBAC202003,16CBAC202003,Alumni,General,School of Basic & Applied Sciences,M. Sc Physics,School of Basic,MSC Physics 2016-2017 II Sem IV,1.82E+11,Exam Fee,0,10000,0,0,0,0,0,0,0,
236614,27-07-2016,2016-2017,2016-2017,AIE,RCPT,767999,15CCCE107056,15CCCE107056,Alumni,General,School of Computing Science & Engineering,B.Tech (Hons) in Computer Science & Engineering with Specialization in Business Analytics,School of Computing Science,B.Tech in CSBA 2015-16 V Sem IX,2.22E+11,Library BookC Recieved,0,300,0,0,0,0,0,0,0,
236615,27-07-2016,2016-2017,2016-2017,AIE,RCPT,831319,14CCCE101134,14CCCE101134,Alumni,General,School of Computing Science & Engineering,B.Tech/B.Tech (Hons) Computer Science Engineering,School of Computing Science,B.Tech in CSE 2014-15 IV Sem VIII,2.22E+11,Library BookC Recieved,0,400,0,0,0,0,0,0,0,
236616,27-07-2016,2016-2017,2016-2017,AIE,RCPT,768183,15CCCE107038,15CCCE107038,Alumni,General,School of Computing Science & Engineering,B.Tech (Hons) in Computer Science & Engineering with Specialization in Business Analytics,School of Computing Science,B.Tech in CSBA 2015-16 V Sem IX,2.22E+11,Library BookC Recieved,0,300,0,0,0,0,0,0,0,
236617,27-07-2016,2016-2017,2016-2017,AIE,RCPT,777530,15CCCE101449,15CCCE101449,Alumni,General,School of Computing Science & Engineering,B.Tech/B.Tech (Hons) Computer Science Engineering,School of Computing Science,B.Tech in CSE 2015-16 V Sem IX,2.22E+11,Library BookC Recieved,0,300,0,0,0,0,0,0,0,
236618,27-07-2016,2016-2017,2016-2017,AIE,RCPT,780917,15CCCE101284,15CCCE101284,Alumni,General,School of Computing Science & Engineering,B.Tech/B.Tech (Hons) Computer Science Engineering,School of Computing Science,B.Tech in CSE 2015-16 V Sem IX,2.22E+11,Library BookC Recieved,0,300,0,0,0,0,0,0,0,
236619,27-07-2016,2016-2017,2016-2017,AIE,RCPT,823718,14CMCC101068,14CMCC101068,No Information,General,School of Media & Communication Studies,BA Journalism & Mass Communication,School of Media & Communication Studies,BJMC 2014-2015 III Sem VI,1.52E+11,Fine Fee,0,3000,0,0,0,0,0,0,0,
236620,27-07-2016,2016-2017,2016-2017,AIE,RCPT,823718,14CMCC101068,14CMCC101068,No Information,General,School of Media & Communication Studies,BA Journalism & Mass Communication,School of Media & Communication Studies,BJMC 2014-2015 III Sem VI,1.52E+11,Tuition Fee (Back Paper),0,5400,0,0,0,0,0,0,0,
236621,27-07-2016,2016-2017,2016-2017,AIE,RCPT,823718,14CMCC101068,14CMCC101068,No Information,General,School of Media & Communication Studies,BA Journalism & Mass Communication,School of Media & Communication Studies,BJMC 2014-2015 III Sem VI,1.52E+11,Exam Fee (Back Paper),0,1500,0,0,0,0,0,0,0,
236622,27-07-2016,2016-2017,2016-2017,AIE,RCPT,804869,16CCCE110006,16CCCE110006,Year Back,General,School of Computing Science & Engineering,B.Tech/B.Tech (Hons) Computer Science Engineering,School of Computing Science,B.Tech in CSE 2016-17 III Sem VI,2.22E+11,TUITION FEE,0,149000,0,0,0,0,0,0,0,
236623,27-07-2016,2016-2017,2016-2017,AIE,RCPT,804869,16CCCE110006,16CCCE110006,Year Back,General,School of Computing Science & Engineering,B.Tech/B.Tech (Hons) Computer Science Engineering,School of Computing Science,B.Tech in CSE 2016-17 III Sem VI,2.22E+11,Exam Fee,0,10000,0,0,0,0,0,0,0,
236624,27-07-2016,2016-2017,2016-2017,AIE,RCPT,823674,14CMCC101074,14CMCC101074,No Information,General,School of Media & Communication Studies,BA Journalism & Mass Communication,School of Media & Communication Studies,BA Journalism & Mass Communication 2017-2018 III Sem VI,1.52E+11,Fine Fee,0,1000,0,0,0,0,0,0,0,
236625,27-07-2016,2016-2017,2016-2017,AIE,RCPT,823674,14CMCC101074,14CMCC101074,No Information,General,School of Media & Communication Studies,BA Journalism & Mass Communication,School of Media & Communication Studies,BA Journalism & Mass Communication 2017-2018 III Sem VI,1.52E+11,Tuition Fee (Back Paper),0,1800,0,0,0,0,0,0,0,
236626,27-07-2016,2016-2017,2016-2017,AIE,RCPT,823674,14CMCC101074,14CMCC101074,No Information,General,School of Media & Communication Studies,BA Journalism & Mass Communication,School of Media & Communication Studies,BA Journalism & Mass Communication 2017-2018 III Sem VI,1.52E+11,Exam Fee (Back Paper),0,500,0,0,0,0,0,0,0,
236627,27-07-2016,2016-2017,2016-2017,AIE,RCPT,818342,15GCOA101016,15GCOA101016,Active,General,School of Architecture,B.Arch,School of Architecture,B Arch 2015-16 V Sem X,3.02E+11,Fine Fee,0,1000,0,0,0,0,0,0,0,
236628,27-07-2016,2016-2017,2016-2017,AIE,RCPT,818342,15GCOA101016,15GCOA101016,Active,General,School of Architecture,B.Arch,School of Architecture,B Arch 2015-16 V Sem X,3.02E+11,Tuition Fee (Back Paper),0,1800,0,0,0,0,0,0,0,
236629,27-07-2016,2016-2017,2016-2017,AIE,RCPT,818342,15GCOA101016,15GCOA101016,Active,General,School of Architecture,B.Arch,School of Architecture,B Arch 2015-16 V Sem X,3.02E+11,Exam Fee (Back Paper),0,1000,0,0,0,0,0,0,0,
236630,27-07-2016,2016-2017,2016-2017,AIE,RCPT,768191,15CCCE107037,15CCCE107037,Alumni,General,School of Computing Science & Engineering,B.Tech (Hons) in Computer Science & Engineering with Specialization in Business Analytics,School of Computing Science,B.Tech in CSBA 2015-16 V Sem IX,2.22E+11,Library BookC Recieved,0,300,0,0,0,0,0,0,0,
236631,27-07-2016,2016-2017,2016-2017,AIE,RCPT,831339,14CCCE101132,14CCCE101132,Alumni,General,School of Computing Science & Engineering,B.Tech/B.Tech (Hons) Computer Science Engineering,School of Computing Science,B.Tech in CSE 2014-15 IV Sem VIII,2.22E+11,Library BookC Recieved,0,400,0,0,0,0,0,0,0,
236632,27-07-2016,2016-2017,2016-2017,AIE,RCPT,781984,15CCCE101236,15CCCE101236,Withdrawn,General,School of Computing Science & Engineering,Integrated B.Tech (Chemical Engineering) + MBA,School of Computing Science,B.Tech in CSE 2015-16 IV Sem VII,2.22E+11,Library BookC Recieved,0,300,0,0,0,0,0,0,0,
236633,27-07-2016,2016-2017,2016-2017,AIE,RCPT,780617,15CCCE101298,15CCCE101298,Alumni,General,School of Computing Science & Engineering,B.Tech/B.Tech (Hons) Computer Science Engineering,School of Computing Science,B.Tech in CSE 2015-16 V Sem IX,2.22E+11,Library BookC Recieved,0,300,0,0,0,0,0,0,0,
236634,27-07-2016,2016-2017,2016-2017,AIE,RCPT,767954,15CCCE107062,15CCCE107062,Alumni,General,School of Computing Science & Engineering,B.Tech (Hons) in Computer Science & Engineering with Specialization in Business Analytics,School of Computing Science,B.Tech in CSBA 2015-16 V Sem IX,2.22E+11,Library BookC Recieved,0,300,0,0,0,0,0,0,0,
236635,27-07-2016,2016-2017,2016-2017,AIE,RCPT,831142,14CCCE101168,14CCCE101168,Alumni,General,School of Computing Science & Engineering,B.Tech/B.Tech (Hons) Computer Science Engineering,School of Computing Science,B.Tech in CSE 2014-15 IV Sem VIII,2.22E+11,Library BookC Recieved,0,400,0,0,0,0,0,0,0,
236636,27-07-2016,2016-2017,2016-2017,AIE,RCPT,767855,15CCCE110004,15CCCE110004,Alumni,General,School of Computing Science & Engineering,Integrated B.Tech. + M.Tech. in Computer Science & Engineering (Specialization in Computer Science/S,School of Computing Science,B.Tech + Mtech (CSE) 2015-16 V Sem X,2.22E+11,Library BookC Recieved,0,300,0,0,0,0,0,0,0,
236637,27-07-2016,2016-2017,2016-2017,AIE,RCPT,822741,15CCCE101529,15CCCE101529,No Information,General,School of Computing Science & Engineering,B.Tech/B.Tech (Hons) Computer Science Engineering,School of Computing Science,B.Tech in CSE 2014-15 IV Sem VIII,2.22E+11,Library BookC Recieved,0,100,0,0,0,0,0,0,0,
236638,27-07-2016,2016-2017,2016-2017,AIE,RCPT,774612,15CCCE101583,15CCCE101583,Alumni,General,School of Computing Science & Engineering,B.Tech/B.Tech (Hons) Computer Science Engineering,School of Computing Science,B.Tech in CSE 2015-16 V Sem IX,2.22E+11,Library BookC Recieved,0,300,0,0,0,0,0,0,0,
236639,27-07-2016,2016-2017,2016-2017,AIE,RCPT,822746,15CCCE101529,15CCCE101529,No Information,General,School of Computing Science & Engineering,B.Tech/B.Tech (Hons) Computer Science Engineering,School of Computing Science,B.Tech in CSE 2014-15 IV Sem VIII,2.22E+11,Fine Fee,0,5000,0,0,0,0,0,0,0,
236640,27-07-2016,2016-2017,2016-2017,AIE,RCPT,822746,15CCCE101529,15CCCE101529,No Information,General,School of Computing Science & Engineering,B.Tech/B.Tech (Hons) Computer Science Engineering,School of Computing Science,B.Tech in CSE 2014-15 IV Sem VIII,2.22E+11,Tuition Fee (Back Paper),0,9000,0,0,0,0,0,0,0,
236641,27-07-2016,2016-2017,2016-2017,AIE,RCPT,822746,15CCCE101529,15CCCE101529,No Information,General,School of Computing Science & Engineering,B.Tech/B.Tech (Hons) Computer Science Engineering,School of Computing Science,B.Tech in CSE 2014-15 IV Sem VIII,2.22E+11,Exam Fee (Back Paper),0,2500,0,0,0,0,0,0,0,
236642,27-07-2016,2016-2017,2016-2017,AIE,REVJV,1004932,14CCCE101305,14CCCE101305,Alumni,General,School of Computing Science & Engineering,B.Tech/B.Tech (Hons) Computer Science Engineering,School of Computing Science,B.Tech in CSE 2015-16 V Sem IX,2.22E+11,Ajustable_Excess_Amount,0,0,0,0,0,0,-3180,0,0,TUITION FEE
236643,27-07-2016,2016-2017,2016-2017,,REVJV,1004963,14CCCE101367,14CCCE101367,Alumni,General,School of Computing Science & Engineering,B.Tech/B.Tech (Hons) Computer Science Engineering,School of Computing Science,B.Tech in CSE 2014-15 IV Sem VIII,2.22E+11,Adjusted_Amount,0,0,0,0,0,0,-5900,0,0,TUITION FEE
236644,27-07-2016,2016-2017,2016-2017,AIE,REVJV,1004942,14CCCE101335,14CCCE101335,Alumni,General,School of Computing Science & Engineering,B.Tech/B.Tech (Hons) Computer Science Engineering,School of Computing Science,B.Tech in CSE 2014-15 IV Sem VIII,2.22E+11,Ajustable_Excess_Amount,0,0,0,0,0,0,-5950,0,0,TUITION FEE
236645,27-07-2016,2016-2017,2016-2017,AIE,RCPT,773952,15CCCE101613,15CCCE101613,Alumni,General,School of Computing Science & Engineering,B.Tech/B.Tech (Hons) Computer Science Engineering,School of Computing Science,B.Tech in CSE 2015-16 V Sem IX,2.22E+11,Library BookC Recieved,0,300,0,0,0,0,0,0,0,
236646,27-07-2016,2016-2017,2016-2017,AIE,RCPT,822740,15CCCE101529,15CCCE101529,No Information,General,School of Computing Science & Engineering,B.Tech/B.Tech (Hons) Computer Science Engineering,School of Computing Science,B.Tech in CSE 2014-15 IV Sem VIII,2.22E+11,Library BookC Recieved,0,300,0,0,0,0,0,0,0,
236647,27-07-2016,2016-2017,2016-2017,AIE,RCPT,802912,16CCCE114058,16CCCE114058,Alumni,General,School of Computing Science & Engineering,B.Tech (Hons) Computer Science & Engineering with specialisation in Computer Network & Cyber Security,School of Computing Science,B.Tech in CSCN 2016-17 IV Sem VIII,2.22E+11,TUITION FEE,0,134000,0,0,0,0,0,0,0,
236648,27-07-2016,2016-2017,2016-2017,AIE,RCPT,781908,15CCCE101239,15CCCE101239,Alumni,General,School of Computing Science & Engineering,B.Tech/B.Tech (Hons) Computer Science Engineering,School of Computing Science,B.Tech in CSE 2015-16 V Sem IX,2.22E+11,Library BookC Recieved,0,300,0,0,0,0,0,0,0,
236649,27-07-2016,2016-2017,2016-2017,AIE,RCPT,831235,14CCCE101148,14CCCE101148,Alumni,General,School of Computing Science & Engineering,B.Tech/B.Tech (Hons) Computer Science Engineering,School of Computing Science,B.Tech in CSE 2014-15 IV Sem VIII,2.22E+11,Library BookC Recieved,0,400,0,0,0,0,0,0,0,
236650,27-07-2016,2016-2017,2016-2017,AIE,RCPT,767889,15CCCE110002,15CCCE110002,Active,General,School of Computing Science & Engineering,Integrated B.Tech. + M.Tech. in Computer Science & Engineering (Specialization in Computer Science/S,School of Computing Science,B.Tech + Mtech (CSE) 2015-16 V Sem X,2.22E+11,Library BookC Recieved,0,300,0,0,0,0,0,0,0,
236651,27-07-2016,2016-2017,2016-2017,AIE,RCPT,830934,14CCCE101191,14CCCE101191,Alumni,General,School of Computing Science & Engineering,B.Tech/B.Tech (Hons) Computer Science Engineering,School of Computing Science,B.Tech in CSE 2014-15 IV Sem VIII,2.22E+11,Fine Fee,0,1000,0,0,0,0,0,0,0,
236652,27-07-2016,2016-2017,2016-2017,AIE,RCPT,830934,14CCCE101191,14CCCE101191,Alumni,General,School of Computing Science & Engineering,B.Tech/B.Tech (Hons) Computer Science Engineering,School of Computing Science,B.Tech in CSE 2014-15 IV Sem VIII,2.22E+11,Tuition Fee (Back Paper),0,1800,0,0,0,0,0,0,0,
236653,27-07-2016,2016-2017,2016-2017,AIE,RCPT,830934,14CCCE101191,14CCCE101191,Alumni,General,School of Computing Science & Engineering,B.Tech/B.Tech (Hons) Computer Science Engineering,School of Computing Science,B.Tech in CSE 2014-15 IV Sem VIII,2.22E+11,Exam Fee (Back Paper),0,500,0,0,0,0,0,0,0,
236654,27-07-2016,2016-2017,2016-2017,AIE,RCPT,778662,15CCCE101394,15CCCE101394,Alumni,General,School of Computing Science & Engineering,B.Tech/B.Tech (Hons) Computer Science Engineering,School of Computing Science,B.Tech in CSE 2015-16 V Sem IX,2.22E+11,Library BookC Recieved,0,300,0,0,0,0,0,0,0,
236655,27-07-2016,2016-2017,2016-2017,AIE,RCPT,777563,15CCCE101447,15CCCE101447,Alumni,General,School of Computing Science & Engineering,B.Tech/B.Tech (Hons) Computer Science Engineering,School of Computing Science,B.Tech in CSE 2015-16 V Sem IX,2.22E+11,Library BookC Recieved,0,300,0,0,0,0,0,0,0,
236656,27-07-2016,2016-2017,2016-2017,AIE,RCPT,766920,15CECE101019,15CECE101019,Alumni,General,School of Computing Science & Engineering,B.Tech/B.Tech (Hons) Computer Science Engineering,School of Computing Science,B.Tech in CSE 2015-16 V Sem IX,2.22E+11,Library BookC Recieved,0,300,0,0,0,0,0,0,0,
236657,27-07-2016,2016-2017,2016-2017,AIE,RCPT,820871,15GCCE101046,15GCCE101046,Year Back,General,School of Civil Engineering,B.Tech/B.Tech (Hons) Civil Engineering,School of Civil Engineering,B Tech Civil Engineering 2015-16 III Sem VI,3.12E+11,Library BookC Recieved,0,700,0,0,0,0,0,0,0,
236658,27-07-2016,2016-2017,2016-2017,AIE,RCPT,767867,15CCCE110003,15CCCE110003,Alumni,General,School of Computing Science & Engineering,Integrated B.Tech. + M.Tech. in Computer Science & Engineering (Specialization in Computer Science/S,School of Computing Science,B.Tech + Mtech (CSE) 2015-16 V Sem X,2.22E+11,Library BookC Recieved,0,300,0,0,0,0,0,0,0,
236659,27-07-2016,2016-2017,2016-2017,AIE,RCPT,747269,16CCME101151,16CCME101151,Alumni,General,School of Mechanical Engineering,B.Tech/B.Tech (Hons) Mechanical Engineering,School of Mechanical Engineering,ME 2016-2017 IV Sem VIII,2.32E+11,TUITION FEE,0,149000,0,0,0,0,0,0,0,
236660,27-07-2016,2016-2017,2016-2017,AIE,RCPT,747269,16CCME101151,16CCME101151,Alumni,General,School of Mechanical Engineering,B.Tech/B.Tech (Hons) Mechanical Engineering,School of Mechanical Engineering,ME 2016-2017 IV Sem VIII,2.32E+11,Exam Fee,0,10000,0,0,0,0,0,0,0,
236661,27-07-2016,2016-2017,2016-2017,AIE,RCPT,774092,15CCCE101606,15CCCE101606,Alumni,General,School of Computing Science & Engineering,B.Tech/B.Tech (Hons) Computer Science Engineering,School of Computing Science,B.Tech in CSE 2015-16 V Sem IX,2.22E+11,Library BookC Recieved,0,300,0,0,0,0,0,0,0,
236662,27-07-2016,2016-2017,2016-2017,AIE,RCPT,767352,15CCCE203017,15CCCE203017,Alumni,General,School of Computing Science & Engineering,MCA,School of Computing Science,MCA 2015 - 16 III Sem VI,2.22E+11,Library BookC Recieved,0,600,0,0,0,0,0,0,0,
236663,27-07-2016,2016-2017,2016-2017,AIE,RCPT,767359,15CCCE203016,15CCCE203016,Alumni,General,School of Computing Science & Engineering,MCA,School of Computing Science,MCA 2015 - 16 III Sem VI,2.22E+11,Library BookC Recieved,0,600,0,0,0,0,0,0,0,
236664,27-07-2016,2016-2017,2016-2017,AIE,RCPT,797854,16CMCC201006,16CMCC201006,Alumni,General,School of Media & Communication Studies,MA Journalism & Mass Communication,School of Media & Communication Studies,MJMC 2014-2015 II Sem IV,1.52E+11,TUITION FEE,0,77000,0,0,0,0,0,0,0,
236665,27-07-2016,2016-2017,2016-2017,AIE,RCPT,797854,16CMCC201006,16CMCC201006,Alumni,General,School of Media & Communication Studies,MA Journalism & Mass Communication,School of Media & Communication Studies,MJMC 2014-2015 II Sem IV,1.52E+11,Exam Fee,0,10000,0,0,0,0,0,0,0,
236666,27-07-2016,2016-2017,2016-2017,AIE,RCPT,780423,15CCCE101306,15CCCE101306,Alumni,General,School of Computing Science & Engineering,B.Tech/B.Tech (Hons) Computer Science Engineering,School of Computing Science,B.Tech in CSE 2015-16 IV Sem VIII,2.22E+11,Library BookC Recieved,0,300,0,0,0,0,0,0,0,
236667,27-07-2016,2016-2017,2016-2017,AIE,RCPT,780322,15CCCE101310,15CCCE101310,Alumni,General,School of Computing Science & Engineering,B.Tech/B.Tech (Hons) Computer Science Engineering,School of Computing Science,B.Tech in CSE 2015-16 V Sem IX,2.22E+11,Library BookC Recieved,0,300,0,0,0,0,0,0,0,
236668,27-07-2016,2016-2017,2016-2017,AIE,RCPT,817067,15GCOL102076,15GCOL102076,Active,General,School of Law,Integrated BA + LLB (Hons.),School of Law,BALLB 2016-2017 V SEM X,1.92E+11,Exam Fee (Back Paper),0,1500,0,0,0,0,0,0,0,
236669,27-07-2016,2016-2017,2016-2017,AIE,RCPT,767312,15CCCE203022,15CCCE203022,Alumni,General,School of Computing Science & Engineering,MCA,School of Computing Science,MCA 2015 - 16 III Sem VI,2.22E+11,Library BookC Recieved,0,600,0,0,0,0,0,0,0,
236670,27-07-2016,2016-2017,2016-2017,AIE,RCPT,767318,15CCCE203021,15CCCE203021,Alumni,General,School of Computing Science & Engineering,MCA,School of Computing Science,MCA 2015 - 16 III Sem VI,2.22E+11,Library BookC Recieved,0,600,0,0,0,0,0,0,0,
236671,27-07-2016,2016-2017,2016-2017,AIE,RCPT,767328,15CCCE203020,15CCCE203020,Alumni,General,School of Computing Science & Engineering,MCA,School of Computing Science,MCA 2015 - 16 III Sem VI,2.22E+11,Library BookC Recieved,0,600,0,0,0,0,0,0,0,
236672,27-07-2016,2016-2017,2016-2017,AIE,RCPT,777625,15CCCE101444,15CCCE101444,Alumni,General,School of Computing Science & Engineering,B.Tech/B.Tech (Hons) Computer Science Engineering,School of Computing Science,B.Tech in CSE 2015-16 V Sem IX,2.22E+11,Library BookC Recieved,0,300,0,0,0,0,0,0,0,
236673,27-07-2016,2016-2017,2016-2017,AIE,RCPT,775283,15CCCE101554,15CCCE101554,Alumni,General,School of Computing Science & Engineering,B.Tech/B.Tech (Hons) Computer Science Engineering,School of Computing Science,B.Tech in CSE 2015-16 V Sem IX,2.22E+11,Library BookC Recieved,0,300,0,0,0,0,0,0,0,
236674,27-07-2016,2016-2017,2016-2017,AIE,RCPT,767365,15CCCE203015,15CCCE203015,Alumni,General,School of Computing Science & Engineering,MCA,School of Computing Science,MCA 2015 - 16 III Sem VI,2.22E+11,Library BookC Recieved,0,600,0,0,0,0,0,0,0,
236675,27-07-2016,2016-2017,2016-2017,AIE,RCPT,812993,15Ccme101107,15Ccme101107,No Information,General,School of Mechanical Engineering,B.Tech/B.Tech (Hons) Mechanical Engineering,School of Mechanical Engineering,B.Tech/B.Tech (Hons) Mechanical Engineering 2017-2018 II Sem IV,2.32E+11,Fine Fee,0,1000,0,0,0,0,0,0,0,
236676,27-07-2016,2016-2017,2016-2017,AIE,RCPT,812993,15Ccme101107,15Ccme101107,No Information,General,School of Mechanical Engineering,B.Tech/B.Tech (Hons) Mechanical Engineering,School of Mechanical Engineering,B.Tech/B.Tech (Hons) Mechanical Engineering 2017-2018 II Sem IV,2.32E+11,Tuition Fee (Back Paper),0,1800,0,0,0,0,0,0,0,
236677,27-07-2016,2016-2017,2016-2017,AIE,RCPT,812993,15Ccme101107,15Ccme101107,No Information,General,School of Mechanical Engineering,B.Tech/B.Tech (Hons) Mechanical Engineering,School of Mechanical Engineering,B.Tech/B.Tech (Hons) Mechanical Engineering 2017-2018 II Sem IV,2.32E+11,Exam Fee (Back Paper),0,500,0,0,0,0,0,0,0,
236678,27-07-2016,2016-2017,2016-2017,AIE,RCPT,767385,15CCCE203012,15CCCE203012,Alumni,General,School of Computing Science & Engineering,MCA,School of Computing Science,MCA 2015 - 16 III Sem VI,2.22E+11,Library BookC Recieved,0,600,0,0,0,0,0,0,0,
236679,27-07-2016,2016-2017,2016-2017,AIE,RCPT,767392,15CCCE203011,15CCCE203011,Alumni,General,School of Computing Science & Engineering,MCA,School of Computing Science,MCA 2015 - 16 III Sem VI,2.22E+11,Library BookC Recieved,0,600,0,0,0,0,0,0,0,
236680,27-07-2016,2016-2017,2016-2017,AIE,RCPT,767398,15CCCE203010,15CCCE203010,Alumni,General,School of Computing Science & Engineering,MCA,School of Computing Science,MCA 2015 - 16 III Sem VI,2.22E+11,Library BookC Recieved,0,600,0,0,0,0,0,0,0,
236681,27-07-2016,2016-2017,2016-2017,AIE,RCPT,781352,15CCCE101263,15CCCE101263,Alumni,General,School of Computing Science & Engineering,B.Tech/B.Tech (Hons) Computer Science Engineering,School of Computing Science,B.Tech in CSE 2015-16 V Sem IX,2.22E+11,Library BookC Recieved,0,300,0,0,0,0,0,0,0,
236682,27-07-2016,2016-2017,2016-2017,AIE,RCPT,829114,14CCCE101369,14CCCE101369,Alumni,General,School of Computing Science & Engineering,B.Tech/B.Tech (Hons) Computer Science Engineering,School of Computing Science,B.Tech in CSE 2014-15 IV Sem VIII,2.22E+11,Library BookC Recieved,0,400,0,0,0,0,0,0,0,
236683,27-07-2016,2016-2017,2016-2017,AIE,RCPT,807020,16CCCE105054,16CCCE105054,Alumni,General,School of Computing Science & Engineering,B.Tech (Hons) in Computer Science & Engineering with Specialization in Cloud Computing & Virtualizations,School of Computing Science,B.Tech in CSCC 2016-17 IV Sem VIII,2.22E+11,TUITION FEE,0,21000,0,0,0,0,0,0,0,
236684,27-07-2016,2016-2017,2016-2017,AIE,RCPT,775447,15CCCE101546,15CCCE101546,Alumni,General,School of Computing Science & Engineering,B.Tech/B.Tech (Hons) Computer Science Engineering,School of Computing Science,B.Tech in CSE 2015-16 V Sem IX,2.22E+11,Library BookC Recieved,0,300,0,0,0,0,0,0,0,
236685,27-07-2016,2016-2017,2016-2017,AIE,RCPT,767371,15CCCE203014,15CCCE203014,Alumni,General,School of Computing Science & Engineering,MCA,School of Computing Science,MCA 2015 - 16 III Sem VI,2.22E+11,Library BookC Recieved,0,600,0,0,0,0,0,0,0,
236686,27-07-2016,2016-2017,2016-2017,AIE,RCPT,774403,15CCCE101592,15CCCE101592,Alumni,General,School of Computing Science & Engineering,B.Tech/B.Tech (Hons) Computer Science Engineering,School of Computing Science,B.Tech in CSE 2015-16 V Sem IX,2.22E+11,Library BookC Recieved,0,300,0,0,0,0,0,0,0,
236687,27-07-2016,2016-2017,2016-2017,AIE,RCPT,767303,15CCCE203023,15CCCE203023,Alumni,General,School of Computing Science & Engineering,MCA,School of Computing Science,MCA 2015 - 16 III Sem VI,2.22E+11,Library BookC Recieved,0,600,0,0,0,0,0,0,0,
236688,27-07-2016,2016-2017,2016-2017,AIE,RCPT,767229,15CCCE203033,15CCCE203033,Alumni,General,School of Computing Science & Engineering,MCA,School of Computing Science,MCA 2015 - 16 III Sem VI,2.22E+11,Library BookC Recieved,0,600,0,0,0,0,0,0,0,
236689,27-07-2016,2016-2017,2016-2017,AIE,RCPT,767201,15CCCE203038,15CCCE203038,Alumni,General,School of Computing Science & Engineering,MCA,School of Computing Science,MCA 2015 - 16 III Sem VI,2.22E+11,Library BookC Recieved,0,600,0,0,0,0,0,0,0,
236690,27-07-2016,2016-2017,2016-2017,AIE,RCPT,767194,15CCCE203039,15CCCE203039,Alumni,General,School of Computing Science & Engineering,MCA,School of Computing Science,MCA 2015 - 16 III Sem VI,2.22E+11,Library BookC Recieved,0,600,0,0,0,0,0,0,0,
236691,27-07-2016,2016-2017,2016-2017,AIE,RCPT,767251,15CCCE203030,15CCCE203030,Alumni,General,School of Computing Science & Engineering,MCA,School of Computing Science,MCA 2015 - 16 III Sem VI,2.22E+11,Library BookC Recieved,0,600,0,0,0,0,0,0,0,
236692,27-07-2016,2016-2017,2016-2017,AIE,RCPT,780403,15CCCE101307,15CCCE101307,Alumni,General,School of Computing Science & Engineering,B.Tech/B.Tech (Hons) Computer Science Engineering,School of Computing Science,B.Tech in CSE 2015-16 V Sem IX,2.22E+11,Library BookC Recieved,0,300,0,0,0,0,0,0,0,
236693,27-07-2016,2016-2017,2016-2017,AIE,RCPT,774372,15CCCE101593,15CCCE101593,Alumni,General,School of Computing Science & Engineering,B.Tech/B.Tech (Hons) Computer Science Engineering,School of Computing Science,B.Tech in CSE 2015-16 V Sem IX,2.22E+11,Library BookC Recieved,0,300,0,0,0,0,0,0,0,
236694,27-07-2016,2016-2017,2016-2017,AIE,RCPT,767213,15CCCE203036,15CCCE203036,Alumni,General,School of Computing Science & Engineering,MCA,School of Computing Science,MCA 2015 - 16 III Sem VI,2.22E+11,Library BookC Recieved,0,300,0,0,0,0,0,0,0,
236695,27-07-2016,2016-2017,2016-2017,AIE,RCPT,767214,15CCCE203036,15CCCE203036,Alumni,General,School of Computing Science & Engineering,MCA,School of Computing Science,MCA 2015 - 16 III Sem VI,2.22E+11,Library BookC Recieved,0,300,0,0,0,0,0,0,0,
236696,27-07-2016,2016-2017,2016-2017,AIE,RCPT,828853,14CCCE101391,14CCCE101391,No Information,General,School of Computing Science & Engineering,B.Tech/B.Tech (Hons) Computer Science Engineering,School of Computing Science,B.Tech in CSE 2014-15 IV Sem VIII,2.22E+11,Library BookC Recieved,0,400,0,0,0,0,0,0,0,
236697,27-07-2016,2016-2017,2016-2017,AIE,RCPT,775318,15CCCE101552,15CCCE101552,Alumni,General,School of Computing Science & Engineering,B.Tech/B.Tech (Hons) Computer Science Engineering,School of Computing Science,B.Tech in CSE 2015-16 V Sem IX,2.22E+11,Library BookC Recieved,0,300,0,0,0,0,0,0,0,
236698,27-07-2016,2016-2017,2016-2017,AIE,RCPT,767186,15CCCE203040,15CCCE203040,Alumni,General,School of Computing Science & Engineering,MCA,School of Computing Science,MCA 2015 - 16 III Sem VI,2.22E+11,Library BookC Recieved,0,600,0,0,0,0,0,0,0,
236699,27-07-2016,2016-2017,2016-2017,AIE,RCPT,767289,15CCCE203025,15CCCE203025,Alumni,General,School of Computing Science & Engineering,MCA,School of Computing Science,MCA 2015 - 16 III Sem VI,2.22E+11,Library BookC Recieved,0,300,0,0,0,0,0,0,0,
236700,27-07-2016,2016-2017,2016-2017,AIE,RCPT,767296,15CCCE203024,15CCCE203024,Alumni,General,School of Computing Science & Engineering,MCA,School of Computing Science,MCA 2015 - 16 III Sem VI,2.22E+11,Library BookC Recieved,0,300,0,0,0,0,0,0,0,
236701,27-07-2016,2016-2017,2016-2017,AIE,RCPT,767297,15CCCE203024,15CCCE203024,Alumni,General,School of Computing Science & Engineering,MCA,School of Computing Science,MCA 2015 - 16 III Sem VI,2.22E+11,Library BookC Recieved,0,300,0,0,0,0,0,0,0,
236702,27-07-2016,2016-2017,2016-2017,AIE,RCPT,767170,15CCCE203042,15CCCE203042,Alumni,General,School of Computing Science & Engineering,MCA,School of Computing Science,MCA 2015 - 16 III Sem VI,2.22E+11,Library BookC Recieved,0,600,0,0,0,0,0,0,0,
236703,27-07-2016,2016-2017,2016-2017,AIE,RCPT,766478,15CECE103036,15CECE103036,Alumni,General,School of Electrical Electronics & Communication Engineering,B.Tech/B.Tech (Hons) Electronics & Communications Engineering,School of Electrical  Electronics,ELECTRONICS AND COMMUNICATION ENGINEERING-2015-16 V Sem IX,2.42E+11,Library BookC Recieved,0,300,0,0,0,0,0,0,0,
236704,27-07-2016,2016-2017,2016-2017,AIE,RCPT,767288,15CCCE203025,15CCCE203025,Alumni,General,School of Computing Science & Engineering,MCA,School of Computing Science,MCA 2015 - 16 III Sem VI,2.22E+11,Library BookC Recieved,0,300,0,0,0,0,0,0,0,
236705,27-07-2016,2016-2017,2016-2017,AIE,RCPT,823018,15GCCE101152,15GCCE101152,Alumni,General,School of Civil Engineering,B.Tech/B.Tech (Hons) Civil Engineering,School of Civil Engineering,B Tech Civil Engineering 2014-15 IV Sem VIII,2.32E+11,Fine Fee,0,4000,0,0,0,0,0,0,0,
236706,27-07-2016,2016-2017,2016-2017,AIE,RCPT,823018,15GCCE101152,15GCCE101152,Alumni,General,School of Civil Engineering,B.Tech/B.Tech (Hons) Civil Engineering,School of Civil Engineering,B Tech Civil Engineering 2014-15 IV Sem VIII,2.32E+11,Tuition Fee (Back Paper),0,7200,0,0,0,0,0,0,0,
236707,27-07-2016,2016-2017,2016-2017,AIE,RCPT,823018,15GCCE101152,15GCCE101152,Alumni,General,School of Civil Engineering,B.Tech/B.Tech (Hons) Civil Engineering,School of Civil Engineering,B Tech Civil Engineering 2014-15 IV Sem VIII,2.32E+11,Exam Fee (Back Paper),0,2000,0,0,0,0,0,0,0,
236708,27-07-2016,2016-2017,2016-2017,AIE,RCPT,767280,15CCCE203026,15CCCE203026,Alumni,General,School of Computing Science & Engineering,MCA,School of Computing Science,MCA 2015 - 16 III Sem VI,2.22E+11,Library BookC Recieved,0,600,0,0,0,0,0,0,0,
236709,27-07-2016,2016-2017,2016-2017,AIE,RCPT,767174,15CCCE203041,15CCCE203041,No Information,General,School of Computing Science & Engineering,MCA,School of Computing Science,MCA 2015 - 16 III Sem VI,2.22E+11,Library BookC Recieved,0,600,0,0,0,0,0,0,0,
236710,27-07-2016,2016-2017,2016-2017,AIE,RCPT,767405,15CCCE203009,15CCCE203009,Alumni,General,School of Computing Science & Engineering,MCA,School of Computing Science,MCA 2015 - 16 III Sem VI,2.22E+11,Library BookC Recieved,0,600,0,0,0,0,0,0,0,
236711,27-07-2016,2016-2017,2016-2017,AIE,RCPT,778082,15CCCE101420,15CCCE101420,Alumni,General,School of Computing Science & Engineering,B.Tech/B.Tech (Hons) Computer Science Engineering,School of Computing Science,B.Tech in CSE 2015-16 V Sem IX,2.22E+11,Library BookC Recieved,0,300,0,0,0,0,0,0,0,
236712,27-07-2016,2016-2017,2016-2017,AIE,RCPT,774120,15CCCE101605,15CCCE101605,Alumni,General,School of Computing Science & Engineering,B.Tech/B.Tech (Hons) Computer Science Engineering,School of Computing Science,B.Tech in CSE 2015-16 V Sem IX,2.22E+11,Library BookC Recieved,0,300,0,0,0,0,0,0,0,
236713,27-07-2016,2016-2017,2016-2017,AIE,RCPT,829325,14CCCE101346,14CCCE101346,Alumni,General,School of Computing Science & Engineering,B.Tech/B.Tech (Hons) Computer Science Engineering,School of Computing Science,B.Tech in CSE 2014-15 IV Sem VIII,2.22E+11,Library BookC Recieved,0,400,0,0,0,0,0,0,0,
236714,27-07-2016,2016-2017,2016-2017,AIE,RCPT,781118,15CCCE101274,15CCCE101274,Alumni,General,School of Computing Science & Engineering,B.Tech/B.Tech (Hons) Computer Science Engineering,School of Computing Science,B.Tech in CSE 2015-16 V Sem IX,2.22E+11,Library BookC Recieved,0,300,0,0,0,0,0,0,0,
236715,27-07-2016,2016-2017,2016-2017,AIE,RCPT,777708,15CCCE101439,15CCCE101439,Alumni,General,School of Electrical Electronics & Communication Engineering,B.Tech/B.Tech (Hons) Electrical Engineering,School of Electrical  Electronics,Electrical Engineering-2015-16 V Sem IX,2.42E+11,Library BookC Recieved,0,300,0,0,0,0,0,0,0,
236716,27-07-2016,2016-2017,2016-2017,AIE,RCPT,775658,15CCCE101536,15CCCE101536,Alumni,General,School of Computing Science & Engineering,B.Tech/B.Tech (Hons) Computer Science Engineering,School of Computing Science,B.Tech in CSE 2015-16 V Sem IX,2.22E+11,Library BookC Recieved,0,300,0,0,0,0,0,0,0,
236717,27-07-2016,2016-2017,2016-2017,AIE,RCPT,767622,15CCCE111013,15CCCE111013,Alumni,General,School of Computing Science & Engineering,BCA,School of Computing Science,BCA 2015-16 III Sem VI,2.22E+11,Library BookC Recieved,0,300,0,0,0,0,0,0,0,
236718,27-07-2016,2016-2017,2016-2017,AIE,RCPT,829301,14CCCE101349,14CCCE101349,Alumni,General,School of Computing Science & Engineering,B.Tech/B.Tech (Hons) Computer Science Engineering,School of Computing Science,B.Tech in CSE 2014-15 IV Sem VIII,2.22E+11,Library BookC Recieved,0,400,0,0,0,0,0,0,0,
236719,27-07-2016,2016-2017,2016-2017,AIE,RCPT,767588,15CCCE111017,15CCCE111017,No Information,General,School of Computing Science & Engineering,BCA,School of Computing Science,BCA 2016-17 II Sem IV,2.22E+11,Fine Fee,0,4000,0,0,0,0,0,0,0,
236720,27-07-2016,2016-2017,2016-2017,AIE,RCPT,767588,15CCCE111017,15CCCE111017,No Information,General,School of Computing Science & Engineering,BCA,School of Computing Science,BCA 2016-17 II Sem IV,2.22E+11,Tuition Fee (Back Paper),0,7200,0,0,0,0,0,0,0,
236721,27-07-2016,2016-2017,2016-2017,AIE,RCPT,767588,15CCCE111017,15CCCE111017,No Information,General,School of Computing Science & Engineering,BCA,School of Computing Science,BCA 2016-17 II Sem IV,2.22E+11,Exam Fee (Back Paper),0,2000,0,0,0,0,0,0,0,
236722,27-07-2016,2016-2017,2016-2017,AIE,RCPT,760003,16GCCE101104,16GCCE101104,Alumni,General,School of Civil Engineering,B.Tech/B.Tech (Hons) Civil Engineering,School of Civil Engineering,B Tech Civil Engineering 2016-17 IV Sem VIII,3.12E+11,TUITION FEE,0,149000,0,0,0,0,0,0,0,
236723,27-07-2016,2016-2017,2016-2017,AIE,RCPT,760003,16GCCE101104,16GCCE101104,Alumni,General,School of Civil Engineering,B.Tech/B.Tech (Hons) Civil Engineering,School of Civil Engineering,B Tech Civil Engineering 2016-17 IV Sem VIII,3.12E+11,Exam Fee,0,10000,0,0,0,0,0,0,0,
236724,27-07-2016,2016-2017,2016-2017,AIE,RCPT,767616,15CCCE111014,15CCCE111014,Active,General,School of Computing Science & Engineering,Integrated BCA + MCA,School of Computing Science,BCA + MCA 2015-2016 V Sem X,2.22E+11,Library BookC Recieved,0,300,0,0,0,0,0,0,0,
236725,27-07-2016,2016-2017,2016-2017,AIE,RCPT,807700,16CcCe104116,16CcCe104116,Withdrawn,General,School of Computing Science & Engineering,BCA,School of Computing Science,BCA 2016-17 III Sem V,2.22E+11,Library BookC Recieved,0,300,0,0,0,0,0,0,0,
236726,27-07-2016,2016-2017,2016-2017,AIE,RCPT,751816,16GCOL102076,16GCOL102076,Active,General,School of Law,Integrated BA + LLB (Hons.),School of Law,BALLB 2016-2017 V SEM X,1.92E+11,TUITION FEE,0,15000,0,0,0,0,0,0,0,
236727,27-07-2016,2016-2017,2016-2017,AIE,RCPT,751816,16GCOL102076,16GCOL102076,Active,General,School of Law,Integrated BA + LLB (Hons.),School of Law,BALLB 2016-2017 V SEM X,1.92E+11,Exam Fee,0,10000,0,0,0,0,0,0,0,
236728,27-07-2016,2016-2017,2016-2017,AIE,RCPT,807723,16CcCe104114,16CcCe104114,Withdrawn,General,School of Computing Science & Engineering,BCA,School of Computing Science,BCA 2016-17 III Sem V,2.22E+11,Fine Fee,0,3000,0,0,0,0,0,0,0,
236729,27-07-2016,2016-2017,2016-2017,AIE,RCPT,807723,16CcCe104114,16CcCe104114,Withdrawn,General,School of Computing Science & Engineering,BCA,School of Computing Science,BCA 2016-17 III Sem V,2.22E+11,Tuition Fee (Back Paper),0,5400,0,0,0,0,0,0,0,
236730,27-07-2016,2016-2017,2016-2017,AIE,RCPT,807723,16CcCe104114,16CcCe104114,Withdrawn,General,School of Computing Science & Engineering,BCA,School of Computing Science,BCA 2016-17 III Sem V,2.22E+11,Exam Fee (Back Paper),0,1500,0,0,0,0,0,0,0,
236731,27-07-2016,2016-2017,2016-2017,AIE,RCPT,775721,15CCCE101534,15CCCE101534,Alumni,General,School of Computing Science & Engineering,B.Tech/B.Tech (Hons) Computer Science Engineering,School of Computing Science,B.Tech in CSE 2015-16 V Sem IX,2.22E+11,Library BookC Recieved,0,300,0,0,0,0,0,0,0,
236732,27-07-2016,2016-2017,2016-2017,AIE,RCPT,775748,15CCCE101532,15CCCE101532,No Information,General,School of Computing Science & Engineering,B.Tech/B.Tech (Hons) Computer Science Engineering,School of Computing Science,B.Tech in CSE 2015-16 III Sem VI,2.22E+11,Library BookC Recieved,0,300,0,0,0,0,0,0,0,
236733,27-07-2016,2016-2017,2016-2017,AIE,RCPT,774492,15CCCE101589,15CCCE101589,Alumni,General,School of Computing Science & Engineering,B.Tech/B.Tech (Hons) Computer Science Engineering,School of Computing Science,B.Tech in CSE 2015-16 IV Sem VIII,2.22E+11,Library BookC Recieved,0,300,0,0,0,0,0,0,0,
236734,27-07-2016,2016-2017,2016-2017,AIE,RCPT,775688,15CCCE101535,15CCCE101535,Alumni,General,School of Computing Science & Engineering,B.Tech/B.Tech (Hons) Computer Science Engineering,School of Computing Science,B.Tech in CSE 2015-16 IV Sem VIII,2.22E+11,Library BookC Recieved,0,300,0,0,0,0,0,0,0,
236735,27-07-2016,2016-2017,2016-2017,AIE,RCPT,807719,16CcCe104114,16CcCe104114,Withdrawn,General,School of Computing Science & Engineering,BCA,School of Computing Science,BCA 2016-17 III Sem V,2.22E+11,Library Fine Fee,0,300,0,0,0,0,0,0,0,
236736,27-07-2016,2016-2017,2016-2017,AIE,RCPT,807711,16CcCe104115,16CcCe104115,Cancelled,General,School of Computing Science & Engineering,BCA,School of Computing Science,BCA 2016-17 III Sem V,2.32E+11,Fine Fee,0,5000,0,0,0,0,0,0,0,
236737,27-07-2016,2016-2017,2016-2017,AIE,RCPT,807711,16CcCe104115,16CcCe104115,Cancelled,General,School of Computing Science & Engineering,BCA,School of Computing Science,BCA 2016-17 III Sem V,2.32E+11,Tuition Fee (Back Paper),0,9000,0,0,0,0,0,0,0,
236738,27-07-2016,2016-2017,2016-2017,AIE,RCPT,807711,16CcCe104115,16CcCe104115,Cancelled,General,School of Computing Science & Engineering,BCA,School of Computing Science,BCA 2016-17 III Sem V,2.32E+11,Exam Fee (Back Paper),0,2500,0,0,0,0,0,0,0,
236739,27-07-2016,2016-2017,2016-2017,AIE,RCPT,767649,15CCCE111011,15CCCE111011,Alumni,General,School of Computing Science & Engineering,Integrated BCA + MCA,School of Computing Science,BCA + MCA 2015-2016 V Sem X,2.22E+11,Library BookC Recieved,0,300,0,0,0,0,0,0,0,
236740,27-07-2016,2016-2017,2016-2017,AIE,RCPT,747284,16CCME101150,16CCME101150,Alumni,General,School of Mechanical Engineering,B.Tech/B.Tech (Hons) Mechanical Engineering,School of Mechanical Engineering,ME 2016-2017 IV Sem VIII,2.32E+11,TUITION FEE,0,79000,0,0,0,0,0,0,0,
236741,27-07-2016,2016-2017,2016-2017,AIE,RCPT,747284,16CCME101150,16CCME101150,Alumni,General,School of Mechanical Engineering,B.Tech/B.Tech (Hons) Mechanical Engineering,School of Mechanical Engineering,ME 2016-2017 IV Sem VIII,2.32E+11,Exam Fee,0,10000,0,0,0,0,0,0,0,
236742,27-07-2016,2016-2017,2016-2017,AIE,RCPT,750943,16GCOL103067,16GCOL103067,Active,General,School of Law,Integrated BBA + LLB (Hons.),School of Law,BBALLB 2016-2017 V SEM X,1.92E+11,TUITION FEE,0,40000,0,0,0,0,0,0,0,
236743,27-07-2016,2016-2017,2016-2017,AIE,RCPT,750943,16GCOL103067,16GCOL103067,Active,General,School of Law,Integrated BBA + LLB (Hons.),School of Law,BBALLB 2016-2017 V SEM X,1.92E+11,Exam Fee,0,10000,0,0,0,0,0,0,0,
236744,27-07-2016,2016-2017,2016-2017,AIE,RCPT,767143,15CCCE203046,15CCCE203046,Alumni,General,School of Computing Science & Engineering,MCA,School of Computing Science,MCA 2015 - 16 III Sem VI,2.22E+11,Library BookC Recieved,0,600,0,0,0,0,0,0,0,
236745,27-07-2016,2016-2017,2016-2017,AIE,RCPT,767426,15CCCE203006,15CCCE203006,Alumni,General,School of Computing Science & Engineering,MCA,School of Computing Science,MCA 2015 - 16 III Sem VI,2.22E+11,Library BookC Recieved,0,300,0,0,0,0,0,0,0,
236746,27-07-2016,2016-2017,2016-2017,AIE,RCPT,781382,15CCCE101262,15CCCE101262,Alumni,General,School of Computing Science & Engineering,B.Tech/B.Tech (Hons) Computer Science Engineering,School of Computing Science,B.Tech in CSE 2015-16 V Sem IX,2.22E+11,Library BookC Recieved,0,300,0,0,0,0,0,0,0,
236747,27-07-2016,2016-2017,2016-2017,AIE,RCPT,807141,16CCCE105046,16CCCE105046,Alumni,General,School of Computing Science & Engineering,B.Tech (Hons) in Computer Science & Engineering with Specialization in Cloud Computing & Virtualizations,School of Computing Science,B.Tech in CSCC 2016-17 IV Sem VIII,2.22E+11,TUITION FEE,0,21000,0,0,0,0,0,0,0,
236748,27-07-2016,2016-2017,2016-2017,AIE,RCPT,780249,15CCCE101314,15CCCE101314,Alumni,General,School of Computing Science & Engineering,B.Tech/B.Tech (Hons) Computer Science Engineering,School of Computing Science,B.Tech in CSE 2015-16 V Sem IX,2.22E+11,Library BookC Recieved,0,300,0,0,0,0,0,0,0,
236749,27-07-2016,2016-2017,2016-2017,AIE,RCPT,798775,16CMCC101060,16CMCC101060,Alumni,General,School of Media & Communication Studies,BA Journalism & Mass Communication,School of Media & Communication Studies,BJMC 2014-2015 IV Sem VII,1.52E+11,TUITION FEE,0,77000,0,0,0,0,0,0,0,
236750,27-07-2016,2016-2017,2016-2017,AIE,RCPT,798775,16CMCC101060,16CMCC101060,Alumni,General,School of Media & Communication Studies,BA Journalism & Mass Communication,School of Media & Communication Studies,BJMC 2014-2015 IV Sem VII,1.52E+11,Exam Fee,0,10000,0,0,0,0,0,0,0,
236751,27-07-2016,2016-2017,2016-2017,AIE,RCPT,767418,15CCCE203007,15CCCE203007,Alumni,General,School of Computing Science & Engineering,MCA,School of Computing Science,MCA 2015 - 16 III Sem VI,2.22E+11,Library BookC Recieved,0,600,0,0,0,0,0,0,0,
236752,27-07-2016,2016-2017,2016-2017,,RCPT,829140,14CCCE101367,14CCCE101367,Alumni,General,School of Computing Science & Engineering,B.Tech/B.Tech (Hons) Computer Science Engineering,School of Computing Science,B.Tech in CSE 2014-15 IV Sem VIII,2.22E+11,Fine Fee,0,5000,0,0,0,0,0,0,0,
236753,27-07-2016,2016-2017,2016-2017,,RCPT,829140,14CCCE101367,14CCCE101367,Alumni,General,School of Computing Science & Engineering,B.Tech/B.Tech (Hons) Computer Science Engineering,School of Computing Science,B.Tech in CSE 2014-15 IV Sem VIII,2.22E+11,Tuition Fee (Back Paper),0,9000,0,0,0,0,0,0,0,
236754,27-07-2016,2016-2017,2016-2017,,RCPT,829140,14CCCE101367,14CCCE101367,Alumni,General,School of Computing Science & Engineering,B.Tech/B.Tech (Hons) Computer Science Engineering,School of Computing Science,B.Tech in CSE 2014-15 IV Sem VIII,2.22E+11,Exam Fee (Back Paper),0,2500,0,0,0,0,0,0,0,
236755,27-07-2016,2016-2017,2016-2017,AIE,RCPT,780270,15CCCE101313,15CCCE101313,Alumni,General,School of Computing Science & Engineering,B.Tech/B.Tech (Hons) Computer Science Engineering,School of Computing Science,B.Tech in CSE 2015-16 V Sem IX,2.22E+11,Library BookC Recieved,0,300,0,0,0,0,0,0,0,
236756,27-07-2016,2016-2017,2016-2017,AIE,RCPT,797557,16COCE107017,16COCE107017,No Information,General,School of Chemical Engineering,B.Tech/B.Tech (Hons) Chemical Engineering,School of Chemical Engineering,BTech Chemical Engineering 2016-2017 II Sem IV,2.82E+11,TUITION FEE,0,149000,0,0,0,0,0,0,0,
236757,27-07-2016,2016-2017,2016-2017,AIE,RCPT,767427,15CCCE203006,15CCCE203006,Alumni,General,School of Computing Science & Engineering,MCA,School of Computing Science,MCA 2015 - 16 III Sem VI,2.22E+11,Library BookC Recieved,0,300,0,0,0,0,0,0,0,
236758,27-07-2016,2016-2017,2016-2017,AIE,RCPT,775539,15CCCE101543,15CCCE101543,Alumni,General,School of Computing Science & Engineering,B.Tech/B.Tech (Hons) Computer Science Engineering,School of Computing Science,B.Tech in CSE 2015-16 V Sem IX,2.22E+11,Library BookC Recieved,0,300,0,0,0,0,0,0,0,
236759,27-07-2016,2016-2017,2016-2017,AIE,RCPT,778607,15CCCE101396,15CCCE101396,Alumni,General,School of Computing Science & Engineering,B.Tech/B.Tech (Hons) Computer Science Engineering,School of Computing Science,B.Tech in CSE 2015-16 V Sem IX,2.22E+11,Library BookC Recieved,0,300,0,0,0,0,0,0,0,
236760,27-07-2016,2016-2017,2016-2017,AIE,RCPT,767436,15CCCE203004,15CCCE203004,Alumni,General,School of Computing Science & Engineering,MCA,School of Computing Science,MCA 2015 - 16 III Sem VI,2.22E+11,Library BookC Recieved,0,300,0,0,0,0,0,0,0,
236761,27-07-2016,2016-2017,2016-2017,AIE,RCPT,767447,15CCCE203002,15CCCE203002,Alumni,General,School of Computing Science & Engineering,MCA,School of Computing Science,MCA 2015 - 16 III Sem VI,2.22E+11,Library BookC Recieved,0,300,0,0,0,0,0,0,0,
236762,27-07-2016,2016-2017,2016-2017,AIE,RCPT,767448,15CCCE203002,15CCCE203002,Alumni,General,School of Computing Science & Engineering,MCA,School of Computing Science,MCA 2015 - 16 III Sem VI,2.22E+11,Library BookC Recieved,0,300,0,0,0,0,0,0,0,
236763,27-07-2016,2016-2017,2016-2017,AIE,RCPT,764935,15CMAC102039,15CMAC102039,Alumni,General,School of Medical and Allied Sciences,Bachelor of Pharmacy,School of Medical and Allied Sciences,B.Pharm 2015-16 V Sem IX,2.12E+11,Ajustable_Excess_Amount,0,11,0,0,0,0,0,0,0,
236764,27-07-2016,2016-2017,2016-2017,AIE,RCPT,764935,15CMAC102039,15CMAC102039,Alumni,General,School of Medical and Allied Sciences,Bachelor of Pharmacy,School of Medical and Allied Sciences,B.Pharm 2015-16 V Sem IX,2.12E+11,Fine Fee,0,189,0,0,0,0,0,0,0,
236765,27-07-2016,2016-2017,2016-2017,AIE,RCPT,764935,15CMAC102039,15CMAC102039,Alumni,General,School of Medical and Allied Sciences,Bachelor of Pharmacy,School of Medical and Allied Sciences,B.Pharm 2015-16 V Sem IX,2.12E+11,Library BookC Recieved,0,300,0,0,0,0,0,0,0,
236766,27-07-2016,2016-2017,2016-2017,AIE,RCPT,813298,15CCME101069,15CCME101069,Alumni,General,School of Mechanical Engineering,B.Tech/B.Tech (Hons) Mechanical Engineering,School of Mechanical Engineering,ME 2015-2016 V Sem IX,2.32E+11,Library BookC Recieved,0,300,0,0,0,0,0,0,0,
236767,27-07-2016,2016-2017,2016-2017,CCAB,RCPT,829012,14CCCE101378,14CCCE101378,Alumni,General,School of Computing Science & Engineering,B.Tech/B.Tech (Hons) Computer Science Engineering,School of Computing Science,B.Tech in CSE 2014-15 IV Sem VIII,2.22E+11,Library Fine Fee,0,400,0,0,0,0,0,0,0,
236768,27-07-2016,2016-2017,2016-2017,AIE,RCPT,767435,15CCCE203004,15CCCE203004,Alumni,General,School of Computing Science & Engineering,MCA,School of Computing Science,MCA 2015 - 16 III Sem VI,2.22E+11,Library BookC Recieved,0,300,0,0,0,0,0,0,0,
236769,27-07-2016,2016-2017,2016-2017,AIE,RCPT,855369,13CCME101044,13CCME101044,No Information,General,School of Mechanical Engineering,B.Tech/B.Tech (Hons) Mechanical Engineering,School of Mechanical Engineering,B.Tech/B.Tech (Hons) Mechanical Engineering 2017-2018 IV Sem VIII,2.32E+11,Fine Fee,0,8000,0,0,0,0,0,0,0,
236770,27-07-2016,2016-2017,2016-2017,AIE,RCPT,829436,14CCCE101336,14CCCE101336,Alumni,General,School of Computing Science & Engineering,B.Tech/B.Tech (Hons) Computer Science Engineering,School of Computing Science,B.Tech in CSE 2014-15 IV Sem VIII,2.22E+11,Library BookC Recieved,0,400,0,0,0,0,0,0,0,
236771,27-07-2016,2016-2017,2016-2017,AIE,RCPT,768213,15CCCE107034,15CCCE107034,Alumni,General,School of Computing Science & Engineering,B.Tech (Hons) in Computer Science & Engineering with Specialization in Business Analytics,School of Computing Science,B.Tech in CSBA 2015-16 V Sem IX,2.22E+11,Library BookC Recieved,0,300,0,0,0,0,0,0,0,
236772,27-07-2016,2016-2017,2016-2017,AIE,RCPT,799371,16CMAC102057,16CMAC102057,Alumni,General,School of Medical and Allied Sciences,Bachelor of Pharmacy,School of Medical and Allied Sciences,B.Pharm 2015-16 IV Sem VIII,2.12E+11,TUITION FEE,0,100000,0,0,0,0,0,0,0,
236773,27-07-2016,2016-2017,2016-2017,AIE,RCPT,799371,16CMAC102057,16CMAC102057,Alumni,General,School of Medical and Allied Sciences,Bachelor of Pharmacy,School of Medical and Allied Sciences,B.Pharm 2015-16 IV Sem VIII,2.12E+11,Exam Fee,0,10000,0,0,0,0,0,0,0,
236774,27-07-2016,2016-2017,2016-2017,AIE,RCPT,753794,16GCOB201115,16GCOB201115,Alumni,General,School of Business,MBA in dual specialization ,School of Business,MBA 2016-2017 II Sem IV,1.32E+11,TUITION FEE,0,149000,0,0,0,0,0,0,0,
236775,27-07-2016,2016-2017,2016-2017,AIE,RCPT,753794,16GCOB201115,16GCOB201115,Alumni,General,School of Business,MBA in dual specialization ,School of Business,MBA 2016-2017 II Sem IV,1.32E+11,Exam Fee,0,10000,0,0,0,0,0,0,0,
236776,27-07-2016,2016-2017,2016-2017,AIE,RCPT,782951,15CCCE101189,15CCCE101189,Alumni,General,School of Computing Science & Engineering,B.Tech/B.Tech (Hons) Computer Science Engineering,School of Computing Science,B.Tech in CSE 2015-16 V Sem IX,2.22E+11,Library BookC Recieved,0,300,0,0,0,0,0,0,0,
236777,27-07-2016,2016-2017,2016-2017,AIE,RCPT,782970,15CCCE101188,15CCCE101188,No Information,General,School of Computing Science & Engineering,B.Tech/B.Tech (Hons) Computer Science Engineering,School of Computing Science,B.Tech in CSE 2016-17 II Sem IV,2.22E+11,Library BookC Recieved,0,300,0,0,0,0,0,0,0,
236778,27-07-2016,2016-2017,2016-2017,AIE,RCPT,782928,15CCCE101190,15CCCE101190,Alumni,General,School of Computing Science & Engineering,B.Tech/B.Tech (Hons) Computer Science Engineering,School of Computing Science,B.Tech in CSE 2015-16 IV Sem VIII,2.22E+11,Library BookC Recieved,0,300,0,0,0,0,0,0,0,
236779,27-07-2016,2016-2017,2016-2017,AIE,RCPT,779897,15CCCE101333,15CCCE101333,Alumni,General,School of Computing Science & Engineering,B.Tech/B.Tech (Hons) Computer Science Engineering,School of Computing Science,B.Tech in CSE 2015-16 V Sem IX,2.22E+11,Library BookC Recieved,0,300,0,0,0,0,0,0,0,
236780,27-07-2016,2016-2017,2016-2017,AIE,RCPT,819713,15GCCE101174,15GCCE101174,Alumni,General,School of Civil Engineering,B.Tech/B.Tech (Hons) Civil Engineering,School of Civil Engineering,B Tech Civil Engineering 2015-16 V Sem IX,3.12E+11,Library Fine Fee,0,700,0,0,0,0,0,0,0,
236781,27-07-2016,2016-2017,2016-2017,AIE,RCPT,799363,16CMAC102058,16CMAC102058,Alumni,General,School of Medical and Allied Sciences,Bachelor of Pharmacy,School of Medical and Allied Sciences,B.Pharm 2015-16 IV Sem VIII,2.12E+11,TUITION FEE,0,100000,0,0,0,0,0,0,0,
236782,27-07-2016,2016-2017,2016-2017,AIE,RCPT,799363,16CMAC102058,16CMAC102058,Alumni,General,School of Medical and Allied Sciences,Bachelor of Pharmacy,School of Medical and Allied Sciences,B.Pharm 2015-16 IV Sem VIII,2.12E+11,Exam Fee,0,10000,0,0,0,0,0,0,0,
236783,27-07-2016,2016-2017,2016-2017,AIE,RCPT,768516,15CCCE107006,15CCCE107006,Alumni,General,School of Computing Science & Engineering,B.Tech (Hons) in Computer Science & Engineering with Specialization in Business Analytics,School of Computing Science,B.Tech in CSBA 2015-16 V Sem IX,2.22E+11,Library BookC Recieved,0,300,0,0,0,0,0,0,0,
236784,27-07-2016,2016-2017,2016-2017,AIE,RCPT,819917,15GCCE101144,15GCCE101144,No Information,General,School of Civil Engineering,B.Tech/B.Tech (Hons) Civil Engineering,School of Civil Engineering,B Tech Civil Engineering 2015-16 III Sem VI,3.12E+11,Fine Fee,0,5000,0,0,0,0,0,0,0,
236785,27-07-2016,2016-2017,2016-2017,AIE,RCPT,819917,15GCCE101144,15GCCE101144,No Information,General,School of Civil Engineering,B.Tech/B.Tech (Hons) Civil Engineering,School of Civil Engineering,B Tech Civil Engineering 2015-16 III Sem VI,3.12E+11,Tuition Fee (Back Paper),0,9000,0,0,0,0,0,0,0,
236786,27-07-2016,2016-2017,2016-2017,AIE,RCPT,819917,15GCCE101144,15GCCE101144,No Information,General,School of Civil Engineering,B.Tech/B.Tech (Hons) Civil Engineering,School of Civil Engineering,B Tech Civil Engineering 2015-16 III Sem VI,3.12E+11,Exam Fee (Back Paper),0,2500,0,0,0,0,0,0,0,
236787,27-07-2016,2016-2017,2016-2017,AIE,RCPT,824079,14CMCC101008,14CMCC101008,Alumni,General,School of Media & Communication Studies,BA Journalism & Mass Communication,School of Media & Communication Studies,BA Journalism & Mass Communication 2017-2018 III Sem VI,1.52E+11,Fine Fee,0,1000,0,0,0,0,0,0,0,
236788,27-07-2016,2016-2017,2016-2017,AIE,RCPT,824079,14CMCC101008,14CMCC101008,Alumni,General,School of Media & Communication Studies,BA Journalism & Mass Communication,School of Media & Communication Studies,BA Journalism & Mass Communication 2017-2018 III Sem VI,1.52E+11,Tuition Fee (Back Paper),0,1800,0,0,0,0,0,0,0,
236789,27-07-2016,2016-2017,2016-2017,AIE,RCPT,824079,14CMCC101008,14CMCC101008,Alumni,General,School of Media & Communication Studies,BA Journalism & Mass Communication,School of Media & Communication Studies,BA Journalism & Mass Communication 2017-2018 III Sem VI,1.52E+11,Exam Fee (Back Paper),0,500,0,0,0,0,0,0,0,
236790,27-07-2016,2016-2017,2016-2017,AIE,RCPT,779875,15CCCE101335,15CCCE101335,Alumni,General,School of Computing Science & Engineering,B.Tech/B.Tech (Hons) Computer Science Engineering,School of Computing Science,B.Tech in CSE 2015-16 V Sem IX,2.22E+11,Library BookC Recieved,0,300,0,0,0,0,0,0,0,
236791,27-07-2016,2016-2017,2016-2017,AIE,RCPT,824171,14CMAC202006,14CMAC202006,Alumni,General,School of Medical and Allied Sciences,Masters Of Pharmacy (Pharmaceutics),School of Medical and Allied Sciences,Masters Of Pharmacy (Pharmaceutics) 2014-2015 II Sem IV,2.12E+11,Fine Fee,0,1996,0,0,0,0,0,0,0,
236792,27-07-2016,2016-2017,2016-2017,AIE,RCPT,824176,14CMAC202005,14CMAC202005,Alumni,General,School of Medical and Allied Sciences,Masters Of Pharmacy (Pharmaceutics),School of Medical and Allied Sciences,Masters Of Pharmacy (Pharmaceutics) 2014-2015 II Sem IV,2.12E+11,Fine Fee,0,1996,0,0,0,0,0,0,0,
236793,27-07-2016,2016-2017,2016-2017,AIE,RCPT,749398,16CBAC101043,16CBAC101043,Alumni,General,School of Basic & Applied Sciences,B.Sc.(Hons) Forensic Sciences,School of Basic,B.Sc.(Hons) Forensic Sciences IV Sem VII,1.82E+11,TUITION FEE,0,50000,0,0,0,0,0,0,0,
236794,27-07-2016,2016-2017,2016-2017,AIE,RCPT,749398,16CBAC101043,16CBAC101043,Alumni,General,School of Basic & Applied Sciences,B.Sc.(Hons) Forensic Sciences,School of Basic,B.Sc.(Hons) Forensic Sciences IV Sem VII,1.82E+11,Exam Fee,0,10000,0,0,0,0,0,0,0,
236795,27-07-2016,2016-2017,2016-2017,AIE,RCPT,753785,16GCOB201116,16GCOB201116,Alumni,General,School of Business,MBA in dual specialization ,School of Business,MBA 2016-2017 II Sem IV,1.32E+11,TUITION FEE,0,111750,0,0,0,0,0,0,0,
236796,27-07-2016,2016-2017,2016-2017,AIE,RCPT,753785,16GCOB201116,16GCOB201116,Alumni,General,School of Business,MBA in dual specialization ,School of Business,MBA 2016-2017 II Sem IV,1.32E+11,Exam Fee,0,10000,0,0,0,0,0,0,0,
236797,27-07-2016,2016-2017,2016-2017,AIE,RCPT,768578,15CCCE107001,15CCCE107001,Alumni,General,School of Computing Science & Engineering,B.Tech (Hons) in Computer Science & Engineering with Specialization in Business Analytics,School of Computing Science,B.Tech in CSBA 2015-16 V Sem IX,2.22E+11,Library BookC Recieved,0,300,0,0,0,0,0,0,0,
236798,27-07-2016,2016-2017,2016-2017,AIE,RCPT,819918,15GCCE101144,15GCCE101144,No Information,General,School of Civil Engineering,B.Tech/B.Tech (Hons) Civil Engineering,School of Civil Engineering,B Tech Civil Engineering 2015-16 III Sem VI,3.12E+11,Exam Fee (Back Paper),0,4500,0,0,0,0,0,0,0,
236799,27-07-2016,2016-2017,2016-2017,AIE,RCPT,780732,15CCCE101292,15CCCE101292,Alumni,General,School of Computing Science & Engineering,B.Tech/B.Tech (Hons) Computer Science Engineering,School of Computing Science,B.Tech in CSE 2015-16 V Sem IX,2.22E+11,Library BookC Recieved,0,300,0,0,0,0,0,0,0,
236800,27-07-2016,2016-2017,2016-2017,AIE,RCPT,782995,15CCCE101187,15CCCE101187,Alumni,General,School of Computing Science & Engineering,B.Tech/B.Tech (Hons) Computer Science Engineering,School of Computing Science,B.Tech in CSE 2015-16 V Sem IX,2.22E+11,Library BookC Recieved,0,300,0,0,0,0,0,0,0,
236801,27-07-2016,2016-2017,2016-2017,AIE,RCPT,799347,16CMAC102059,16CMAC102059,Alumni,General,School of Medical and Allied Sciences,Bachelor of Pharmacy,School of Medical and Allied Sciences,B.Pharm 2015-16 IV Sem VIII,2.12E+11,TUITION FEE,0,100000,0,0,0,0,0,0,0,
236802,27-07-2016,2016-2017,2016-2017,AIE,RCPT,799347,16CMAC102059,16CMAC102059,Alumni,General,School of Medical and Allied Sciences,Bachelor of Pharmacy,School of Medical and Allied Sciences,B.Pharm 2015-16 IV Sem VIII,2.12E+11,Exam Fee,0,10000,0,0,0,0,0,0,0,
236803,27-07-2016,2016-2017,2016-2017,AIE,RCPT,831636,14CCCE101100,14CCCE101100,Alumni,General,School of Computing Science & Engineering,B.Tech/B.Tech (Hons) Computer Science Engineering,School of Computing Science,B.Tech in CSE 2016-17 III Sem VI,2.22E+11,Library BookC Recieved,0,400,0,0,0,0,0,0,0,
236804,27-07-2016,2016-2017,2016-2017,AIE,RCPT,780027,15CCCE101327,15CCCE101327,Alumni,General,School of Computing Science & Engineering,B.Tech/B.Tech (Hons) Computer Science Engineering,School of Computing Science,B.Tech in CSE 2015-16 V Sem IX,2.22E+11,Library BookC Recieved,0,300,0,0,0,0,0,0,0,
236805,27-07-2016,2016-2017,2016-2017,AIE,RCPT,768504,15CCCE107007,15CCCE107007,Alumni,General,School of Computing Science & Engineering,B.Tech (Hons) in Computer Science & Engineering with Specialization in Business Analytics,School of Computing Science,B.Tech in CSBA 2015-16 V Sem IX,2.22E+11,Library BookC Recieved,0,300,0,0,0,0,0,0,0,
236806,27-07-2016,2016-2017,2016-2017,AIE,RCPT,822641,15CECE103084,15CECE103084,No Information,General,School of Electrical Electronics & Communication Engineering,B.Tech/B.Tech (Hons) Electronics & Communications Engineering,School of Electrical  Electronics,ELECTRONICS AND COMMUNICATION ENGINEERING-2014-15 IV Sem VIII,2.42E+11,Library BookC Recieved,0,300,0,0,0,0,0,0,0,
236807,27-07-2016,2016-2017,2016-2017,AIE,RCPT,817175,15GCOL102062,15GCOL102062,Active,General,School of Law,Integrated BA + LLB (Hons.),School of Law,BALLB 2016-2017 V SEM X,1.92E+11,Fine Fee,0,4000,0,0,0,0,0,0,0,
236808,27-07-2016,2016-2017,2016-2017,AIE,RCPT,817175,15GCOL102062,15GCOL102062,Active,General,School of Law,Integrated BA + LLB (Hons.),School of Law,BALLB 2016-2017 V SEM X,1.92E+11,Tuition Fee (Back Paper),0,7200,0,0,0,0,0,0,0,
236809,27-07-2016,2016-2017,2016-2017,AIE,RCPT,817175,15GCOL102062,15GCOL102062,Active,General,School of Law,Integrated BA + LLB (Hons.),School of Law,BALLB 2016-2017 V SEM X,1.92E+11,Exam Fee (Back Paper),0,2000,0,0,0,0,0,0,0,
236810,27-07-2016,2016-2017,2016-2017,AIE,RCPT,746033,16CCCE101020,16CCCE101020,Alumni,General,School of Computing Science & Engineering,B.Tech/B.Tech (Hons) Computer Science Engineering,School of Computing Science,B.Tech in CSE 2015-16 V Sem IX,2.22E+11,Library BookC Recieved,0,300,0,0,0,0,0,0,0,
236811,27-07-2016,2016-2017,2016-2017,AIE,RCPT,768484,15CCCE107009,15CCCE107009,Alumni,General,School of Computing Science & Engineering,B.Tech (Hons) in Computer Science & Engineering with Specialization in Business Analytics,School of Computing Science,B.Tech in CSBA 2015-16 V Sem IX,2.22E+11,TUITION FEE,0,170000,0,0,0,0,0,0,0,
236812,27-07-2016,2016-2017,2016-2017,AIE,RCPT,768484,15CCCE107009,15CCCE107009,Alumni,General,School of Computing Science & Engineering,B.Tech (Hons) in Computer Science & Engineering with Specialization in Business Analytics,School of Computing Science,B.Tech in CSBA 2015-16 V Sem IX,2.22E+11,Exam Fee,0,10000,0,0,0,0,0,0,0,
236813,27-07-2016,2016-2017,2016-2017,AIE,RCPT,782742,15CCCE101199,15CCCE101199,Alumni,General,School of Computing Science & Engineering,B.Tech/B.Tech (Hons) Computer Science Engineering,School of Computing Science,B.Tech in CSE 2015-16 V Sem IX,2.22E+11,Library BookC Recieved,0,300,0,0,0,0,0,0,0,
236814,27-07-2016,2016-2017,2016-2017,AIE,RCPT,831572,14CCCE101105,14CCCE101105,Alumni,General,School of Computing Science & Engineering,B.Tech/B.Tech (Hons) Computer Science Engineering,School of Computing Science,B.Tech in CSE 2014-15 IV Sem VIII,2.22E+11,Library BookC Recieved,0,400,0,0,0,0,0,0,0,
236815,27-07-2016,2016-2017,2016-2017,AIE,RCPT,822644,15CECE103084,15CECE103084,No Information,General,School of Electrical Electronics & Communication Engineering,B.Tech/B.Tech (Hons) Electronics & Communications Engineering,School of Electrical  Electronics,ELECTRONICS AND COMMUNICATION ENGINEERING-2014-15 IV Sem VIII,2.42E+11,Fine Fee,0,1000,0,0,0,0,0,0,0,
236816,27-07-2016,2016-2017,2016-2017,AIE,RCPT,822644,15CECE103084,15CECE103084,No Information,General,School of Electrical Electronics & Communication Engineering,B.Tech/B.Tech (Hons) Electronics & Communications Engineering,School of Electrical  Electronics,ELECTRONICS AND COMMUNICATION ENGINEERING-2014-15 IV Sem VIII,2.42E+11,Tuition Fee (Back Paper),0,1800,0,0,0,0,0,0,0,
236817,27-07-2016,2016-2017,2016-2017,AIE,RCPT,822644,15CECE103084,15CECE103084,No Information,General,School of Electrical Electronics & Communication Engineering,B.Tech/B.Tech (Hons) Electronics & Communications Engineering,School of Electrical  Electronics,ELECTRONICS AND COMMUNICATION ENGINEERING-2014-15 IV Sem VIII,2.42E+11,Exam Fee (Back Paper),0,500,0,0,0,0,0,0,0,
236818,27-07-2016,2016-2017,2016-2017,AIE,RCPT,774785,15CCCE101576,15CCCE101576,Alumni,General,School of Computing Science & Engineering,B.Tech/B.Tech (Hons) Computer Science Engineering,School of Computing Science,B.Tech in CSE 2015-16 V Sem IX,2.22E+11,Library BookC Recieved,0,300,0,0,0,0,0,0,0,
236819,27-07-2016,2016-2017,2016-2017,AIE,RCPT,831626,14CCCE101101,14CCCE101101,Alumni,General,School of Computing Science & Engineering,B.Tech/B.Tech (Hons) Computer Science Engineering,School of Computing Science,B.Tech in CSE 2014-15 IV Sem VIII,2.22E+11,Library BookC Recieved,0,300,0,0,0,0,0,0,0,
236820,27-07-2016,2016-2017,2016-2017,AIE,RCPT,841859,14GCOB102021,14GCOB102021,Withdrawn,General,School of Business,Integrated MBA (BBA+MBA),School of Business,Integrated MBA (BBA+MBA) 2014-15 V Sem IX,1.32E+11,Fine Fee,0,5000,0,0,0,0,0,0,0,
236821,27-07-2016,2016-2017,2016-2017,AIE,RCPT,841859,14GCOB102021,14GCOB102021,Withdrawn,General,School of Business,Integrated MBA (BBA+MBA),School of Business,Integrated MBA (BBA+MBA) 2014-15 V Sem IX,1.32E+11,Tuition Fee (Back Paper),0,9000,0,0,0,0,0,0,0,
236822,27-07-2016,2016-2017,2016-2017,AIE,RCPT,841859,14GCOB102021,14GCOB102021,Withdrawn,General,School of Business,Integrated MBA (BBA+MBA),School of Business,Integrated MBA (BBA+MBA) 2014-15 V Sem IX,1.32E+11,Exam Fee (Back Paper),0,3000,0,0,0,0,0,0,0,
236823,27-07-2016,2016-2017,2016-2017,AIE,SCHOLARSHIP,614024,16GCOB201116,16GCOB201116,Alumni,General,School of Business,MBA in dual specialization ,School of Business,MBA 2016-2017 II Sem IV,,TUITION FEE,0,0,0,37250,0,0,0,0,0,
236824,27-07-2016,2016-2017,2016-2017,AIE,RCPT,840800,14GCOH101007,14GCOH101007,No Information,General,School of Hospitality,B.Sc (Hotel Management),School of Hospitality,B.Sc (Hotel Management) 2017-2018 III Sem VI,2.02E+11,Fine Fee,0,1000,0,0,0,0,0,0,0,
236825,27-07-2016,2016-2017,2016-2017,AIE,RCPT,840800,14GCOH101007,14GCOH101007,No Information,General,School of Hospitality,B.Sc (Hotel Management),School of Hospitality,B.Sc (Hotel Management) 2017-2018 III Sem VI,2.02E+11,Tuition Fee (Back Paper),0,1800,0,0,0,0,0,0,0,
236826,27-07-2016,2016-2017,2016-2017,AIE,RCPT,840800,14GCOH101007,14GCOH101007,No Information,General,School of Hospitality,B.Sc (Hotel Management),School of Hospitality,B.Sc (Hotel Management) 2017-2018 III Sem VI,2.02E+11,Exam Fee (Back Paper),0,500,0,0,0,0,0,0,0,
236827,27-07-2016,2016-2017,2016-2017,AIE,RCPT,824043,14CMCC101013,14CMCC101013,No Information,General,School of Media & Communication Studies,BA Journalism & Mass Communication,School of Media & Communication Studies,BA Journalism & Mass Communication 2017-2018 III Sem VI,1.52E+11,Fine Fee,0,1000,0,0,0,0,0,0,0,
236828,27-07-2016,2016-2017,2016-2017,AIE,RCPT,824043,14CMCC101013,14CMCC101013,No Information,General,School of Media & Communication Studies,BA Journalism & Mass Communication,School of Media & Communication Studies,BA Journalism & Mass Communication 2017-2018 III Sem VI,1.52E+11,Tuition Fee (Back Paper),0,1800,0,0,0,0,0,0,0,
236829,27-07-2016,2016-2017,2016-2017,AIE,RCPT,824043,14CMCC101013,14CMCC101013,No Information,General,School of Media & Communication Studies,BA Journalism & Mass Communication,School of Media & Communication Studies,BA Journalism & Mass Communication 2017-2018 III Sem VI,1.52E+11,Exam Fee (Back Paper),0,500,0,0,0,0,0,0,0,
236830,27-07-2016,2016-2017,2016-2017,AIE,RCPT,764648,15CMAC105011,15CMAC105011,Alumni,General,School of Medical and Allied Sciences,B.Sc. Medical Lab Technology,School of Medical and Allied Sciences,B.Sc MLT 2015-16 III Sem VI,2.12E+11,Exam Fee (Back Paper),0,1500,0,0,0,0,0,0,0,
236831,27-07-2016,2016-2017,2016-2017,AIE,RCPT,780704,15CCCE101294,15CCCE101294,Alumni,General,School of Computing Science & Engineering,B.Tech/B.Tech (Hons) Computer Science Engineering,School of Computing Science,B.Tech in CSE 2015-16 V Sem IX,2.22E+11,Library BookC Recieved,0,300,0,0,0,0,0,0,0,
236832,27-07-2016,2016-2017,2016-2017,AIE,RCPT,842125,14GCOB101261,14GCOB101261,No Information,General,School of Business,Bachelor of Business Administration,School of Business,Bachelor of Business Administration 2015-16 III Sem VI,1.32E+11,Fine Fee,0,5000,0,0,0,0,0,0,0,
236833,27-07-2016,2016-2017,2016-2017,AIE,RCPT,842125,14GCOB101261,14GCOB101261,No Information,General,School of Business,Bachelor of Business Administration,School of Business,Bachelor of Business Administration 2015-16 III Sem VI,1.32E+11,Tuition Fee (Back Paper),0,9000,0,0,0,0,0,0,0,
236834,27-07-2016,2016-2017,2016-2017,AIE,RCPT,842125,14GCOB101261,14GCOB101261,No Information,General,School of Business,Bachelor of Business Administration,School of Business,Bachelor of Business Administration 2015-16 III Sem VI,1.32E+11,Exam Fee (Back Paper),0,3500,0,0,0,0,0,0,0,
236835,27-07-2016,2016-2017,2016-2017,AIE,RCPT,808191,16CCCE104060,16CCCE104060,Alumni,General,School of Computing Science & Engineering,BCA,School of Computing Science,BCA 2016-17 IV Sem VII,2.22E+11,TUITION FEE,0,20000,0,0,0,0,0,0,0,
236836,27-07-2016,2016-2017,2016-2017,AIE,RCPT,831627,14CCCE101101,14CCCE101101,Alumni,General,School of Computing Science & Engineering,B.Tech/B.Tech (Hons) Computer Science Engineering,School of Computing Science,B.Tech in CSE 2014-15 IV Sem VIII,2.22E+11,Library BookC Recieved,0,100,0,0,0,0,0,0,0,
236837,27-07-2016,2016-2017,2016-2017,AIE,RCPT,828676,14CCCE101412,14CCCE101412,Alumni,General,School of Computing Science & Engineering,B.Tech/B.Tech (Hons) Computer Science Engineering,School of Computing Science,B.Tech in CSE 2014-15 IV Sem VIII,2.22E+11,Library BookC Recieved,0,400,0,0,0,0,0,0,0,
236838,27-07-2016,2016-2017,2016-2017,AIE,RCPT,802548,16CCCE203023,16CCCE203023,Alumni,General,School of Computing Science & Engineering,MCA,School of Computing Science,MCA 2015 - 16 III Sem VI,2.22E+11,Library BookC Recieved,0,300,0,0,0,0,0,0,0,
236839,27-07-2016,2016-2017,2016-2017,AIE,RCPT,838542,14CAHC102018,14CAHC102018,No Information,General,School of Humanities & Social Sciences,B.A (Hons) Economics,School of Humanities,B.A (Hons) Economics 2017-2018 III Sem VI,1.42E+11,Fine Fee,0,3000,0,0,0,0,0,0,0,
236840,27-07-2016,2016-2017,2016-2017,AIE,RCPT,838542,14CAHC102018,14CAHC102018,No Information,General,School of Humanities & Social Sciences,B.A (Hons) Economics,School of Humanities,B.A (Hons) Economics 2017-2018 III Sem VI,1.42E+11,Tuition Fee (Back Paper),0,5400,0,0,0,0,0,0,0,
236841,27-07-2016,2016-2017,2016-2017,AIE,RCPT,838542,14CAHC102018,14CAHC102018,No Information,General,School of Humanities & Social Sciences,B.A (Hons) Economics,School of Humanities,B.A (Hons) Economics 2017-2018 III Sem VI,1.42E+11,Exam Fee (Back Paper),0,1500,0,0,0,0,0,0,0,
236842,27-07-2016,2016-2017,2016-2017,AIE,RCPT,778737,15CCCE101392,15CCCE101392,Alumni,General,School of Computing Science & Engineering,B.Tech/B.Tech (Hons) Computer Science Engineering,School of Computing Science,B.Tech in CSE 2015-16 V Sem IX,2.22E+11,Library BookC Recieved,0,300,0,0,0,0,0,0,0,
236843,27-07-2016,2016-2017,2016-2017,AIE,RCPT,777768,15CCCE101436,15CCCE101436,Alumni,General,School of Computing Science & Engineering,B.Tech/B.Tech (Hons) Computer Science Engineering,School of Computing Science,B.Tech in CSE 2015-16 V Sem IX,2.22E+11,Library BookC Recieved,0,300,0,0,0,0,0,0,0,
236844,27-07-2016,2016-2017,2016-2017,AIE,RCPT,783342,15CCCE101171,15CCCE101171,Alumni,General,School of Computing Science & Engineering,B.Tech/B.Tech (Hons) Computer Science Engineering,School of Computing Science,B.Tech in CSE 2015-16 V Sem IX,2.22E+11,Library BookC Recieved,0,300,0,0,0,0,0,0,0,
236845,27-07-2016,2016-2017,2016-2017,AIE,RCPT,768790,15CCCE105194,15CCCE105194,Alumni,General,School of Computing Science & Engineering,B.Tech (Hons) in Computer Science & Engineering with Specialization in Cloud Computing & Virtualizations,School of Computing Science,B.Tech in CSCC 2015-16 V Sem IX,2.22E+11,Library BookC Recieved,0,300,0,0,0,0,0,0,0,
236846,27-07-2016,2016-2017,2016-2017,AIE,RCPT,838651,14CAHC102001,14CAHC102001,No Information,General,School of Humanities & Social Sciences,B.A (Hons) Economics,School of Humanities,B.A (Hons) Economics 2017-2018 III Sem VI,1.42E+11,Fine Fee,0,2000,0,0,0,0,0,0,0,
236847,27-07-2016,2016-2017,2016-2017,AIE,RCPT,838651,14CAHC102001,14CAHC102001,No Information,General,School of Humanities & Social Sciences,B.A (Hons) Economics,School of Humanities,B.A (Hons) Economics 2017-2018 III Sem VI,1.42E+11,Tuition Fee (Back Paper),0,3600,0,0,0,0,0,0,0,
236848,27-07-2016,2016-2017,2016-2017,AIE,RCPT,838651,14CAHC102001,14CAHC102001,No Information,General,School of Humanities & Social Sciences,B.A (Hons) Economics,School of Humanities,B.A (Hons) Economics 2017-2018 III Sem VI,1.42E+11,Exam Fee (Back Paper),0,1000,0,0,0,0,0,0,0,
236849,27-07-2016,2016-2017,2016-2017,AIE,RCPT,783296,15CCCE101173,15CCCE101173,Alumni,General,School of Computing Science & Engineering,B.Tech/B.Tech (Hons) Computer Science Engineering,School of Computing Science,B.Tech in CSE 2015-16 V Sem IX,2.22E+11,Library BookC Recieved,0,300,0,0,0,0,0,0,0,
236850,27-07-2016,2016-2017,2016-2017,AIE,RCPT,822362,15GPTC401031,15GPTC401031,Alumni,General,Gs Polytechnic,Diploma in Mechanical Engineering,Gs Polytechnic,MECHANICAL  ENGINEERING 2015-2016 III Sem VI,3.22E+11,Fine Fee,0,400,0,0,0,0,0,0,0,
236851,27-07-2016,2016-2017,2016-2017,AIE,RCPT,802534,16CCCE203025,16CCCE203025,Alumni,General,School of Computing Science & Engineering,MCA,School of Computing Science,MCA 2015 - 16 III Sem VI,2.22E+11,TUITION FEE,0,52000,0,0,0,0,0,0,0,
236852,27-07-2016,2016-2017,2016-2017,AIE,RCPT,780773,15CCCE101289,15CCCE101289,Alumni,General,School of Computing Science & Engineering,B.Tech/B.Tech (Hons) Computer Science Engineering,School of Computing Science,B.Tech in CSE 2015-16 V Sem IX,2.22E+11,Library BookC Recieved,0,300,0,0,0,0,0,0,0,
236853,27-07-2016,2016-2017,2016-2017,AIE,RCPT,789475,15GCOB201187,15GCOB201187,No Information,General,School of Business,MBA in dual specialization ,School of Business,MBA in dual specialization  2017-2018 Trimester VI Trimester VI,1.32E+11,Fine Fee,0,1000,0,0,0,0,0,0,0,
236854,27-07-2016,2016-2017,2016-2017,AIE,RCPT,789475,15GCOB201187,15GCOB201187,No Information,General,School of Business,MBA in dual specialization ,School of Business,MBA in dual specialization  2017-2018 Trimester VI Trimester VI,1.32E+11,Tuition Fee (Back Paper),0,1800,0,0,0,0,0,0,0,
236855,27-07-2016,2016-2017,2016-2017,AIE,RCPT,789475,15GCOB201187,15GCOB201187,No Information,General,School of Business,MBA in dual specialization ,School of Business,MBA in dual specialization  2017-2018 Trimester VI Trimester VI,1.32E+11,Exam Fee (Back Paper),0,500,0,0,0,0,0,0,0,
236856,27-07-2016,2016-2017,2016-2017,AIE,RCPT,783409,15CCCE101168,15CCCE101168,Alumni,General,School of Computing Science & Engineering,B.Tech/B.Tech (Hons) Computer Science Engineering,School of Computing Science,B.Tech in CSE 2015-16 V Sem IX,2.22E+11,Library BookC Recieved,0,300,0,0,0,0,0,0,0,
236857,27-07-2016,2016-2017,2016-2017,AIE,RCPT,837958,14CBAC101056,14CBAC101056,Alumni,General,School of Basic & Applied Sciences,B.Sc.(Hons) Forensic Sciences,School of Basic,B.Sc.(Hons) Forensic Sciences 2015-16 III Sem VI,1.82E+11,Exam Fee (Back Paper),0,500,0,0,0,0,0,0,0,
236858,27-07-2016,2016-2017,2016-2017,AIE,RCPT,837957,14CBAC101056,14CBAC101056,Alumni,General,School of Basic & Applied Sciences,B.Sc.(Hons) Forensic Sciences,School of Basic,B.Sc.(Hons) Forensic Sciences 2015-16 III Sem VI,1.82E+11,Fine Fee,0,3000,0,0,0,0,0,0,0,
236859,27-07-2016,2016-2017,2016-2017,AIE,RCPT,837957,14CBAC101056,14CBAC101056,Alumni,General,School of Basic & Applied Sciences,B.Sc.(Hons) Forensic Sciences,School of Basic,B.Sc.(Hons) Forensic Sciences 2015-16 III Sem VI,1.82E+11,Tuition Fee (Back Paper),0,5400,0,0,0,0,0,0,0,
236860,27-07-2016,2016-2017,2016-2017,AIE,RCPT,837957,14CBAC101056,14CBAC101056,Alumni,General,School of Basic & Applied Sciences,B.Sc.(Hons) Forensic Sciences,School of Basic,B.Sc.(Hons) Forensic Sciences 2015-16 III Sem VI,1.82E+11,Exam Fee (Back Paper),0,1500,0,0,0,0,0,0,0,
236861,27-07-2016,2016-2017,2016-2017,AIE,RCPT,830798,14CCCE101202,14CCCE101202,Alumni,General,School of Computing Science & Engineering,B.Tech/B.Tech (Hons) Computer Science Engineering,School of Computing Science,B.Tech in CSE 2014-15 IV Sem VIII,2.22E+11,Library BookC Recieved,0,400,0,0,0,0,0,0,0,
236862,27-07-2016,2016-2017,2016-2017,AIE,RCPT,838107,14CBAC101032,14CBAC101032,No Information,General,School of Basic & Applied Sciences,B.Sc.(Hons) Forensic Sciences,School of Basic,B.Sc.(Hons) Forensic Sciences 2015-16 III Sem VI,1.82E+11,Fine Fee,0,1000,0,0,0,0,0,0,0,
236863,27-07-2016,2016-2017,2016-2017,AIE,RCPT,838107,14CBAC101032,14CBAC101032,No Information,General,School of Basic & Applied Sciences,B.Sc.(Hons) Forensic Sciences,School of Basic,B.Sc.(Hons) Forensic Sciences 2015-16 III Sem VI,1.82E+11,Tuition Fee (Back Paper),0,1800,0,0,0,0,0,0,0,
236864,27-07-2016,2016-2017,2016-2017,AIE,RCPT,838107,14CBAC101032,14CBAC101032,No Information,General,School of Basic & Applied Sciences,B.Sc.(Hons) Forensic Sciences,School of Basic,B.Sc.(Hons) Forensic Sciences 2015-16 III Sem VI,1.82E+11,Exam Fee (Back Paper),0,500,0,0,0,0,0,0,0,
236865,27-07-2016,2016-2017,2016-2017,AIE,RCPT,762158,16GPTC404035,16GPTC404035,Alumni,General,Gs Polytechnic,Diploma in Civil Engineering,Gs Polytechnic,CIVIL ENGINEERING 2016-2017 IV Sem VII,3.22E+11,TUITION FEE,0,35000,0,0,0,0,0,0,0,
236866,27-07-2016,2016-2017,2016-2017,AIE,RCPT,762158,16GPTC404035,16GPTC404035,Alumni,General,Gs Polytechnic,Diploma in Civil Engineering,Gs Polytechnic,CIVIL ENGINEERING 2016-2017 IV Sem VII,3.22E+11,Exam Fee,0,10000,0,0,0,0,0,0,0,
236867,27-07-2016,2016-2017,2016-2017,AIE,RCPT,789473,15GCOB201187,15GCOB201187,No Information,General,School of Business,MBA in dual specialization ,School of Business,MBA in dual specialization  2017-2018 Trimester VI Trimester VI,1.32E+11,Exam Fee (Back Paper),0,1000,0,0,0,0,0,0,0,
236868,27-07-2016,2016-2017,2016-2017,AIE,RCPT,761404,16GPTC408011,16GPTC408011,Alumni,General,Gs Polytechnic,Diploma in Electrical Engineering,Gs Polytechnic,ELECTRICAL ENGINEERING 2016-2017 IV Sem VII,3.22E+11,TUITION FEE,0,35000,0,0,0,0,0,0,0,
236869,27-07-2016,2016-2017,2016-2017,AIE,RCPT,761404,16GPTC408011,16GPTC408011,Alumni,General,Gs Polytechnic,Diploma in Electrical Engineering,Gs Polytechnic,ELECTRICAL ENGINEERING 2016-2017 IV Sem VII,3.22E+11,Exam Fee,0,10000,0,0,0,0,0,0,0,
236870,27-07-2016,2016-2017,2016-2017,AIE,RCPT,838253,14CBAC101007,14CBAC101007,No Information,General,School of Basic & Applied Sciences,B.Sc.(Hons) Forensic Sciences,School of Basic,B.Sc.(Hons) Forensic Sciences 2015-16 III Sem VI,1.82E+11,Fine Fee,0,1000,0,0,0,0,0,0,0,
236871,27-07-2016,2016-2017,2016-2017,AIE,RCPT,838253,14CBAC101007,14CBAC101007,No Information,General,School of Basic & Applied Sciences,B.Sc.(Hons) Forensic Sciences,School of Basic,B.Sc.(Hons) Forensic Sciences 2015-16 III Sem VI,1.82E+11,Tuition Fee (Back Paper),0,1800,0,0,0,0,0,0,0,
236872,27-07-2016,2016-2017,2016-2017,AIE,RCPT,838253,14CBAC101007,14CBAC101007,No Information,General,School of Basic & Applied Sciences,B.Sc.(Hons) Forensic Sciences,School of Basic,B.Sc.(Hons) Forensic Sciences 2015-16 III Sem VI,1.82E+11,Exam Fee (Back Paper),0,500,0,0,0,0,0,0,0,
236873,27-07-2016,2016-2017,2016-2017,AIE,RCPT,748879,16CBAC203002,16CBAC203002,Alumni,General,School of Basic & Applied Sciences,M. Sc Chemistry,School of Basic,M.Sc. Chemistry 2016-17 II Sem IV,1.82E+11,TUITION FEE,0,46000,0,0,0,0,0,0,0,
236874,27-07-2016,2016-2017,2016-2017,AIE,RCPT,748879,16CBAC203002,16CBAC203002,Alumni,General,School of Basic & Applied Sciences,M. Sc Chemistry,School of Basic,M.Sc. Chemistry 2016-17 II Sem IV,1.82E+11,Exam Fee,0,10000,0,0,0,0,0,0,0,
236875,27-07-2016,2016-2017,2016-2017,AIE,RCPT,745421,16CCCE101064,16CCCE101064,Active,General,School of Computing Science & Engineering,B.Tech/B.Tech (Hons) Computer Science Engineering,School of Computing Science,B.Tech in CSE 2016-17 IV Sem VIII,2.22E+11,TUITION FEE,0,9000,0,0,0,0,0,0,0,
236876,27-07-2016,2016-2017,2016-2017,AIE,RCPT,783084,15CCCE101183,15CCCE101183,Alumni,General,School of Computing Science & Engineering,B.Tech/B.Tech (Hons) Computer Science Engineering,School of Computing Science,B.Tech in CSE 2015-16 V Sem IX,2.22E+11,Library BookC Recieved,0,300,0,0,0,0,0,0,0,
236877,27-07-2016,2016-2017,2016-2017,AIE,RCPT,813135,15CCME101091,15CCME101091,Year Back,General,School of Mechanical Engineering,B.Tech/B.Tech (Hons) Mechanical Engineering,School of Mechanical Engineering,ME 2016-2017 III Sem V,2.32E+11,Exam Fee (Back Paper),0,1000,0,0,0,0,0,0,0,
236878,27-07-2016,2016-2017,2016-2017,AIE,RCPT,831690,14CCCE101094,14CCCE101094,Alumni,General,School of Computing Science & Engineering,B.Tech/B.Tech (Hons) Computer Science Engineering,School of Computing Science,B.Tech in CSE 2014-15 IV Sem VIII,2.22E+11,Library BookC Recieved,0,400,0,0,0,0,0,0,0,
236879,27-07-2016,2016-2017,2016-2017,AIE,RCPT,768679,15CCCE106008,15CCCE106008,Alumni,General,School of Computing Science & Engineering,B.Tech (Hons) in Computer Science & Engineering with Specialization in Open Source Software & Open S,School of Computing Science,B.Tech in CSOS 2015-16 V Sem IX,2.22E+11,Library BookC Recieved,0,300,0,0,0,0,0,0,0,
236880,27-07-2016,2016-2017,2016-2017,AIE,RCPT,766033,15CECE105005,15CECE105005,No Information,General,School of Electrical Electronics & Communication Engineering,B.Tech/B.Tech (Hons) Electrical Engineering,School of Electrical  Electronics,Electrical Engineering-2015-16 III Sem VI,2.42E+11,Library BookC Recieved,0,600,0,0,0,0,0,0,0,
236881,27-07-2016,2016-2017,2016-2017,AIE,RCPT,773698,15CCCE101626,15CCCE101626,Alumni,General,School of Computing Science & Engineering,B.Tech/B.Tech (Hons) Computer Science Engineering,School of Computing Science,B.Tech in CSE 2015-16 V Sem IX,2.22E+11,Library BookC Recieved,0,300,0,0,0,0,0,0,0,
236882,27-07-2016,2016-2017,2016-2017,AIE,RCPT,840030,14GCOL102044,14GCOL102044,No Information,General,School of Law,Integrated BA + LLB (Hons.),School of Law,BALLB  2014-2015 IV Sem VIII,1.92E+11,Fine Fee,0,3000,0,0,0,0,0,0,0,
236883,27-07-2016,2016-2017,2016-2017,AIE,RCPT,840030,14GCOL102044,14GCOL102044,No Information,General,School of Law,Integrated BA + LLB (Hons.),School of Law,BALLB  2014-2015 IV Sem VIII,1.92E+11,Tuition Fee (Back Paper),0,5400,0,0,0,0,0,0,0,
236884,27-07-2016,2016-2017,2016-2017,AIE,RCPT,840030,14GCOL102044,14GCOL102044,No Information,General,School of Law,Integrated BA + LLB (Hons.),School of Law,BALLB  2014-2015 IV Sem VIII,1.92E+11,Exam Fee (Back Paper),0,1500,0,0,0,0,0,0,0,
236885,27-07-2016,2016-2017,2016-2017,AIE,RCPT,766635,15CECE103019,15CECE103019,Alumni,General,School of Electrical Electronics & Communication Engineering,B.Tech/B.Tech (Hons) Electronics & Communications Engineering,School of Electrical  Electronics,ELECTRONICS AND COMMUNICATION ENGINEERING-2015-16 V Sem IX,2.42E+11,Library BookC Recieved,0,300,0,0,0,0,0,0,0,
236886,27-07-2016,2016-2017,2016-2017,AIE,RCPT,802541,16CCCE203024,16CCCE203024,Alumni,General,School of Computing Science & Engineering,MCA,School of Computing Science,MCA 2016 - 17 IV Sem VII,2.22E+11,TUITION FEE,0,52000,0,0,0,0,0,0,0,
236887,27-07-2016,2016-2017,2016-2017,AIE,RCPT,828666,14CCCE101413,14CCCE101413,Alumni,General,School of Computing Science & Engineering,B.Tech/B.Tech (Hons) Computer Science Engineering,School of Computing Science,B.Tech in CSE 2014-15 IV Sem VIII,2.22E+11,Library BookC Recieved,0,400,0,0,0,0,0,0,0,
236888,27-07-2016,2016-2017,2016-2017,AIE,RCPT,745607,16CCCE101050,16CCCE101050,Alumni,General,School of Computing Science & Engineering,B.Tech/B.Tech (Hons) Computer Science Engineering,School of Computing Science,B.Tech in CSE 2016-17 IV Sem VIII,2.22E+11,TUITION FEE,0,100000,0,0,0,0,0,0,0,
236889,27-07-2016,2016-2017,2016-2017,AIE,RCPT,831718,14CCCE101089,14CCCE101089,Alumni,General,School of Computing Science & Engineering,B.Tech/B.Tech (Hons) Computer Science Engineering,School of Computing Science,B.Tech in CSE 2014-15 IV Sem VIII,2.22E+11,Library BookC Recieved,0,400,0,0,0,0,0,0,0,
236890,27-07-2016,2016-2017,2016-2017,AIE,RCPT,838983,14GCOL103068,14GCOL103068,Alumni,General,School of Law,Integrated BBA + LLB (Hons.),School of Law,BBA LLB  2014-2015 V Sem X,1.92E+11,Fine Fee,0,4000,0,0,0,0,0,0,0,
236891,27-07-2016,2016-2017,2016-2017,AIE,RCPT,838983,14GCOL103068,14GCOL103068,Alumni,General,School of Law,Integrated BBA + LLB (Hons.),School of Law,BBA LLB  2014-2015 V Sem X,1.92E+11,Tuition Fee (Back Paper),0,7200,0,0,0,0,0,0,0,
236892,27-07-2016,2016-2017,2016-2017,AIE,RCPT,838983,14GCOL103068,14GCOL103068,Alumni,General,School of Law,Integrated BBA + LLB (Hons.),School of Law,BBA LLB  2014-2015 V Sem X,1.92E+11,Exam Fee (Back Paper),0,2000,0,0,0,0,0,0,0,
236893,27-07-2016,2016-2017,2016-2017,AIE,RCPT,838981,14GCOL103068,14GCOL103068,Alumni,General,School of Law,Integrated BBA + LLB (Hons.),School of Law,BBA LLB  2014-2015 V Sem X,1.92E+11,Exam Fee (Back Paper),0,500,0,0,0,0,0,0,0,
236894,27-07-2016,2016-2017,2016-2017,AIE,RCPT,762168,16GPTC404034,16GPTC404034,Alumni,General,Gs Polytechnic,Diploma in Civil Engineering,Gs Polytechnic,CIVIL ENGINEERING 2016-2017 IV Sem VII,3.22E+11,TUITION FEE,0,15000,0,0,0,0,0,0,0,
236895,27-07-2016,2016-2017,2016-2017,AIE,RCPT,828650,14CCCE101414,14CCCE101414,Alumni,General,School of Computing Science & Engineering,B.Tech/B.Tech (Hons) Computer Science Engineering,School of Computing Science,B.Tech in CSE 2014-15 IV Sem VIII,2.22E+11,Library BookC Recieved,0,400,0,0,0,0,0,0,0,
236896,27-07-2016,2016-2017,2016-2017,AIE,RCPT,776300,15CCCE101505,15CCCE101505,Alumni,General,School of Computing Science & Engineering,B.Tech/B.Tech (Hons) Computer Science Engineering,School of Computing Science,B.Tech in CSE 2015-16 IV Sem VIII,2.22E+11,Library BookC Recieved,0,300,0,0,0,0,0,0,0,
236897,27-07-2016,2016-2017,2016-2017,AIE,RCPT,783219,15CCCE101177,15CCCE101177,Alumni,General,School of Computing Science & Engineering,B.Tech/B.Tech (Hons) Computer Science Engineering,School of Computing Science,B.Tech in CSE 2015-16 V Sem IX,2.22E+11,Library BookC Recieved,0,300,0,0,0,0,0,0,0,
236898,27-07-2016,2016-2017,2016-2017,AIE,RCPT,839199,14GCOL103037,14GCOL103037,Alumni,General,School of Law,Integrated BBA + LLB (Hons.),School of Law,BBA LLB  2014-2015 V Sem X,1.92E+11,Fine Fee,0,2600,0,0,0,0,0,0,0,
236899,27-07-2016,2016-2017,2016-2017,AIE,RCPT,783239,15CCCE101176,15CCCE101176,Alumni,General,School of Computing Science & Engineering,B.Tech/B.Tech (Hons) Computer Science Engineering,School of Computing Science,B.Tech in CSE 2015-16 V Sem IX,2.22E+11,Library BookC Recieved,0,300,0,0,0,0,0,0,0,
236900,27-07-2016,2016-2017,2016-2017,AIE,RCPT,773816,15CCCE101621,15CCCE101621,Alumni,General,School of Computing Science & Engineering,B.Tech/B.Tech (Hons) Computer Science Engineering,School of Computing Science,B.Tech in CSE 2015-16 V Sem IX,2.22E+11,Library BookC Recieved,0,300,0,0,0,0,0,0,0,
236901,27-07-2016,2016-2017,2016-2017,AIE,RCPT,782818,15CCCE101196,15CCCE101196,Alumni,General,School of Computing Science & Engineering,B.Tech/B.Tech (Hons) Computer Science Engineering,School of Computing Science,B.Tech in CSE 2015-16 V Sem IX,2.22E+11,Library BookC Recieved,0,300,0,0,0,0,0,0,0,
236902,27-07-2016,2016-2017,2016-2017,AIE,RCPT,782569,15CCCE101207,15CCCE101207,Alumni,General,School of Computing Science & Engineering,B.Tech/B.Tech (Hons) Computer Science Engineering,School of Computing Science,B.Tech in CSE 2015-16 V Sem IX,2.22E+11,Library BookC Recieved,0,300,0,0,0,0,0,0,0,
236903,27-07-2016,2016-2017,2016-2017,AIE,RCPT,782590,15CCCE101206,15CCCE101206,Alumni,General,School of Computing Science & Engineering,B.Tech/B.Tech (Hons) Computer Science Engineering,School of Computing Science,B.Tech in CSE 2015-16 V Sem IX,2.22E+11,Library BookC Recieved,0,300,0,0,0,0,0,0,0,
236904,27-07-2016,2016-2017,2016-2017,AIE,RCPT,822719,15CCCE101671,15CCCE101671,No Information,General,School of Computing Science & Engineering,B.Tech/B.Tech (Hons) Computer Science Engineering,School of Computing Science,B.Tech in CSE 2014-15 IV Sem VIII,2.22E+11,Fine Fee,0,3000,0,0,0,0,0,0,0,
236905,27-07-2016,2016-2017,2016-2017,AIE,RCPT,822719,15CCCE101671,15CCCE101671,No Information,General,School of Computing Science & Engineering,B.Tech/B.Tech (Hons) Computer Science Engineering,School of Computing Science,B.Tech in CSE 2014-15 IV Sem VIII,2.22E+11,Tuition Fee (Back Paper),0,5400,0,0,0,0,0,0,0,
236906,27-07-2016,2016-2017,2016-2017,AIE,RCPT,822719,15CCCE101671,15CCCE101671,No Information,General,School of Computing Science & Engineering,B.Tech/B.Tech (Hons) Computer Science Engineering,School of Computing Science,B.Tech in CSE 2014-15 IV Sem VIII,2.22E+11,Exam Fee (Back Paper),0,1500,0,0,0,0,0,0,0,
236907,27-07-2016,2016-2017,2016-2017,AIE,RCPT,774972,15CCCE101566,15CCCE101566,Alumni,General,School of Computing Science & Engineering,B.Tech/B.Tech (Hons) Computer Science Engineering,School of Computing Science,B.Tech in CSE 2015-16 V Sem IX,2.22E+11,Library BookC Recieved,0,300,0,0,0,0,0,0,0,
236908,27-07-2016,2016-2017,2016-2017,AIE,RCPT,829591,14CCCE101321,14CCCE101321,Alumni,General,School of Computing Science & Engineering,B.Tech/B.Tech (Hons) Computer Science Engineering,School of Computing Science,B.Tech in CSE 2014-15 IV Sem VIII,2.22E+11,Library BookC Recieved,0,400,0,0,0,0,0,0,0,
236909,27-07-2016,2016-2017,2016-2017,AIE,RCPT,777728,15CCCE101438,15CCCE101438,Alumni,General,School of Computing Science & Engineering,B.Tech/B.Tech (Hons) Computer Science Engineering,School of Computing Science,B.Tech in CSE 2015-16 V Sem IX,2.22E+11,Library BookC Recieved,0,300,0,0,0,0,0,0,0,
236910,27-07-2016,2016-2017,2016-2017,AIE,RCPT,843539,14GCOB101072,14GCOB101072,No Information,General,School of Business,Bachelor of Business Administration,School of Business,Bachelor of Business Administration 2015-16 III Sem VI,1.32E+11,Fine Fee,0,2000,0,0,0,0,0,0,0,
236911,27-07-2016,2016-2017,2016-2017,AIE,RCPT,843539,14GCOB101072,14GCOB101072,No Information,General,School of Business,Bachelor of Business Administration,School of Business,Bachelor of Business Administration 2015-16 III Sem VI,1.32E+11,Tuition Fee (Back Paper),0,3600,0,0,0,0,0,0,0,
236912,27-07-2016,2016-2017,2016-2017,AIE,RCPT,843539,14GCOB101072,14GCOB101072,No Information,General,School of Business,Bachelor of Business Administration,School of Business,Bachelor of Business Administration 2015-16 III Sem VI,1.32E+11,Exam Fee (Back Paper),0,2000,0,0,0,0,0,0,0,
236913,27-07-2016,2016-2017,2016-2017,AIE,RCPT,782555,15GCOB101057,15GCOB101057,Alumni,General,School of Business,Bachelor of Business Administration,School of Business,Bachelor of Business Administration 2015-16 III Sem VI,1.32E+11,Exam Fee (Back Paper),0,500,0,0,0,0,0,0,0,
236914,27-07-2016,2016-2017,2016-2017,AIE,RCPT,829615,14CCCE101319,14CCCE101319,No Information,General,School of Computing Science & Engineering,B.Tech/B.Tech (Hons) Computer Science Engineering,School of Computing Science,B.Tech in CSE 2014-15 IV Sem VIII,2.22E+11,Fine Fee,0,4000,0,0,0,0,0,0,0,
236915,27-07-2016,2016-2017,2016-2017,AIE,RCPT,829615,14CCCE101319,14CCCE101319,No Information,General,School of Computing Science & Engineering,B.Tech/B.Tech (Hons) Computer Science Engineering,School of Computing Science,B.Tech in CSE 2014-15 IV Sem VIII,2.22E+11,Tuition Fee (Back Paper),0,7200,0,0,0,0,0,0,0,
236916,27-07-2016,2016-2017,2016-2017,AIE,RCPT,829615,14CCCE101319,14CCCE101319,No Information,General,School of Computing Science & Engineering,B.Tech/B.Tech (Hons) Computer Science Engineering,School of Computing Science,B.Tech in CSE 2014-15 IV Sem VIII,2.22E+11,Exam Fee (Back Paper),0,2000,0,0,0,0,0,0,0,
236917,27-07-2016,2016-2017,2016-2017,NRI,RCPT,775035,15CCCE101564,15CCCE101564,Alumni,General,School of Computing Science & Engineering,B.Tech/B.Tech (Hons) Computer Science Engineering,School of Computing Science,B.Tech in CSE 2015-16 V Sem IX,2.22E+11,Library BookC Recieved,0,300,0,0,0,0,0,0,0,
236918,27-07-2016,2016-2017,2016-2017,AIE,RCPT,766346,15CECE103053,15CECE103053,Alumni,General,School of Computing Science & Engineering,B.Tech/B.Tech (Hons) Computer Science Engineering,School of Computing Science,B.Tech in CSE 2015-16 V Sem IX,2.22E+11,Library BookC Recieved,0,300,0,0,0,0,0,0,0,
236919,27-07-2016,2016-2017,2016-2017,AIE,RCPT,776108,15CCCE101514,15CCCE101514,Alumni,General,School of Computing Science & Engineering,B.Tech/B.Tech (Hons) Computer Science Engineering,School of Computing Science,B.Tech in CSE 2015-16 V Sem IX,2.22E+11,Library BookC Recieved,0,300,0,0,0,0,0,0,0,
236920,27-07-2016,2016-2017,2016-2017,AIE,RCPT,773899,15CCCE101615,15CCCE101615,Alumni,General,School of Computing Science & Engineering,B.Tech/B.Tech (Hons) Computer Science Engineering,School of Computing Science,B.Tech in CSE 2015-16 V Sem IX,2.22E+11,Library BookC Recieved,0,300,0,0,0,0,0,0,0,
236921,27-07-2016,2016-2017,2016-2017,AIE,RCPT,829532,14CCCE101328,14CCCE101328,Alumni,General,School of Computing Science & Engineering,B.Tech/B.Tech (Hons) Computer Science Engineering,School of Computing Science,B.Tech in CSE 2014-15 IV Sem VIII,2.22E+11,Library BookC Recieved,0,400,0,0,0,0,0,0,0,
236922,27-07-2016,2016-2017,2016-2017,AIE,RCPT,780887,15CCCE101285,15CCCE101285,Alumni,General,School of Computing Science & Engineering,B.Tech/B.Tech (Hons) Computer Science Engineering,School of Computing Science,B.Tech in CSE 2015-16 V Sem IX,2.22E+11,Library BookC Recieved,0,300,0,0,0,0,0,0,0,
236923,27-07-2016,2016-2017,2016-2017,AIE,RCPT,843305,14GCOB101102,14GCOB101102,No Information,General,School of Business,Bachelor of Business Administration,School of Business,Bachelor of Business Administration 2015-16 III Sem VI,1.32E+11,Fine Fee,0,5000,0,0,0,0,0,0,0,
236924,27-07-2016,2016-2017,2016-2017,AIE,RCPT,843305,14GCOB101102,14GCOB101102,No Information,General,School of Business,Bachelor of Business Administration,School of Business,Bachelor of Business Administration 2015-16 III Sem VI,1.32E+11,Tuition Fee (Back Paper),0,9000,0,0,0,0,0,0,0,
236925,27-07-2016,2016-2017,2016-2017,AIE,RCPT,843305,14GCOB101102,14GCOB101102,No Information,General,School of Business,Bachelor of Business Administration,School of Business,Bachelor of Business Administration 2015-16 III Sem VI,1.32E+11,Exam Fee (Back Paper),0,2500,0,0,0,0,0,0,0,
236926,27-07-2016,2016-2017,2016-2017,AIE,RCPT,843304,14GCOB101102,14GCOB101102,No Information,General,School of Business,Bachelor of Business Administration,School of Business,Bachelor of Business Administration 2015-16 III Sem VI,1.32E+11,Exam Fee (Back Paper),0,500,0,0,0,0,0,0,0,
236927,27-07-2016,2016-2017,2016-2017,AIE,RCPT,766238,15CECE103063,15CECE103063,Alumni,General,School of Electrical Electronics & Communication Engineering,B.Tech/B.Tech (Hons) Electronics & Communications Engineering,School of Electrical  Electronics,ELECTRONICS AND COMMUNICATION ENGINEERING-2016-17 IV Sem VII,2.42E+11,Library BookC Recieved,0,300,0,0,0,0,0,0,0,
236928,27-07-2016,2016-2017,2016-2017,AIE,RCPT,782382,15CCCE101215,15CCCE101215,No Information,General,School of Computing Science & Engineering,B.Tech/B.Tech (Hons) Computer Science Engineering,School of Computing Science,B.Tech in CSE 2015-16 III Sem VI,2.22E+11,Library BookC Recieved,0,300,0,0,0,0,0,0,0,
236929,27-07-2016,2016-2017,2016-2017,AIE,RCPT,768417,15CCCE107015,15CCCE107015,Alumni,General,School of Computing Science & Engineering,B.Tech (Hons) in Computer Science & Engineering with Specialization in Business Analytics,School of Computing Science,B.Tech in CSBA 2015-16 V Sem IX,2.22E+11,Library BookC Recieved,0,300,0,0,0,0,0,0,0,
236930,27-07-2016,2016-2017,2016-2017,AIE,RCPT,831409,14CCCE101128,14CCCE101128,Alumni,General,School of Computing Science & Engineering,B.Tech/B.Tech (Hons) Computer Science Engineering,School of Computing Science,B.Tech in CSE 2014-15 IV Sem VIII,2.22E+11,Library BookC Recieved,0,400,0,0,0,0,0,0,0,
236931,27-07-2016,2016-2017,2016-2017,AIE,RCPT,782451,15CCCE101213,15CCCE101213,Alumni,General,School of Computing Science & Engineering,B.Tech/B.Tech (Hons) Computer Science Engineering,School of Computing Science,B.Tech in CSE 2015-16 V Sem IX,2.22E+11,Library BookC Recieved,0,300,0,0,0,0,0,0,0,
236932,27-07-2016,2016-2017,2016-2017,AIE,RCPT,822718,15CCCE101671,15CCCE101671,No Information,General,School of Computing Science & Engineering,B.Tech/B.Tech (Hons) Computer Science Engineering,School of Computing Science,B.Tech in CSE 2014-15 IV Sem VIII,2.22E+11,Library BookC Recieved,0,400,0,0,0,0,0,0,0,
236933,27-07-2016,2016-2017,2016-2017,AIE,RCPT,774688,15CCCE101580,15CCCE101580,Alumni,General,School of Computing Science & Engineering,B.Tech/B.Tech (Hons) Computer Science Engineering,School of Computing Science,B.Tech in CSE 2015-16 V Sem IX,2.22E+11,Library BookC Recieved,0,300,0,0,0,0,0,0,0,
236934,27-07-2016,2016-2017,2016-2017,AIE,RCPT,746243,16CCCE101004,16CCCE101004,Alumni,General,School of Computing Science & Engineering,B.Tech/B.Tech (Hons) Computer Science Engineering,School of Computing Science,B.Tech in CSE 2016-17 IV Sem VIII,2.22E+11,TUITION FEE,0,59000,0,0,0,0,0,0,0,
236935,27-07-2016,2016-2017,2016-2017,AIE,RCPT,828897,14CCCE101388,14CCCE101388,Alumni,General,School of Computing Science & Engineering,B.Tech/B.Tech (Hons) Computer Science Engineering,School of Computing Science,B.Tech in CSE 2014-15 IV Sem VIII,2.22E+11,Library BookC Recieved,0,400,0,0,0,0,0,0,0,
236936,27-07-2016,2016-2017,2016-2017,AIE,RCPT,782424,15CCCE101214,15CCCE101214,Alumni,General,School of Computing Science & Engineering,B.Tech/B.Tech (Hons) Computer Science Engineering,School of Computing Science,B.Tech in CSE 2015-16 V Sem IX,2.22E+11,Library BookC Recieved,0,300,0,0,0,0,0,0,0,
236937,27-07-2016,2016-2017,2016-2017,AIE,RCPT,776135,15CCCE101513,15CCCE101513,Alumni,General,School of Computing Science & Engineering,B.Tech/B.Tech (Hons) Computer Science Engineering,School of Computing Science,B.Tech in CSE 2015-16 V Sem IX,2.22E+11,Library BookC Recieved,0,300,0,0,0,0,0,0,0,
236938,27-07-2016,2016-2017,2016-2017,AIE,RCPT,823954,14CMCC101028,14CMCC101028,No Information,General,School of Media & Communication Studies,BA Journalism & Mass Communication,School of Media & Communication Studies,BA Journalism & Mass Communication 2017-2018 III Sem VI,1.52E+11,Fine Fee,0,3000,0,0,0,0,0,0,0,
236939,27-07-2016,2016-2017,2016-2017,AIE,RCPT,823954,14CMCC101028,14CMCC101028,No Information,General,School of Media & Communication Studies,BA Journalism & Mass Communication,School of Media & Communication Studies,BA Journalism & Mass Communication 2017-2018 III Sem VI,1.52E+11,Tuition Fee (Back Paper),0,5400,0,0,0,0,0,0,0,
236940,27-07-2016,2016-2017,2016-2017,AIE,RCPT,823954,14CMCC101028,14CMCC101028,No Information,General,School of Media & Communication Studies,BA Journalism & Mass Communication,School of Media & Communication Studies,BA Journalism & Mass Communication 2017-2018 III Sem VI,1.52E+11,Exam Fee (Back Paper),0,1500,0,0,0,0,0,0,0,
236941,27-07-2016,2016-2017,2016-2017,AIE,RCPT,982322,15CCCE101454,15CCCE101454,Withdrawn,General,School of Computing Science & Engineering,B.Tech/B.Tech (Hons) Computer Science Engineering,School of Computing Science,B.Tech in CSE 2017-18 II Sem III,2.22E+11,Fine Fee,0,3000,0,0,0,0,0,0,0,
236942,27-07-2016,2016-2017,2016-2017,AIE,RCPT,982322,15CCCE101454,15CCCE101454,Withdrawn,General,School of Computing Science & Engineering,B.Tech/B.Tech (Hons) Computer Science Engineering,School of Computing Science,B.Tech in CSE 2017-18 II Sem III,2.22E+11,Tuition Fee (Back Paper),0,5400,0,0,0,0,0,0,0,
236943,27-07-2016,2016-2017,2016-2017,AIE,RCPT,982322,15CCCE101454,15CCCE101454,Withdrawn,General,School of Computing Science & Engineering,B.Tech/B.Tech (Hons) Computer Science Engineering,School of Computing Science,B.Tech in CSE 2017-18 II Sem III,2.22E+11,Exam Fee (Back Paper),0,1500,0,0,0,0,0,0,0,
236944,27-07-2016,2016-2017,2016-2017,AIE,RCPT,763053,15COCE107003,15COCE107003,Alumni,General,School of Chemical Engineering,B.Tech/B.Tech (Hons) Chemical Engineering,School of Chemical Engineering,Chemical Engineering 2015-2016 V Sem IX,2.82E+11,Fine Fee,0,3000,0,0,0,0,0,0,0,
236945,27-07-2016,2016-2017,2016-2017,AIE,RCPT,763053,15COCE107003,15COCE107003,Alumni,General,School of Chemical Engineering,B.Tech/B.Tech (Hons) Chemical Engineering,School of Chemical Engineering,Chemical Engineering 2015-2016 V Sem IX,2.82E+11,Tuition Fee (Back Paper),0,5400,0,0,0,0,0,0,0,
236946,27-07-2016,2016-2017,2016-2017,AIE,RCPT,763053,15COCE107003,15COCE107003,Alumni,General,School of Chemical Engineering,B.Tech/B.Tech (Hons) Chemical Engineering,School of Chemical Engineering,Chemical Engineering 2015-2016 V Sem IX,2.82E+11,Exam Fee (Back Paper),0,1500,0,0,0,0,0,0,0,
236947,27-07-2016,2016-2017,2016-2017,AIE,RCPT,782543,15CCCE101208,15CCCE101208,Alumni,General,School of Computing Science & Engineering,B.Tech/B.Tech (Hons) Computer Science Engineering,School of Computing Science,B.Tech in CSE 2015-16 V Sem IX,2.22E+11,Library BookC Recieved,0,300,0,0,0,0,0,0,0,
236948,27-07-2016,2016-2017,2016-2017,AIE,RCPT,829544,14CCCE101327,14CCCE101327,Alumni,General,School of Computing Science & Engineering,B.Tech/B.Tech (Hons) Computer Science Engineering,School of Computing Science,B.Tech in CSE 2014-15 IV Sem VIII,2.22E+11,Library BookC Recieved,0,400,0,0,0,0,0,0,0,
236949,27-07-2016,2016-2017,2016-2017,AIE,RCPT,831451,14CCCE101124,14CCCE101124,Alumni,General,School of Computing Science & Engineering,B.Tech (Hons) in Computer Science & Engineering with Specialization in Business Analytics,School of Computing Science,B.Tech in CSBA 2014-15 IV Sem VIII,2.22E+11,Library BookC Recieved,0,400,0,0,0,0,0,0,0,
236950,27-07-2016,2016-2017,2016-2017,AIE,RCPT,831423,14CCCE101127,14CCCE101127,Alumni,General,School of Computing Science & Engineering,B.Tech/B.Tech (Hons) Computer Science Engineering,School of Computing Science,B.Tech in CSE 2014-15 IV Sem VIII,2.22E+11,Library BookC Recieved,0,400,0,0,0,0,0,0,0,
236951,27-07-2016,2016-2017,2016-2017,AIE,RCPT,768454,15CCCE107013,15CCCE107013,Alumni,General,School of Computing Science & Engineering,B.Tech/B.Tech (Hons) Computer Science Engineering,School of Computing Science,B.Tech in CSE 2015-16 V Sem IX,2.22E+11,Library BookC Recieved,0,300,0,0,0,0,0,0,0,
236952,27-07-2016,2016-2017,2016-2017,AIE,RCPT,766871,15CECE101024,15CECE101024,Alumni,General,School of Electrical Electronics & Communication Engineering,B.Tech/B.Tech (Hons) Electrical & Electronics Engineering,School of Electrical  Electronics,Electrical and Electronics Engineering-2015-16 V Sem IX,2.42E+11,Library BookC Recieved,0,300,0,0,0,0,0,0,0,
236953,27-07-2016,2016-2017,2016-2017,AIE,RCPT,766869,15CECE101024,15CECE101024,Alumni,General,School of Electrical Electronics & Communication Engineering,B.Tech/B.Tech (Hons) Electrical & Electronics Engineering,School of Electrical  Electronics,Electrical and Electronics Engineering-2015-16 V Sem IX,2.42E+11,Library BookC Recieved,0,300,0,0,0,0,0,0,0,
236954,27-07-2016,2016-2017,2016-2017,AIE,RCPT,782712,15CCCE101200,15CCCE101200,Active,General,School of Computing Science & Engineering,B.Tech/B.Tech (Hons) Computer Science Engineering,School of Computing Science,B.Tech in CSE 2017-18 IV Sem VIII,2.22E+11,Library BookC Recieved,0,300,0,0,0,0,0,0,0,
236955,27-07-2016,2016-2017,2016-2017,AIE,RCPT,780849,15CCCE101286,15CCCE101286,No Information,General,School of Computing Science & Engineering,B.Tech/B.Tech (Hons) Computer Science Engineering,School of Computing Science,B.Tech in CSE 2015-16 III Sem VI,2.22E+11,Library BookC Recieved,0,300,0,0,0,0,0,0,0,
236956,27-07-2016,2016-2017,2016-2017,AIE,RCPT,761280,16GPTC408036,16GPTC408036,Alumni,General,Gs Polytechnic,Diploma in Electrical Engineering,Gs Polytechnic,ELECTRICAL ENGINEERING 2016-2017 IV Sem VII,3.22E+11,TUITION FEE,0,10000,0,0,0,0,0,0,0,
236957,27-07-2016,2016-2017,2016-2017,AIE,RCPT,823990,14CMCC101023,14CMCC101023,No Information,General,School of Media & Communication Studies,BA Journalism & Mass Communication,School of Media & Communication Studies,BA Journalism & Mass Communication 2017-2018 III Sem VI,1.52E+11,Exam Fee (Back Paper),0,500,0,0,0,0,0,0,0,
236958,27-07-2016,2016-2017,2016-2017,AIE,RCPT,822653,15CECE103081,15CECE103081,No Information,General,School of Electrical Electronics & Communication Engineering,B.Tech/B.Tech (Hons) Electronics & Communications Engineering,School of Electrical  Electronics,ELECTRONICS AND COMMUNICATION ENGINEERING-2014-15 IV Sem VIII,2.42E+11,Exam Fee (Back Paper),0,500,0,0,0,0,0,0,0,
236959,27-07-2016,2016-2017,2016-2017,AIE,RCPT,758490,16GCFC101076,16GCFC101076,Alumni,General,School of Finance & Commerce,B.Com. (Hons),School of Finance,B COM H-2015-16 IV Sem VII,1.72E+11,TUITION FEE,0,95000,0,0,0,0,0,0,0,
236960,27-07-2016,2016-2017,2016-2017,AIE,RCPT,758490,16GCFC101076,16GCFC101076,Alumni,General,School of Finance & Commerce,B.Com. (Hons),School of Finance,B COM H-2015-16 IV Sem VII,1.72E+11,Exam Fee,0,10000,0,0,0,0,0,0,0,
236961,27-07-2016,2016-2017,2016-2017,AIE,RCPT,831546,14CCCE101108,14CCCE101108,Alumni,General,School of Computing Science & Engineering,B.Tech/B.Tech (Hons) Computer Science Engineering,School of Computing Science,B.Tech in CSE 2014-15 IV Sem VIII,2.22E+11,Library BookC Recieved,0,400,0,0,0,0,0,0,0,
236962,27-07-2016,2016-2017,2016-2017,AIE,RCPT,822655,15CECE103081,15CECE103081,No Information,General,School of Electrical Electronics & Communication Engineering,B.Tech/B.Tech (Hons) Electronics & Communications Engineering,School of Electrical  Electronics,ELECTRONICS AND COMMUNICATION ENGINEERING-2014-15 IV Sem VIII,2.42E+11,Fine Fee,0,2000,0,0,0,0,0,0,0,
236963,27-07-2016,2016-2017,2016-2017,AIE,RCPT,822655,15CECE103081,15CECE103081,No Information,General,School of Electrical Electronics & Communication Engineering,B.Tech/B.Tech (Hons) Electronics & Communications Engineering,School of Electrical  Electronics,ELECTRONICS AND COMMUNICATION ENGINEERING-2014-15 IV Sem VIII,2.42E+11,Tuition Fee (Back Paper),0,3600,0,0,0,0,0,0,0,
236964,27-07-2016,2016-2017,2016-2017,AIE,RCPT,822655,15CECE103081,15CECE103081,No Information,General,School of Electrical Electronics & Communication Engineering,B.Tech/B.Tech (Hons) Electronics & Communications Engineering,School of Electrical  Electronics,ELECTRONICS AND COMMUNICATION ENGINEERING-2014-15 IV Sem VIII,2.42E+11,Exam Fee (Back Paper),0,1000,0,0,0,0,0,0,0,
236965,27-07-2016,2016-2017,2016-2017,AIE,RCPT,782108,15CCCE101231,15CCCE101231,Alumni,General,School of Computing Science & Engineering,B.Tech/B.Tech (Hons) Computer Science Engineering,School of Computing Science,B.Tech in CSE 2015-16 V Sem IX,2.22E+11,Library BookC Recieved,0,300,0,0,0,0,0,0,0,
236966,27-07-2016,2016-2017,2016-2017,AIE,RCPT,842586,14GCOB101192,14GCOB101192,No Information,General,School of Business,Bachelor of Business Administration,School of Business,Bachelor of Business Administration 2015-16 III Sem VI,1.32E+11,Exam Fee (Back Paper),0,1000,0,0,0,0,0,0,0,
236967,27-07-2016,2016-2017,2016-2017,AIE,RCPT,782720,15CCCE101200,15CCCE101200,Active,General,School of Computing Science & Engineering,B.Tech/B.Tech (Hons) Computer Science Engineering,School of Computing Science,B.Tech in CSE 2017-18 IV Sem VIII,2.22E+11,Fine Fee,0,1000,0,0,0,0,0,0,0,
236968,27-07-2016,2016-2017,2016-2017,AIE,RCPT,782720,15CCCE101200,15CCCE101200,Active,General,School of Computing Science & Engineering,B.Tech/B.Tech (Hons) Computer Science Engineering,School of Computing Science,B.Tech in CSE 2017-18 IV Sem VIII,2.22E+11,Tuition Fee (Back Paper),0,1800,0,0,0,0,0,0,0,
236969,27-07-2016,2016-2017,2016-2017,AIE,RCPT,782720,15CCCE101200,15CCCE101200,Active,General,School of Computing Science & Engineering,B.Tech/B.Tech (Hons) Computer Science Engineering,School of Computing Science,B.Tech in CSE 2017-18 IV Sem VIII,2.22E+11,Exam Fee (Back Paper),0,500,0,0,0,0,0,0,0,
236970,27-07-2016,2016-2017,2016-2017,AIE,RCPT,828911,14CCCE101387,14CCCE101387,Alumni,General,School of Computing Science & Engineering,B.Tech/B.Tech (Hons) Computer Science Engineering,School of Computing Science,B.Tech in CSE 2014-15 IV Sem VIII,2.22E+11,Library BookC Recieved,0,400,0,0,0,0,0,0,0,
236971,27-07-2016,2016-2017,2016-2017,AIE,RCPT,799205,16CMAC104007,16CMAC104007,Alumni,General,School of Medical and Allied Sciences,B.Sc Cardiovascular Technology,School of Medical and Allied Sciences,B.Sc CVT 2015-16 IV Sem VIII,2.12E+11,TUITION FEE,0,50000,0,0,0,0,0,0,0,
236972,27-07-2016,2016-2017,2016-2017,AIE,RCPT,799205,16CMAC104007,16CMAC104007,Alumni,General,School of Medical and Allied Sciences,B.Sc Cardiovascular Technology,School of Medical and Allied Sciences,B.Sc CVT 2015-16 IV Sem VIII,2.12E+11,Exam Fee,0,10000,0,0,0,0,0,0,0,
236973,27-07-2016,2016-2017,2016-2017,AIE,RCPT,812178,15CCME101202,15CCME101202,Alumni,General,School of Mechanical Engineering,B.Tech/B.Tech (Hons) Mechanical Engineering,School of Mechanical Engineering,ME 2015-2016 V Sem IX,2.32E+11,Library BookC Recieved,0,300,0,0,0,0,0,0,0,
236974,27-07-2016,2016-2017,2016-2017,AIE,RCPT,829456,14CCCE101335,14CCCE101335,Alumni,General,School of Computing Science & Engineering,B.Tech/B.Tech (Hons) Computer Science Engineering,School of Computing Science,B.Tech in CSE 2014-15 IV Sem VIII,2.22E+11,Ajustable_Excess_Amount,0,50,0,0,0,0,0,0,0,
236975,27-07-2016,2016-2017,2016-2017,AIE,RCPT,829456,14CCCE101335,14CCCE101335,Alumni,General,School of Computing Science & Engineering,B.Tech/B.Tech (Hons) Computer Science Engineering,School of Computing Science,B.Tech in CSE 2014-15 IV Sem VIII,2.22E+11,Fine Fee,0,2000,0,0,0,0,0,0,0,
236976,27-07-2016,2016-2017,2016-2017,AIE,RCPT,829456,14CCCE101335,14CCCE101335,Alumni,General,School of Computing Science & Engineering,B.Tech/B.Tech (Hons) Computer Science Engineering,School of Computing Science,B.Tech in CSE 2014-15 IV Sem VIII,2.22E+11,Tuition Fee (Back Paper),0,3600,0,0,0,0,0,0,0,
236977,27-07-2016,2016-2017,2016-2017,AIE,RCPT,829456,14CCCE101335,14CCCE101335,Alumni,General,School of Computing Science & Engineering,B.Tech/B.Tech (Hons) Computer Science Engineering,School of Computing Science,B.Tech in CSE 2014-15 IV Sem VIII,2.22E+11,Exam Fee (Back Paper),0,1000,0,0,0,0,0,0,0,
236978,27-07-2016,2016-2017,2016-2017,AIE,RCPT,842585,14GCOB101192,14GCOB101192,No Information,General,School of Business,Bachelor of Business Administration,School of Business,Bachelor of Business Administration 2015-16 III Sem VI,1.32E+11,Fine Fee,0,5000,0,0,0,0,0,0,0,
236979,27-07-2016,2016-2017,2016-2017,AIE,RCPT,842585,14GCOB101192,14GCOB101192,No Information,General,School of Business,Bachelor of Business Administration,School of Business,Bachelor of Business Administration 2015-16 III Sem VI,1.32E+11,Tuition Fee (Back Paper),0,9000,0,0,0,0,0,0,0,
236980,27-07-2016,2016-2017,2016-2017,AIE,RCPT,842585,14GCOB101192,14GCOB101192,No Information,General,School of Business,Bachelor of Business Administration,School of Business,Bachelor of Business Administration 2015-16 III Sem VI,1.32E+11,Exam Fee (Back Paper),0,2500,0,0,0,0,0,0,0,
236981,27-07-2016,2016-2017,2016-2017,AIE,RCPT,842583,14GCOB101192,14GCOB101192,No Information,General,School of Business,Bachelor of Business Administration,School of Business,Bachelor of Business Administration 2015-16 III Sem VI,1.32E+11,Fine Fee,0,8000,0,0,0,0,0,0,0,
236982,27-07-2016,2016-2017,2016-2017,AIE,RCPT,766163,15CECE103075,15CECE103075,Alumni,General,School of Electrical Electronics & Communication Engineering,B.Tech/B.Tech (Hons) Electronics & Communications Engineering,School of Electrical  Electronics,ELECTRONICS AND COMMUNICATION ENGINEERING-2015-16 V Sem IX,2.42E+11,Library BookC Recieved,0,600,0,0,0,0,0,0,0,
236983,27-07-2016,2016-2017,2016-2017,AIE,RCPT,782136,15CCCE101230,15CCCE101230,Alumni,General,School of Computing Science & Engineering,B.Tech/B.Tech (Hons) Computer Science Engineering,School of Computing Science,B.Tech in CSE 2015-16 V Sem IX,2.22E+11,Library BookC Recieved,0,300,0,0,0,0,0,0,0,
236984,27-07-2016,2016-2017,2016-2017,AIE,RCPT,766781,15CECE103003,15CECE103003,Alumni,General,School of Electrical Electronics & Communication Engineering,B.Tech/B.Tech (Hons) Electronics & Communications Engineering,School of Electrical  Electronics,ELECTRONICS AND COMMUNICATION ENGINEERING-2015-16 V Sem IX,2.42E+11,Library BookC Recieved,0,300,0,0,0,0,0,0,0,
236985,27-07-2016,2016-2017,2016-2017,AIE,RCPT,843148,14GCOB101117,14GCOB101117,No Information,General,School of Business,Bachelor of Business Administration,School of Business,Bachelor of Business Administration 2015-16 III Sem VI,1.32E+11,Fine Fee,0,3000,0,0,0,0,0,0,0,
236986,27-07-2016,2016-2017,2016-2017,AIE,RCPT,843148,14GCOB101117,14GCOB101117,No Information,General,School of Business,Bachelor of Business Administration,School of Business,Bachelor of Business Administration 2015-16 III Sem VI,1.32E+11,Tuition Fee (Back Paper),0,5400,0,0,0,0,0,0,0,
236987,27-07-2016,2016-2017,2016-2017,AIE,RCPT,843148,14GCOB101117,14GCOB101117,No Information,General,School of Business,Bachelor of Business Administration,School of Business,Bachelor of Business Administration 2015-16 III Sem VI,1.32E+11,Exam Fee (Back Paper),0,2500,0,0,0,0,0,0,0,
236988,27-07-2016,2016-2017,2016-2017,AIE,RCPT,844676,14GCFC101026,14GCFC101026,No Information,General,School of Finance & Commerce,B.Com. (Hons),School of Finance,B COM H-2015-16 III Sem VI,1.72E+11,Exam Fee (Back Paper),0,500,0,0,0,0,0,0,0,
236989,27-07-2016,2016-2017,2016-2017,AIE,RCPT,766217,15CECE103064,15CECE103064,Alumni,General,School of Electrical Electronics & Communication Engineering,B.Tech/B.Tech (Hons) Electronics & Communications Engineering,School of Electrical  Electronics,ELECTRONICS AND COMMUNICATION ENGINEERING-2015-16 V Sem IX,2.42E+11,Library BookC Recieved,0,600,0,0,0,0,0,0,0,
236990,27-07-2016,2016-2017,2016-2017,AIE,RCPT,778527,15CCCE101401,15CCCE101401,Alumni,General,School of Computing Science & Engineering,B.Tech/B.Tech (Hons) Computer Science Engineering,School of Computing Science,B.Tech in CSE 2015-16 V Sem IX,2.22E+11,Library BookC Recieved,0,300,0,0,0,0,0,0,0,
236991,27-07-2016,2016-2017,2016-2017,AIE,RCPT,802590,16CCCE203015,16CCCE203015,Active,General,School of Computing Science & Engineering,MCA,School of Computing Science,MCA 2015 - 16 III Sem VI,2.22E+11,Library BookC Recieved,0,600,0,0,0,0,0,0,0,
236992,27-07-2016,2016-2017,2016-2017,AIE,RCPT,782646,15CCCE101202,15CCCE101202,Alumni,General,School of Computing Science & Engineering,B.Tech/B.Tech (Hons) Computer Science Engineering,School of Computing Science,B.Tech in CSE 2015-16 V Sem IX,2.22E+11,Library BookC Recieved,0,300,0,0,0,0,0,0,0,
236993,27-07-2016,2016-2017,2016-2017,AIE,RCPT,782180,15CCCE101228,15CCCE101228,Alumni,General,School of Computing Science & Engineering,B.Tech/B.Tech (Hons) Computer Science Engineering,School of Computing Science,B.Tech in CSE 2015-16 V Sem IX,2.22E+11,Library BookC Recieved,0,300,0,0,0,0,0,0,0,
236994,27-07-2016,2016-2017,2016-2017,AIE,RCPT,831531,14CCCE101112,14CCCE101112,Alumni,General,School of Computing Science & Engineering,B.Tech/B.Tech (Hons) Computer Science Engineering,School of Computing Science,B.Tech in CSE 2014-15 IV Sem VIII,2.22E+11,Library BookC Recieved,0,400,0,0,0,0,0,0,0,
236995,27-07-2016,2016-2017,2016-2017,AIE,RCPT,782679,15CCCE101201,15CCCE101201,Alumni,General,School of Computing Science & Engineering,B.Tech/B.Tech (Hons) Computer Science Engineering,School of Computing Science,B.Tech in CSE 2015-16 V Sem IX,2.22E+11,Library BookC Recieved,0,300,0,0,0,0,0,0,0,
236996,27-07-2016,2016-2017,2016-2017,AIE,RCPT,799091,16CMAC105008,16CMAC105008,Alumni,General,School of Medical and Allied Sciences,B.Sc. Medical Lab Technology,School of Medical and Allied Sciences,B.Sc MLT 2015-16 IV Sem VIII,2.12E+11,TUITION FEE,0,10000,0,0,0,0,0,0,0,
236997,27-07-2016,2016-2017,2016-2017,AIE,RCPT,780851,15CCCE101286,15CCCE101286,No Information,General,School of Computing Science & Engineering,B.Tech/B.Tech (Hons) Computer Science Engineering,School of Computing Science,B.Tech in CSE 2015-16 III Sem VI,2.22E+11,Fine Fee,0,2000,0,0,0,0,0,0,0,
236998,27-07-2016,2016-2017,2016-2017,AIE,RCPT,780851,15CCCE101286,15CCCE101286,No Information,General,School of Computing Science & Engineering,B.Tech/B.Tech (Hons) Computer Science Engineering,School of Computing Science,B.Tech in CSE 2015-16 III Sem VI,2.22E+11,Tuition Fee (Back Paper),0,3600,0,0,0,0,0,0,0,
236999,27-07-2016,2016-2017,2016-2017,AIE,RCPT,780851,15CCCE101286,15CCCE101286,No Information,General,School of Computing Science & Engineering,B.Tech/B.Tech (Hons) Computer Science Engineering,School of Computing Science,B.Tech in CSE 2015-16 III Sem VI,2.22E+11,Exam Fee (Back Paper),0,1000,0,0,0,0,0,0,0,
237000,28-07-2016,2016-2017,2016-2017,AIE,RCPT,828854,14CCCE101391,14CCCE101391,No Information,General,School of Computing Science & Engineering,B.Tech/B.Tech (Hons) Computer Science Engineering,School of Computing Science,B.Tech in CSE 2014-15 IV Sem VIII,2.22E+11,Fine Fee,0,200,0,0,0,0,0,0,0,
237001,28-07-2016,2016-2017,2016-2017,AIE,RCPT,780777,15CCCE101289,15CCCE101289,Alumni,General,School of Computing Science & Engineering,B.Tech/B.Tech (Hons) Computer Science Engineering,School of Computing Science,B.Tech in CSE 2015-16 V Sem IX,2.22E+11,Fine Fee,0,200,0,0,0,0,0,0,0,
237002,28-07-2016,2016-2017,2016-2017,AIE,RCPT,753779,16GCOB201117,16GCOB201117,Alumni,General,School of Business,MBA in dual specialization ,School of Business,MBA 2016-2017 II Sem IV,1.32E+11,TUITION FEE,0,149000,0,0,0,0,0,0,0,
237003,28-07-2016,2016-2017,2016-2017,AIE,RCPT,753779,16GCOB201117,16GCOB201117,Alumni,General,School of Business,MBA in dual specialization ,School of Business,MBA 2016-2017 II Sem IV,1.32E+11,Exam Fee,0,10000,0,0,0,0,0,0,0,
237004,28-07-2016,2016-2017,2016-2017,AIE,RCPT,804581,16CCCE111018,16CCCE111018,Active,General,School of Computing Science & Engineering,Integrated BCA + MCA,School of Computing Science,BCA + MCA 2016-17 V SEM X,2.22E+11,TUITION FEE,0,77000,0,0,0,0,0,0,0,
237005,28-07-2016,2016-2017,2016-2017,AIE,RCPT,804581,16CCCE111018,16CCCE111018,Active,General,School of Computing Science & Engineering,Integrated BCA + MCA,School of Computing Science,BCA + MCA 2016-17 V SEM X,2.22E+11,Exam Fee,0,10000,0,0,0,0,0,0,0,
237006,28-07-2016,2016-2017,2016-2017,AIE,RCPT,771639,15CCCE102002,15CCCE102002,Withdrawn,General,School of Computing Science & Engineering,BCA,School of Computing Science,BCA 2016-17 III Sem V,2.22E+11,Library BookC Recieved,0,300,0,0,0,0,0,0,0,
237007,28-07-2016,2016-2017,2016-2017,AIE,RCPT,771641,15CCCE102002,15CCCE102002,Withdrawn,General,School of Computing Science & Engineering,BCA,School of Computing Science,BCA 2016-17 III Sem V,2.22E+11,Fine Fee,0,200,0,0,0,0,0,0,0,
237008,28-07-2016,2016-2017,2016-2017,AIE,RCPT,753736,16GCOB201122,16GCOB201122,Alumni,General,School of Business,MBA in dual specialization ,School of Business,MBA 2016-2017 II Sem IV,1.32E+11,TUITION FEE,0,149000,0,0,0,0,0,0,0,
237009,28-07-2016,2016-2017,2016-2017,AIE,RCPT,753736,16GCOB201122,16GCOB201122,Alumni,General,School of Business,MBA in dual specialization ,School of Business,MBA 2016-2017 II Sem IV,1.32E+11,Exam Fee,0,10000,0,0,0,0,0,0,0,
237010,28-07-2016,2016-2017,2016-2017,AIE,RCPT,753739,16GCOB201121,16GCOB201121,No Information,General,School of Business,MBA in dual specialization ,School of Business,MBA in dual specialization  2017-2018 II Sem IV,1.32E+11,TUITION FEE,0,149000,0,0,0,0,0,0,0,
237011,28-07-2016,2016-2017,2016-2017,AIE,RCPT,753739,16GCOB201121,16GCOB201121,No Information,General,School of Business,MBA in dual specialization ,School of Business,MBA in dual specialization  2017-2018 II Sem IV,1.32E+11,Exam Fee,0,10000,0,0,0,0,0,0,0,
237012,28-07-2016,2016-2017,2016-2017,AIE,RCPT,739337,16CCCE101505,16CCCE101505,Withdrawn,General,School of Computing Science & Engineering,Integrated B.Tech (Chemical Engineering) + MBA,School of Computing Science,B.Tech in CSE 2015-16 IV Sem VII,2.22E+11,Fine Fee,0,200,0,0,0,0,0,0,0,
237013,28-07-2016,2016-2017,2016-2017,AIE,RCPT,771858,15CCCE101765,15CCCE101765,Withdrawn,General,School of Computing Science & Engineering,B.Tech/B.Tech (Hons) Computer Science Engineering,School of Computing Science,B.Tech in CSE 2016-17 III Sem V,2.22E+11,TUITION FEE,0,4000,0,0,0,0,0,0,0,
237014,28-07-2016,2016-2017,2016-2017,AIE,RCPT,771858,15CCCE101765,15CCCE101765,Withdrawn,General,School of Computing Science & Engineering,B.Tech/B.Tech (Hons) Computer Science Engineering,School of Computing Science,B.Tech in CSE 2016-17 III Sem V,2.22E+11,Fine Fee,0,8000,0,0,0,0,0,0,0,
237015,28-07-2016,2016-2017,2016-2017,AIE,RCPT,751072,16GCOL103052,16GCOL103052,Active,General,School of Law,Integrated BBA + LLB (Hons.),School of Law,BBALLB 2016-2017 V SEM X,1.92E+11,TUITION FEE,0,60000,0,0,0,0,0,0,0,
237016,28-07-2016,2016-2017,2016-2017,AIE,RCPT,753752,16GCOB201120,16GCOB201120,Alumni,General,School of Business,MBA in dual specialization ,School of Business,MBA 2016-2017 II Sem IV,1.32E+11,TUITION FEE,0,80000,0,0,0,0,0,0,0,
237017,28-07-2016,2016-2017,2016-2017,AIE,RCPT,785417,15CCCE101069,15CCCE101069,Alumni,General,School of Computing Science & Engineering,B.Tech/B.Tech (Hons) Computer Science Engineering,School of Computing Science,B.Tech in CSE 2015-16 V Sem IX,2.22E+11,Library BookC Recieved,0,300,0,0,0,0,0,0,0,
237018,28-07-2016,2016-2017,2016-2017,AIE,RCPT,817171,15GCOL102062,15GCOL102062,Active,General,School of Law,Integrated BA + LLB (Hons.),School of Law,BALLB 2016-2017 V SEM X,1.92E+11,Fine Fee,0,200,0,0,0,0,0,0,0,
237019,28-07-2016,2016-2017,2016-2017,AIE,RCPT,785377,15CCCE101072,15CCCE101072,Alumni,General,School of Computing Science & Engineering,B.Tech/B.Tech (Hons) Computer Science Engineering,School of Computing Science,B.Tech in CSE 2015-16 V Sem IX,2.22E+11,Fine Fee,0,200,0,0,0,0,0,0,0,
237020,28-07-2016,2016-2017,2016-2017,AIE,RCPT,753763,16GCOB201119,16GCOB201119,Alumni,General,School of Business,MBA in dual specialization ,School of Business,MBA 2016-2017 II Sem IV,1.32E+11,TUITION FEE,0,80000,0,0,0,0,0,0,0,
237021,28-07-2016,2016-2017,2016-2017,AIE,RCPT,775184,15CCCE101557,15CCCE101557,No Information,General,School of Computing Science & Engineering,B.Tech/B.Tech (Hons) Computer Science Engineering,School of Computing Science,B.Tech in CSE 2015-16 III Sem VI,2.22E+11,Fine Fee,0,200,0,0,0,0,0,0,0,
237022,28-07-2016,2016-2017,2016-2017,AIE,RCPT,775184,15CCCE101557,15CCCE101557,No Information,General,School of Computing Science & Engineering,B.Tech/B.Tech (Hons) Computer Science Engineering,School of Computing Science,B.Tech in CSE 2015-16 III Sem VI,2.22E+11,Library BookC Recieved,0,300,0,0,0,0,0,0,0,
237023,28-07-2016,2016-2017,2016-2017,AIE,RCPT,750300,16CAHC101017,16CAHC101017,Alumni,General,School of Humanities & Social Sciences,B.A(Hons) Applied Psychology,School of Humanities,BA (H)Applied Psychology 2016-17 IV Sem VII,1.42E+11,TUITION FEE,0,50000,0,0,0,0,0,0,0,
237024,28-07-2016,2016-2017,2016-2017,AIE,RCPT,750300,16CAHC101017,16CAHC101017,Alumni,General,School of Humanities & Social Sciences,B.A(Hons) Applied Psychology,School of Humanities,BA (H)Applied Psychology 2016-17 IV Sem VII,1.42E+11,Exam Fee,0,4000,0,0,0,0,0,0,0,
237025,28-07-2016,2016-2017,2016-2017,AIE,RCPT,785622,15GCOB101229,15GCOB101229,Alumni,General,School of Business,Bachelor of Business Administration,School of Business,Bachelor of Business Administration 2015-16 III Sem VI,1.32E+11,Fine Fee,0,2000,0,0,0,0,0,0,0,
237026,28-07-2016,2016-2017,2016-2017,AIE,RCPT,785622,15GCOB101229,15GCOB101229,Alumni,General,School of Business,Bachelor of Business Administration,School of Business,Bachelor of Business Administration 2015-16 III Sem VI,1.32E+11,Tuition Fee (Back Paper),0,3600,0,0,0,0,0,0,0,
237027,28-07-2016,2016-2017,2016-2017,AIE,RCPT,785622,15GCOB101229,15GCOB101229,Alumni,General,School of Business,Bachelor of Business Administration,School of Business,Bachelor of Business Administration 2015-16 III Sem VI,1.32E+11,Exam Fee (Back Paper),0,1000,0,0,0,0,0,0,0,
237028,28-07-2016,2016-2017,2016-2017,CCAB,RCPT,828985,14CCCE101380,14CCCE101380,Alumni,General,School of Computing Science & Engineering,B.Tech/B.Tech (Hons) Computer Science Engineering,School of Computing Science,B.Tech in CSE 2014-15 IV Sem VIII,2.22E+11,Fine Fee,0,200,0,0,0,0,0,0,0,
237029,28-07-2016,2016-2017,2016-2017,AIE,RCPT,772125,15CCCE101741,15CCCE101741,Withdrawn,General,School of Computing Science & Engineering,Integrated B.Tech (Chemical Engineering) + MBA,School of Computing Science,B.Tech in CSE 2015-16 IV Sem VII,2.22E+11,Fine Fee,0,200,0,0,0,0,0,0,0,
237030,28-07-2016,2016-2017,2016-2017,AIE,RCPT,756700,16GCOB101160,16GCOB101160,Alumni,General,School of Business,Bachelor of Business Administration,School of Business,Bachelor of Business Administration 2016-17 IV Sem VII,1.32E+11,TUITION FEE,0,77000,0,0,0,0,0,0,0,
237031,28-07-2016,2016-2017,2016-2017,AIE,RCPT,756700,16GCOB101160,16GCOB101160,Alumni,General,School of Business,Bachelor of Business Administration,School of Business,Bachelor of Business Administration 2016-17 IV Sem VII,1.32E+11,Exam Fee,0,10000,0,0,0,0,0,0,0,
237032,28-07-2016,2016-2017,2016-2017,AIE,RCPT,771677,15CCCE101781,15CCCE101781,Alumni,General,School of Computing Science & Engineering,B.Tech/B.Tech (Hons) Computer Science Engineering,School of Computing Science,B.Tech in CSE 2015-16 V Sem IX,2.22E+11,Fine Fee,0,200,0,0,0,0,0,0,0,
237033,28-07-2016,2016-2017,2016-2017,AIE,RCPT,771677,15CCCE101781,15CCCE101781,Alumni,General,School of Computing Science & Engineering,B.Tech/B.Tech (Hons) Computer Science Engineering,School of Computing Science,B.Tech in CSE 2015-16 V Sem IX,2.22E+11,Library BookC Recieved,0,300,0,0,0,0,0,0,0,
237034,28-07-2016,2016-2017,2016-2017,AIE,RCPT,816690,15GCOL102118,15GCOL102118,Year Back,General,School of Law,Integrated BA + LLB (Hons.),School of Law,BALLB  2016-2017 III Sem VI,1.92E+11,Fine Fee,0,200,0,0,0,0,0,0,0,
237035,28-07-2016,2016-2017,2016-2017,AIE,RCPT,828872,14CCCE101390,14CCCE101390,Alumni,General,School of Computing Science & Engineering,B.Tech/B.Tech (Hons) Computer Science Engineering,School of Computing Science,B.Tech in CSE 2014-15 IV Sem VIII,2.22E+11,Library BookC Recieved,0,300,0,0,0,0,0,0,0,
237036,28-07-2016,2016-2017,2016-2017,AIE,RCPT,853554,13CCME101237,13CCME101237,Alumni,General,School of Mechanical Engineering,B.Tech/B.Tech (Hons) Mechanical Engineering,School of Mechanical Engineering,B.Tech/B.Tech (Hons) Mechanical Engineering 2017-2018 IV Sem VIII,2.32E+11,Fine Fee,0,200,0,0,0,0,0,0,0,
237037,28-07-2016,2016-2017,2016-2017,AIE,RCPT,762709,16GPTC401037,16GPTC401037,No Information,General,Gs Polytechnic,Diploma in Mechanical Engineering,Gs Polytechnic,MECHANICAL  ENGINEERING 2016-2017 II Sem IV,3.22E+11,TUITION FEE,0,35000,0,0,0,0,0,0,0,
237038,28-07-2016,2016-2017,2016-2017,AIE,RCPT,762709,16GPTC401037,16GPTC401037,No Information,General,Gs Polytechnic,Diploma in Mechanical Engineering,Gs Polytechnic,MECHANICAL  ENGINEERING 2016-2017 II Sem IV,3.22E+11,Exam Fee,0,10000,0,0,0,0,0,0,0,
237039,28-07-2016,2016-2017,2016-2017,AIE,RCPT,762707,16GPTC401038,16GPTC401038,No Information,General,Gs Polytechnic,Diploma in Mechanical Engineering,Gs Polytechnic,MECHANICAL  ENGINEERING 2016-2017 II Sem IV,3.22E+11,TUITION FEE,0,15000,0,0,0,0,0,0,0,
237040,28-07-2016,2016-2017,2016-2017,AIE,RCPT,762707,16GPTC401038,16GPTC401038,No Information,General,Gs Polytechnic,Diploma in Mechanical Engineering,Gs Polytechnic,MECHANICAL  ENGINEERING 2016-2017 II Sem IV,3.22E+11,Exam Fee,0,10000,0,0,0,0,0,0,0,
237041,28-07-2016,2016-2017,2016-2017,AIE,RCPT,752854,16GCOH101026,16GCOH101026,Alumni,General,School of Hospitality,B.Sc (Hotel Management),School of Hospitality,Hospitality Management 2016-2017 IV Sem VII,2.02E+11,TUITION FEE,0,50000,0,0,0,0,0,0,0,
237042,28-07-2016,2016-2017,2016-2017,AIE,RCPT,752854,16GCOH101026,16GCOH101026,Alumni,General,School of Hospitality,B.Sc (Hotel Management),School of Hospitality,Hospitality Management 2016-2017 IV Sem VII,2.02E+11,Exam Fee,0,10000,0,0,0,0,0,0,0,
237043,28-07-2016,2016-2017,2016-2017,,RCPT,774723,15CCCE101579,15CCCE101579,Alumni,General,School of Computing Science & Engineering,B.Tech/B.Tech (Hons) Computer Science Engineering,School of Computing Science,B.Tech in CSE 2015-16 V Sem IX,2.22E+11,Library BookC Recieved,0,300,0,0,0,0,0,0,0,
237044,28-07-2016,2016-2017,2016-2017,AIE,RCPT,753773,16GCOB201118,16GCOB201118,Alumni,General,School of Business,MBA in dual specialization ,School of Business,MBA 2016-2017 II Sem IV,1.32E+11,TUITION FEE,0,149000,0,0,0,0,0,0,0,
237045,28-07-2016,2016-2017,2016-2017,AIE,RCPT,753773,16GCOB201118,16GCOB201118,Alumni,General,School of Business,MBA in dual specialization ,School of Business,MBA 2016-2017 II Sem IV,1.32E+11,Ajustable_Excess_Amount,0,25000,0,0,0,0,0,0,0,
237046,28-07-2016,2016-2017,2016-2017,AIE,RCPT,753773,16GCOB201118,16GCOB201118,Alumni,General,School of Business,MBA in dual specialization ,School of Business,MBA 2016-2017 II Sem IV,1.32E+11,Exam Fee,0,10000,0,0,0,0,0,0,0,
237047,28-07-2016,2016-2017,2016-2017,AIE,RCPT,771849,15CCCE101766,15CCCE101766,Alumni,General,School of Computing Science & Engineering,B.Tech/B.Tech (Hons) Computer Science Engineering,School of Computing Science,B.Tech in CSE 2015-16 V Sem IX,2.22E+11,Fine Fee,0,200,0,0,0,0,0,0,0,
237048,28-07-2016,2016-2017,2016-2017,,RCPT,774728,15CCCE101579,15CCCE101579,Alumni,General,School of Computing Science & Engineering,B.Tech/B.Tech (Hons) Computer Science Engineering,School of Computing Science,B.Tech in CSE 2015-16 V Sem IX,2.22E+11,Fine Fee,0,200,0,0,0,0,0,0,0,
237049,28-07-2016,2016-2017,2016-2017,AIE,RCPT,772020,15CCCE101750,15CCCE101750,Alumni,General,School of Computing Science & Engineering,B.Tech/B.Tech (Hons) Computer Science Engineering,School of Computing Science,B.Tech in CSE 2015-16 V Sem IX,2.22E+11,Fine Fee,0,200,0,0,0,0,0,0,0,
237050,28-07-2016,2016-2017,2016-2017,AIE,RCPT,756708,16GCOB101159,16GCOB101159,Alumni,General,School of Business,Bachelor of Business Administration,School of Business,Bachelor of Business Administration 2016-17 IV Sem VII,1.32E+11,TUITION FEE,0,77000,0,0,0,0,0,0,0,
237051,28-07-2016,2016-2017,2016-2017,AIE,RCPT,756708,16GCOB101159,16GCOB101159,Alumni,General,School of Business,Bachelor of Business Administration,School of Business,Bachelor of Business Administration 2016-17 IV Sem VII,1.32E+11,Exam Fee,0,10000,0,0,0,0,0,0,0,
237052,28-07-2016,2016-2017,2016-2017,AIE,RCPT,776814,15CCCE101481,15CCCE101481,Alumni,General,School of Computing Science & Engineering,B.Tech/B.Tech (Hons) Computer Science Engineering,School of Computing Science,B.Tech in CSE 2015-16 V Sem IX,2.22E+11,Fine Fee,0,200,0,0,0,0,0,0,0,
237053,28-07-2016,2016-2017,2016-2017,AIE,RCPT,737684,16CCCE101629,16CCCE101629,Alumni,General,School of Computing Science & Engineering,B.Tech/B.Tech (Hons) Computer Science Engineering,School of Computing Science,B.Tech in CSE 2016-17 IV Sem VIII,2.22E+11,TUITION FEE,0,28000,0,0,0,0,0,0,0,
237054,28-07-2016,2016-2017,2016-2017,AIE,RCPT,737670,16CCCE101630,16CCCE101630,Alumni,General,School of Computing Science & Engineering,B.Tech/B.Tech (Hons) Computer Science Engineering,School of Computing Science,B.Tech in CSE 2016-17 IV Sem VIII,2.22E+11,TUITION FEE,0,100000,0,0,0,0,0,0,0,
237055,28-07-2016,2016-2017,2016-2017,AIE,RCPT,773826,15CCCE101620,15CCCE101620,No Information,General,School of Computing Science & Engineering,B.Tech/B.Tech (Hons) Computer Science Engineering,School of Computing Science,B.Tech in CSE 2015-16 III Sem VI,2.22E+11,Library BookC Recieved,0,300,0,0,0,0,0,0,0,
237056,28-07-2016,2016-2017,2016-2017,AIE,RCPT,773215,15CCCE101649,15CCCE101649,Alumni,General,School of Computing Science & Engineering,B.Tech/B.Tech (Hons) Computer Science Engineering,School of Computing Science,B.Tech in CSE 2015-16 V Sem IX,2.22E+11,Fine Fee,0,200,0,0,0,0,0,0,0,
237057,28-07-2016,2016-2017,2016-2017,AIE,RCPT,773215,15CCCE101649,15CCCE101649,Alumni,General,School of Computing Science & Engineering,B.Tech/B.Tech (Hons) Computer Science Engineering,School of Computing Science,B.Tech in CSE 2015-16 V Sem IX,2.22E+11,Library BookC Recieved,0,300,0,0,0,0,0,0,0,
237058,28-07-2016,2016-2017,2016-2017,AIE,RCPT,737700,16CCCE101628,16CCCE101628,Alumni,General,School of Computing Science & Engineering,B.Tech/B.Tech (Hons) Computer Science Engineering,School of Computing Science,B.Tech in CSE 2016-17 IV Sem VIII,2.22E+11,TUITION FEE,0,20000,0,0,0,0,0,0,0,
237059,28-07-2016,2016-2017,2016-2017,AIE,RCPT,773828,15CCCE101620,15CCCE101620,No Information,General,School of Computing Science & Engineering,B.Tech/B.Tech (Hons) Computer Science Engineering,School of Computing Science,B.Tech in CSE 2015-16 III Sem VI,2.22E+11,Fine Fee,0,200,0,0,0,0,0,0,0,
237060,28-07-2016,2016-2017,2016-2017,AIE,RCPT,737658,16CCCE101631,16CCCE101631,Cancelled,General,School of Computing Science & Engineering,B.Tech/B.Tech (Hons) Computer Science Engineering,School of Computing Science,B.Tech in CSE 2018-19 II Sem III,2.22E+11,TUITION FEE,0,149000,0,0,0,0,0,0,0,
237061,28-07-2016,2016-2017,2016-2017,AIE,RCPT,737658,16CCCE101631,16CCCE101631,Cancelled,General,School of Computing Science & Engineering,B.Tech/B.Tech (Hons) Computer Science Engineering,School of Computing Science,B.Tech in CSE 2018-19 II Sem III,2.22E+11,Ajustable_Excess_Amount,0,1000,0,0,0,0,0,0,0,
237062,28-07-2016,2016-2017,2016-2017,AIE,RCPT,737658,16CCCE101631,16CCCE101631,Cancelled,General,School of Computing Science & Engineering,B.Tech/B.Tech (Hons) Computer Science Engineering,School of Computing Science,B.Tech in CSE 2018-19 II Sem III,2.22E+11,Exam Fee,0,10000,0,0,0,0,0,0,0,
237063,28-07-2016,2016-2017,2016-2017,AIE,RCPT,737650,16CCCE101632,16CCCE101632,Withdrawn,General,School of Computing Science & Engineering,B.Tech/B.Tech (Hons) Computer Science Engineering,School of Computing Science,B.Tech First Year 2017-2018 I Sem II,2.22E+11,TUITION FEE,0,149000,0,0,0,0,0,0,0,
237064,28-07-2016,2016-2017,2016-2017,AIE,RCPT,737650,16CCCE101632,16CCCE101632,Withdrawn,General,School of Computing Science & Engineering,B.Tech/B.Tech (Hons) Computer Science Engineering,School of Computing Science,B.Tech First Year 2017-2018 I Sem II,2.22E+11,Exam Fee,0,10000,0,0,0,0,0,0,0,
237065,28-07-2016,2016-2017,2016-2017,AIE,RCPT,784269,15CCCE101128,15CCCE101128,No Information,General,School of Computing Science & Engineering,B.Tech/B.Tech (Hons) Computer Science Engineering,School of Computing Science,B.Tech in CSE 2016-17 II Sem IV,2.22E+11,Library BookC Recieved,0,300,0,0,0,0,0,0,0,
237066,28-07-2016,2016-2017,2016-2017,AIE,RCPT,831589,14CCCE101104,14CCCE101104,Alumni,General,School of Computing Science & Engineering,B.Tech/B.Tech (Hons) Computer Science Engineering,School of Computing Science,B.Tech in CSE 2014-15 IV Sem VIII,2.22E+11,Library BookC Recieved,0,400,0,0,0,0,0,0,0,
237067,28-07-2016,2016-2017,2016-2017,NRI,RCPT,828531,14CCCE101424,14CCCE101424,No Information,General,School of Computing Science & Engineering,B.Tech/B.Tech (Hons) Computer Science Engineering,School of Computing Science,B.Tech in CSE 2014-15 IV Sem VIII,2.22E+11,Fine Fee,0,4000,0,0,0,0,0,0,0,
237068,28-07-2016,2016-2017,2016-2017,NRI,RCPT,828531,14CCCE101424,14CCCE101424,No Information,General,School of Computing Science & Engineering,B.Tech/B.Tech (Hons) Computer Science Engineering,School of Computing Science,B.Tech in CSE 2014-15 IV Sem VIII,2.22E+11,Tuition Fee (Back Paper),0,7200,0,0,0,0,0,0,0,
237069,28-07-2016,2016-2017,2016-2017,NRI,RCPT,828531,14CCCE101424,14CCCE101424,No Information,General,School of Computing Science & Engineering,B.Tech/B.Tech (Hons) Computer Science Engineering,School of Computing Science,B.Tech in CSE 2014-15 IV Sem VIII,2.22E+11,Exam Fee (Back Paper),0,2000,0,0,0,0,0,0,0,
237070,28-07-2016,2016-2017,2016-2017,AIE,RCPT,737642,16CCCE101633,16CCCE101633,Alumni,General,School of Computing Science & Engineering,B.Tech/B.Tech (Hons) Computer Science Engineering,School of Computing Science,B.Tech in CSE 2016-17 IV Sem VIII,2.22E+11,TUITION FEE,0,40000,0,0,0,0,0,0,0,
237071,28-07-2016,2016-2017,2016-2017,AIE,RCPT,737642,16CCCE101633,16CCCE101633,Alumni,General,School of Computing Science & Engineering,B.Tech/B.Tech (Hons) Computer Science Engineering,School of Computing Science,B.Tech in CSE 2016-17 IV Sem VIII,2.22E+11,Exam Fee,0,10000,0,0,0,0,0,0,0,
237072,28-07-2016,2016-2017,2016-2017,AIE,RCPT,831560,14CCCE101106,14CCCE101106,Withdrawn,General,School of Computing Science & Engineering,Integrated B.Tech (Chemical Engineering) + MBA,School of Computing Science,B.Tech in CSE 2015-16 IV Sem VII,2.22E+11,Library BookC Recieved,0,400,0,0,0,0,0,0,0,
237073,28-07-2016,2016-2017,2016-2017,AIE,RCPT,829616,14CCCE101319,14CCCE101319,No Information,General,School of Computing Science & Engineering,B.Tech/B.Tech (Hons) Computer Science Engineering,School of Computing Science,B.Tech in CSE 2014-15 IV Sem VIII,2.22E+11,Exam Fee (Back Paper),0,1000,0,0,0,0,0,0,0,
237074,28-07-2016,2016-2017,2016-2017,AIE,RCPT,737718,16CCCE101627,16CCCE101627,Alumni,General,School of Computing Science & Engineering,B.Tech/B.Tech (Hons) Computer Science Engineering,School of Computing Science,B.Tech in CSE 2016-17 IV Sem VIII,2.22E+11,TUITION FEE,0,149000,0,0,0,0,0,0,0,
237075,28-07-2016,2016-2017,2016-2017,AIE,RCPT,737718,16CCCE101627,16CCCE101627,Alumni,General,School of Computing Science & Engineering,B.Tech/B.Tech (Hons) Computer Science Engineering,School of Computing Science,B.Tech in CSE 2016-17 IV Sem VIII,2.22E+11,Exam Fee,0,10000,0,0,0,0,0,0,0,
237076,28-07-2016,2016-2017,2016-2017,AIE,RCPT,802763,16CCCE201004,16CCCE201004,Alumni,General,School of Computing Science & Engineering,M.Tech Computer Science Engineering,School of Computing Science,M.Tech in CSE 2016-17 II Sem IV,2.22E+11,TUITION FEE,0,77000,0,0,0,0,0,0,0,
237077,28-07-2016,2016-2017,2016-2017,AIE,RCPT,802763,16CCCE201004,16CCCE201004,Alumni,General,School of Computing Science & Engineering,M.Tech Computer Science Engineering,School of Computing Science,M.Tech in CSE 2016-17 II Sem IV,2.22E+11,Exam Fee,0,10000,0,0,0,0,0,0,0,
237078,28-07-2016,2016-2017,2016-2017,AIE,RCPT,853792,13CCME101215,13CCME101215,No Information,General,School of Mechanical Engineering,B.Tech/B.Tech (Hons) Mechanical Engineering,School of Mechanical Engineering,B.Tech/B.Tech (Hons) Mechanical Engineering 2017-2018 IV Sem VIII,2.32E+11,Fine Fee,0,200,0,0,0,0,0,0,0,
237079,28-07-2016,2016-2017,2016-2017,AIE,RCPT,828761,14CCCE101404,14CCCE101404,Alumni,General,School of Computing Science & Engineering,B.Tech/B.Tech (Hons) Computer Science Engineering,School of Computing Science,B.Tech in CSE 2014-15 IV Sem VIII,2.22E+11,Fine Fee,0,200,0,0,0,0,0,0,0,
237080,28-07-2016,2016-2017,2016-2017,AIE,RCPT,828761,14CCCE101404,14CCCE101404,Alumni,General,School of Computing Science & Engineering,B.Tech/B.Tech (Hons) Computer Science Engineering,School of Computing Science,B.Tech in CSE 2014-15 IV Sem VIII,2.22E+11,Library BookC Recieved,0,400,0,0,0,0,0,0,0,
237081,28-07-2016,2016-2017,2016-2017,AIE,RCPT,830590,14CCCE101223,14CCCE101223,Alumni,General,School of Computing Science & Engineering,BCA,School of Computing Science,BCA 2015-16 III Sem VI,2.22E+11,Library BookC Recieved,0,300,0,0,0,0,0,0,0,
237082,28-07-2016,2016-2017,2016-2017,AIE,RCPT,805065,16CCCE107059,16CCCE107059,Alumni,General,School of Computing Science & Engineering,B.Tech (Hons) in Computer Science & Engineering with Specialization in Business Analytics,School of Computing Science,B.Tech in CSBA 2016-17 IV Sem VIII,2.22E+11,TUITION FEE,0,170000,0,0,0,0,0,0,0,
237083,28-07-2016,2016-2017,2016-2017,AIE,RCPT,805065,16CCCE107059,16CCCE107059,Alumni,General,School of Computing Science & Engineering,B.Tech (Hons) in Computer Science & Engineering with Specialization in Business Analytics,School of Computing Science,B.Tech in CSBA 2016-17 IV Sem VIII,2.22E+11,Exam Fee,0,10000,0,0,0,0,0,0,0,
237084,28-07-2016,2016-2017,2016-2017,AIE,RCPT,831382,14CCCE101130,14CCCE101130,Alumni,General,School of Computing Science & Engineering,B.Tech/B.Tech (Hons) Computer Science Engineering,School of Computing Science,B.Tech in CSE 2014-15 IV Sem VIII,2.22E+11,Library BookC Recieved,0,400,0,0,0,0,0,0,0,
237085,28-07-2016,2016-2017,2016-2017,AIE,RCPT,831383,14CCCE101130,14CCCE101130,Alumni,General,School of Computing Science & Engineering,B.Tech/B.Tech (Hons) Computer Science Engineering,School of Computing Science,B.Tech in CSE 2014-15 IV Sem VIII,2.22E+11,Fine Fee,0,200,0,0,0,0,0,0,0,
237086,28-07-2016,2016-2017,2016-2017,AIE,RCPT,737731,16CCCE101626,16CCCE101626,Alumni,General,School of Computing Science & Engineering,B.Tech/B.Tech (Hons) Computer Science Engineering,School of Computing Science,B.Tech in CSE 2016-17 IV Sem VIII,2.22E+11,TUITION FEE,0,149000,0,0,0,0,0,0,0,
237087,28-07-2016,2016-2017,2016-2017,AIE,RCPT,737731,16CCCE101626,16CCCE101626,Alumni,General,School of Computing Science & Engineering,B.Tech/B.Tech (Hons) Computer Science Engineering,School of Computing Science,B.Tech in CSE 2016-17 IV Sem VIII,2.22E+11,Exam Fee,0,10000,0,0,0,0,0,0,0,
237088,28-07-2016,2016-2017,2016-2017,AIE,REVDUE,606351,11COMBB101056,11COMBB101056,Alumni,General,School of Business,Bachelor of Business Administration,School of Business,BBA 2011-2012 III Sem VI,,Security Fee,0,0,0,0,0,10000,0,0,0,DUE REVERCE
237089,28-07-2016,2016-2017,2016-2017,AIE,RCPT,782593,15CCCE101206,15CCCE101206,Alumni,General,School of Computing Science & Engineering,B.Tech/B.Tech (Hons) Computer Science Engineering,School of Computing Science,B.Tech in CSE 2015-16 V Sem IX,2.22E+11,Fine Fee,0,200,0,0,0,0,0,0,0,
237090,28-07-2016,2016-2017,2016-2017,AIE,RCPT,737743,16CCCE101625,16CCCE101625,Alumni,General,School of Computing Science & Engineering,B.Tech/B.Tech (Hons) Computer Science Engineering,School of Computing Science,B.Tech in CSE 2016-17 IV Sem VIII,2.22E+11,TUITION FEE,0,149000,0,0,0,0,0,0,0,
237091,28-07-2016,2016-2017,2016-2017,AIE,RCPT,737743,16CCCE101625,16CCCE101625,Alumni,General,School of Computing Science & Engineering,B.Tech/B.Tech (Hons) Computer Science Engineering,School of Computing Science,B.Tech in CSE 2016-17 IV Sem VIII,2.22E+11,Exam Fee,0,10000,0,0,0,0,0,0,0,
237092,28-07-2016,2016-2017,2016-2017,AIE,RCPT,829564,14CCCE101325,14CCCE101325,Alumni,General,School of Computing Science & Engineering,B.Tech/B.Tech (Hons) Computer Science Engineering,School of Computing Science,B.Tech in CSE 2014-15 IV Sem VIII,2.22E+11,Fine Fee,0,200,0,0,0,0,0,0,0,
237093,28-07-2016,2016-2017,2016-2017,AIE,RCPT,831604,14CCCE101103,14CCCE101103,Active,General,School of Computing Science & Engineering,B.Tech/B.Tech (Hons) Computer Science Engineering,School of Computing Science,B.Tech in CSE 2014-15 IV Sem VIII,2.22E+11,Library BookC Recieved,0,400,0,0,0,0,0,0,0,
237094,28-07-2016,2016-2017,2016-2017,AIE,RCPT,737623,16CCCE101634,16CCCE101634,Alumni,General,School of Computing Science & Engineering,B.Tech/B.Tech (Hons) Computer Science Engineering,School of Computing Science,B.Tech in CSE 2016-17 IV Sem VIII,2.22E+11,TUITION FEE,0,15000,0,0,0,0,0,0,0,
237095,28-07-2016,2016-2017,2016-2017,AIE,RCPT,737623,16CCCE101634,16CCCE101634,Alumni,General,School of Computing Science & Engineering,B.Tech/B.Tech (Hons) Computer Science Engineering,School of Computing Science,B.Tech in CSE 2016-17 IV Sem VIII,2.22E+11,Exam Fee,0,10000,0,0,0,0,0,0,0,
237096,28-07-2016,2016-2017,2016-2017,AIE,RCPT,831729,14CCCE101087,14CCCE101087,Alumni,General,School of Computing Science & Engineering,B.Tech/B.Tech (Hons) Computer Science Engineering,School of Computing Science,B.Tech in CSE 2014-15 IV Sem VIII,2.22E+11,Library BookC Recieved,0,400,0,0,0,0,0,0,0,
237097,28-07-2016,2016-2017,2016-2017,AIE,RCPT,783570,15CCCE101160,15CCCE101160,Alumni,General,School of Computing Science & Engineering,B.Tech/B.Tech (Hons) Computer Science Engineering,School of Computing Science,B.Tech in CSE 2015-16 V Sem IX,2.22E+11,Fine Fee,0,200,0,0,0,0,0,0,0,
237098,28-07-2016,2016-2017,2016-2017,AIE,RCPT,813443,15CCME101048,15CCME101048,No Information,General,School of Mechanical Engineering,B.Tech/B.Tech (Hons) Mechanical Engineering,School of Mechanical Engineering,ME 2015-2016 III Sem VI,2.32E+11,Fine Fee,0,200,0,0,0,0,0,0,0,
237099,28-07-2016,2016-2017,2016-2017,AIE,RCPT,849995,13CCCE101144,13CCCE101144,No Information,General,School of Computing Science & Engineering,B.Tech/B.Tech (Hons) Computer Science Engineering,School of Computing Science,B.Tech in CSE 2014-15 IV Sem VIII,2.22E+11,Fine Fee,0,200,0,0,0,0,0,0,0,
237100,28-07-2016,2016-2017,2016-2017,AIE,SCHOLARSHIP,613902,16CCCE101628,16CCCE101628,Alumni,General,School of Computing Science & Engineering,B.Tech/B.Tech (Hons) Computer Science Engineering,School of Computing Science,B.Tech in CSE 2016-17 IV Sem VIII,,TUITION FEE,0,0,0,37250,0,0,0,0,0,
237101,28-07-2016,2016-2017,2016-2017,AIE,RCPT,832183,14CCCE101035,14CCCE101035,Alumni,General,School of Computing Science & Engineering,B.Tech/B.Tech (Hons) Computer Science Engineering,School of Computing Science,B.Tech in CSE 2014-15 IV Sem VIII,2.22E+11,Library BookC Recieved,0,100,0,0,0,0,0,0,0,
237102,28-07-2016,2016-2017,2016-2017,AIE,RCPT,783566,15CCCE101160,15CCCE101160,Alumni,General,School of Computing Science & Engineering,B.Tech/B.Tech (Hons) Computer Science Engineering,School of Computing Science,B.Tech in CSE 2015-16 V Sem IX,2.22E+11,Library BookC Recieved,0,300,0,0,0,0,0,0,0,
237103,28-07-2016,2016-2017,2016-2017,AIE,RCPT,831731,14CCCE101087,14CCCE101087,Alumni,General,School of Computing Science & Engineering,B.Tech/B.Tech (Hons) Computer Science Engineering,School of Computing Science,B.Tech in CSE 2014-15 IV Sem VIII,2.22E+11,Fine Fee,0,200,0,0,0,0,0,0,0,
237104,28-07-2016,2016-2017,2016-2017,AIE,RCPT,831830,14CCCE101073,14CCCE101073,Alumni,General,School of Computing Science & Engineering,B.Tech/B.Tech (Hons) Computer Science Engineering,School of Computing Science,B.Tech in CSE 2014-15 IV Sem VIII,2.22E+11,Fine Fee,0,200,0,0,0,0,0,0,0,
237105,28-07-2016,2016-2017,2016-2017,AIE,RCPT,802517,16CCCE203029,16CCCE203029,Alumni,General,School of Computing Science & Engineering,MCA,School of Computing Science,MCA 2015 - 16 III Sem VI,2.22E+11,Library BookC Recieved,0,600,0,0,0,0,0,0,0,
237106,28-07-2016,2016-2017,2016-2017,AIE,RCPT,802525,16CCCE203027,16CCCE203027,Alumni,General,School of Computing Science & Engineering,MCA,School of Computing Science,MCA 2015 - 16 III Sem VI,2.22E+11,Library BookC Recieved,0,600,0,0,0,0,0,0,0,
237107,28-07-2016,2016-2017,2016-2017,AIE,RCPT,783540,15CCCE101161,15CCCE101161,Alumni,General,School of Computing Science & Engineering,Integrated B.Tech (Chemical Engineering) + MBA,School of Computing Science,B.Tech in CSE 2015-16 IV Sem VII,2.22E+11,Library BookC Recieved,0,300,0,0,0,0,0,0,0,
237108,28-07-2016,2016-2017,2016-2017,AIE,RCPT,783542,15CCCE101161,15CCCE101161,Alumni,General,School of Computing Science & Engineering,Integrated B.Tech (Chemical Engineering) + MBA,School of Computing Science,B.Tech in CSE 2015-16 IV Sem VII,2.22E+11,Fine Fee,0,200,0,0,0,0,0,0,0,
237109,28-07-2016,2016-2017,2016-2017,AIE,RCPT,776250,15CCCE101507,15CCCE101507,Alumni,General,School of Computing Science & Engineering,B.Tech/B.Tech (Hons) Computer Science Engineering,School of Computing Science,B.Tech in CSE 2015-16 V Sem IX,2.22E+11,Ajustable_Excess_Amount,0,1000,0,0,0,0,0,0,0,
237110,28-07-2016,2016-2017,2016-2017,AIE,RCPT,776250,15CCCE101507,15CCCE101507,Alumni,General,School of Computing Science & Engineering,B.Tech/B.Tech (Hons) Computer Science Engineering,School of Computing Science,B.Tech in CSE 2015-16 V Sem IX,2.22E+11,Library BookC Recieved,0,300,0,0,0,0,0,0,0,
237111,28-07-2016,2016-2017,2016-2017,AIE,RCPT,854144,13CCME101184,13CCME101184,No Information,General,School of Mechanical Engineering,B.Tech/B.Tech (Hons) Mechanical Engineering,School of Mechanical Engineering,B.Tech/B.Tech (Hons) Mechanical Engineering 2017-2018 IV Sem VIII,2.32E+11,Fine Fee,0,200,0,0,0,0,0,0,0,
237112,28-07-2016,2016-2017,2016-2017,AIE,RCPT,851636,13CCME105003,13CCME105003,Alumni,General,School of Mechanical Engineering,B.Tech/B.Tech (Hons) Automobile Engineering,School of Mechanical Engineering,B.Tech/B.Tech (Hons) Automobile Engineering 2017-2018 IV Sem VIII,2.32E+11,Fine Fee,0,200,0,0,0,0,0,0,0,
237113,28-07-2016,2016-2017,2016-2017,AIE,REVDUE,586948,15CECE105013,15CECE105013,Alumni,General,School of Electrical Electronics & Communication Engineering,B.Tech/B.Tech (Hons) Electrical Engineering,School of Electrical  Electronics,Electrical Engineering-2015-16 V Sem IX,,Library BookC Recieved,0,0,0,0,0,600,0,0,0,DUE REVERCE
237114,28-07-2016,2016-2017,2016-2017,AIE,RCPT,853921,13CCME101204,13CCME101204,Alumni,General,School of Mechanical Engineering,B.Tech/B.Tech (Hons) Mechanical Engineering,School of Mechanical Engineering,B.Tech/B.Tech (Hons) Mechanical Engineering 2017-2018 IV Sem VIII,2.32E+11,Fine Fee,0,200,0,0,0,0,0,0,0,
237115,28-07-2016,2016-2017,2016-2017,AIE,RCPT,850007,13CCCE101143,13CCCE101143,No Information,General,School of Computing Science & Engineering,B.Tech/B.Tech (Hons) Computer Science Engineering,School of Computing Science,B.Tech in CSE 2014-15 IV Sem VIII,2.22E+11,Fine Fee,0,200,0,0,0,0,0,0,0,
237116,28-07-2016,2016-2017,2016-2017,AIE,RCPT,737609,16CCCE101635,16CCCE101635,Withdrawn,General,School of Computing Science & Engineering,B.Tech/B.Tech (Hons) Computer Science Engineering,School of Computing Science,B.Tech in CSE 2016-17 II Sem IV,2.22E+11,TUITION FEE,0,59000,0,0,0,0,0,0,0,
237117,28-07-2016,2016-2017,2016-2017,AIE,SCHOLARSHIP,614008,16CAHC101017,16CAHC101017,Alumni,General,School of Humanities & Social Sciences,B.A(Hons) Applied Psychology,School of Humanities,BA (H)Applied Psychology 2016-17 IV Sem VII,,Exam Fee,0,0,0,5000,0,0,0,0,0,
237118,28-07-2016,2016-2017,2016-2017,AIE,RCPT,828574,14CCCE101422,14CCCE101422,Alumni,General,School of Computing Science & Engineering,B.Tech/B.Tech (Hons) Computer Science Engineering,School of Computing Science,B.Tech in CSE 2014-15 IV Sem VIII,2.22E+11,Fine Fee,0,200,0,0,0,0,0,0,0,
237119,28-07-2016,2016-2017,2016-2017,AIE,RCPT,813505,15CCME101043,15CCME101043,Alumni,General,School of Mechanical Engineering,B.Tech/B.Tech (Hons) Mechanical Engineering,School of Mechanical Engineering,ME 2015-2016 V Sem IX,2.32E+11,Fine Fee,0,200,0,0,0,0,0,0,0,
237120,28-07-2016,2016-2017,2016-2017,AIE,RCPT,828600,14CCCE101420,14CCCE101420,Alumni,General,School of Computing Science & Engineering,B.Tech/B.Tech (Hons) Computer Science Engineering,School of Computing Science,B.Tech in CSE 2014-15 IV Sem VIII,2.22E+11,Library BookC Recieved,0,400,0,0,0,0,0,0,0,
237121,28-07-2016,2016-2017,2016-2017,AIE,RCPT,779694,15CCCE101344,15CCCE101344,Alumni,General,School of Computing Science & Engineering,B.Tech/B.Tech (Hons) Computer Science Engineering,School of Computing Science,B.Tech in CSE 2015-16 IV Sem VIII,2.22E+11,Fine Fee,0,200,0,0,0,0,0,0,0,
237122,28-07-2016,2016-2017,2016-2017,AIE,RCPT,782949,15CCCE101189,15CCCE101189,Alumni,General,School of Computing Science & Engineering,B.Tech/B.Tech (Hons) Computer Science Engineering,School of Computing Science,B.Tech in CSE 2015-16 V Sem IX,2.22E+11,Library BookC Recieved,0,200,0,0,0,0,0,0,0,
237123,28-07-2016,2016-2017,2016-2017,AIE,RCPT,779692,15CCCE101344,15CCCE101344,Alumni,General,School of Computing Science & Engineering,B.Tech/B.Tech (Hons) Computer Science Engineering,School of Computing Science,B.Tech in CSE 2015-16 IV Sem VIII,2.22E+11,Library BookC Recieved,0,300,0,0,0,0,0,0,0,
237124,28-07-2016,2016-2017,2016-2017,AIE,RCPT,831358,14CCCE101131,14CCCE101131,Alumni,General,School of Computing Science & Engineering,B.Tech/B.Tech (Hons) Computer Science Engineering,School of Computing Science,B.Tech in CSE 2014-15 IV Sem VIII,2.22E+11,Fine Fee,0,200,0,0,0,0,0,0,0,
237125,28-07-2016,2016-2017,2016-2017,AIE,RCPT,831355,14CCCE101131,14CCCE101131,Alumni,General,School of Computing Science & Engineering,B.Tech/B.Tech (Hons) Computer Science Engineering,School of Computing Science,B.Tech in CSE 2014-15 IV Sem VIII,2.22E+11,Library BookC Recieved,0,600,0,0,0,0,0,0,0,
237126,28-07-2016,2016-2017,2016-2017,AIE,RCPT,775750,15CCCE101532,15CCCE101532,No Information,General,School of Computing Science & Engineering,B.Tech/B.Tech (Hons) Computer Science Engineering,School of Computing Science,B.Tech in CSE 2015-16 III Sem VI,2.22E+11,Fine Fee,0,200,0,0,0,0,0,0,0,
237127,28-07-2016,2016-2017,2016-2017,AIE,RCPT,817485,15GCOL102022,15GCOL102022,No Information,General,School of Law,Integrated BA + LLB (Hons.),School of Law,BALLB 2015-2016 III Sem VI,1.92E+11,Fine Fee,0,200,0,0,0,0,0,0,0,
237128,28-07-2016,2016-2017,2016-2017,AIE,RCPT,759983,16GCCE101106,16GCCE101106,Alumni,General,School of Civil Engineering,B.Tech/B.Tech (Hons) Civil Engineering,School of Civil Engineering,B Tech Civil Engineering 2016-17 IV Sem VIII,3.12E+11,TUITION FEE,0,149000,0,0,0,0,0,0,0,
237129,28-07-2016,2016-2017,2016-2017,AIE,RCPT,759983,16GCCE101106,16GCCE101106,Alumni,General,School of Civil Engineering,B.Tech/B.Tech (Hons) Civil Engineering,School of Civil Engineering,B Tech Civil Engineering 2016-17 IV Sem VIII,3.12E+11,Exam Fee,0,10000,0,0,0,0,0,0,0,
237130,28-07-2016,2016-2017,2016-2017,AIE,RCPT,816783,15GCOL102111,15GCOL102111,Cancelled,General,School of Law,Integrated BA + LLB (Hons.),School of Law,BALLB  2016-2017 III Sem V,1.92E+11,Fine Fee,0,200,0,0,0,0,0,0,0,
237131,28-07-2016,2016-2017,2016-2017,AIE,RCPT,774181,15CCCE101602,15CCCE101602,Alumni,General,School of Computing Science & Engineering,B.Tech/B.Tech (Hons) Computer Science Engineering,School of Computing Science,B.Tech in CSE 2015-16 V Sem IX,2.22E+11,Library BookC Recieved,0,300,0,0,0,0,0,0,0,
237132,28-07-2016,2016-2017,2016-2017,AIE,RCPT,759993,16GCCE101105,16GCCE101105,Alumni,General,School of Civil Engineering,B.Tech/B.Tech (Hons) Civil Engineering,School of Civil Engineering,B Tech Civil Engineering 2016-17 IV Sem VIII,3.12E+11,TUITION FEE,0,149000,0,0,0,0,0,0,0,
237133,28-07-2016,2016-2017,2016-2017,AIE,RCPT,759993,16GCCE101105,16GCCE101105,Alumni,General,School of Civil Engineering,B.Tech/B.Tech (Hons) Civil Engineering,School of Civil Engineering,B Tech Civil Engineering 2016-17 IV Sem VIII,3.12E+11,Exam Fee,0,10000,0,0,0,0,0,0,0,
237134,28-07-2016,2016-2017,2016-2017,AIE,RCPT,850056,13CCCE101139,13CCCE101139,No Information,General,School of Computing Science & Engineering,B.Tech/B.Tech (Hons) Computer Science Engineering,School of Computing Science,B.Tech in CSE 2014-15 IV Sem VIII,2.22E+11,Fine Fee,0,200,0,0,0,0,0,0,0,
237135,28-07-2016,2016-2017,2016-2017,AIE,RCPT,775940,15CCCE101522,15CCCE101522,Alumni,General,School of Computing Science & Engineering,B.Tech/B.Tech (Hons) Computer Science Engineering,School of Computing Science,B.Tech in CSE 2015-16 V Sem IX,2.22E+11,Library BookC Recieved,0,300,0,0,0,0,0,0,0,
237136,28-07-2016,2016-2017,2016-2017,AIE,RCPT,772668,15CCCE101687,15CCCE101687,Alumni,General,School of Computing Science & Engineering,B.Tech/B.Tech (Hons) Computer Science Engineering,School of Computing Science,B.Tech in CSE 2015-16 V Sem IX,2.22E+11,Fine Fee,0,200,0,0,0,0,0,0,0,
237137,28-07-2016,2016-2017,2016-2017,AIE,RCPT,853483,13CCME101247,13CCME101247,No Information,General,School of Mechanical Engineering,B.Tech/B.Tech (Hons) Mechanical Engineering,School of Mechanical Engineering,B.Tech/B.Tech (Hons) Mechanical Engineering 2017-2018 IV Sem VIII,2.32E+11,Fine Fee,0,200,0,0,0,0,0,0,0,
237138,28-07-2016,2016-2017,2016-2017,AIE,RCPT,762999,15COCE107015,15COCE107015,Alumni,General,School of Chemical Engineering,B.Tech/B.Tech (Hons) Chemical Engineering,School of Chemical Engineering,Chemical Engineering 2015-2016 V Sem IX,2.82E+11,Fine Fee,0,200,0,0,0,0,0,0,0,
237139,28-07-2016,2016-2017,2016-2017,AIE,RCPT,828802,14CCCE101399,14CCCE101399,No Information,General,School of Computing Science & Engineering,B.Tech/B.Tech (Hons) Computer Science Engineering,School of Computing Science,B.Tech in CSE 2014-15 IV Sem VIII,2.22E+11,Fine Fee,0,200,0,0,0,0,0,0,0,
237140,28-07-2016,2016-2017,2016-2017,AIE,RCPT,832646,14CCME105023,14CCME105023,Alumni,General,School of Mechanical Engineering,B.Tech/B.Tech (Hons) Automobile Engineering,School of Mechanical Engineering,AE 2014-2015 IV Sem VIII,2.32E+11,Fine Fee,0,200,0,0,0,0,0,0,0,
237141,28-07-2016,2016-2017,2016-2017,AIE,RCPT,832742,14CCME105013,14CCME105013,Alumni,General,School of Mechanical Engineering,B.Tech/B.Tech (Hons) Automobile Engineering,School of Mechanical Engineering,AE 2014-2015 IV Sem VIII,2.32E+11,Fine Fee,0,200,0,0,0,0,0,0,0,
237142,28-07-2016,2016-2017,2016-2017,AIE,RCPT,775506,15CCCE101544,15CCCE101544,Alumni,General,School of Computing Science & Engineering,B.Tech/B.Tech (Hons) Computer Science Engineering,School of Computing Science,B.Tech in CSE 2015-16 V Sem IX,2.22E+11,Fine Fee,0,200,0,0,0,0,0,0,0,
237143,28-07-2016,2016-2017,2016-2017,AIE,RCPT,817900,15GCOH101038,15GCOH101038,Alumni,General,School of Hospitality,B.Sc (Hotel Management),School of Hospitality,Hospitality Management 2015-2016 III Sem VI,2.02E+11,Fine Fee,0,2000,0,0,0,0,0,0,0,
237144,28-07-2016,2016-2017,2016-2017,AIE,RCPT,817900,15GCOH101038,15GCOH101038,Alumni,General,School of Hospitality,B.Sc (Hotel Management),School of Hospitality,Hospitality Management 2015-2016 III Sem VI,2.02E+11,Tuition Fee (Back Paper),0,3600,0,0,0,0,0,0,0,
237145,28-07-2016,2016-2017,2016-2017,AIE,RCPT,817900,15GCOH101038,15GCOH101038,Alumni,General,School of Hospitality,B.Sc (Hotel Management),School of Hospitality,Hospitality Management 2015-2016 III Sem VI,2.02E+11,Exam Fee (Back Paper),0,1000,0,0,0,0,0,0,0,
237146,28-07-2016,2016-2017,2016-2017,AIE,RCPT,803229,16CCCE114027,16CCCE114027,Alumni,General,School of Computing Science & Engineering,B.Tech (Hons) Computer Science & Engineering with specialisation in Computer Network & Cyber Security,School of Computing Science,B.Tech in CSCN 2016-17 IV Sem VIII,2.22E+11,TUITION FEE,0,149000,0,0,0,0,0,0,0,
237147,28-07-2016,2016-2017,2016-2017,AIE,RCPT,803229,16CCCE114027,16CCCE114027,Alumni,General,School of Computing Science & Engineering,B.Tech (Hons) Computer Science & Engineering with specialisation in Computer Network & Cyber Security,School of Computing Science,B.Tech in CSCN 2016-17 IV Sem VIII,2.22E+11,Exam Fee,0,10000,0,0,0,0,0,0,0,
237148,28-07-2016,2016-2017,2016-2017,AIE,RCPT,780371,15CCCE101308,15CCCE101308,Alumni,General,School of Computing Science & Engineering,B.Tech/B.Tech (Hons) Computer Science Engineering,School of Computing Science,B.Tech in CSE 2015-16 V Sem IX,2.22E+11,Fine Fee,0,200,0,0,0,0,0,0,0,
237149,28-07-2016,2016-2017,2016-2017,AIE,RCPT,803240,16CCCE114026,16CCCE114026,Alumni,General,School of Computing Science & Engineering,B.Tech (Hons) Computer Science & Engineering with specialisation in Computer Network & Cyber Security,School of Computing Science,B.Tech in CSCN 2016-17 IV Sem VIII,2.22E+11,TUITION FEE,0,149000,0,0,0,0,0,0,0,
237150,28-07-2016,2016-2017,2016-2017,AIE,RCPT,803240,16CCCE114026,16CCCE114026,Alumni,General,School of Computing Science & Engineering,B.Tech (Hons) Computer Science & Engineering with specialisation in Computer Network & Cyber Security,School of Computing Science,B.Tech in CSCN 2016-17 IV Sem VIII,2.22E+11,Exam Fee,0,10000,0,0,0,0,0,0,0,
237151,28-07-2016,2016-2017,2016-2017,AIE,RCPT,761444,16GPTC408007,16GPTC408007,Alumni,General,Gs Polytechnic,Diploma in Electrical Engineering,Gs Polytechnic,ELECTRICAL ENGINEERING 2016-2017 IV Sem VII,3.22E+11,TUITION FEE,0,20000,0,0,0,0,0,0,0,
237152,28-07-2016,2016-2017,2016-2017,AIE,RCPT,780369,15CCCE101308,15CCCE101308,Alumni,General,School of Computing Science & Engineering,B.Tech/B.Tech (Hons) Computer Science Engineering,School of Computing Science,B.Tech in CSE 2015-16 V Sem IX,2.22E+11,Library BookC Recieved,0,300,0,0,0,0,0,0,0,
237153,28-07-2016,2016-2017,2016-2017,AIE,RCPT,854378,13CCME101160,13CCME101160,No Information,General,School of Mechanical Engineering,B.Tech/B.Tech (Hons) Mechanical Engineering,School of Mechanical Engineering,B.Tech/B.Tech (Hons) Mechanical Engineering 2017-2018 IV Sem VIII,2.32E+11,Fine Fee,0,200,0,0,0,0,0,0,0,
237154,28-07-2016,2016-2017,2016-2017,AIE,RCPT,774270,15CCCE101597,15CCCE101597,Alumni,General,School of Computing Science & Engineering,B.Tech/B.Tech (Hons) Computer Science Engineering,School of Computing Science,B.Tech in CSE 2015-16 V Sem IX,2.22E+11,Ajustable_Excess_Amount,0,380,0,0,0,0,0,0,0,
237155,28-07-2016,2016-2017,2016-2017,AIE,RCPT,774270,15CCCE101597,15CCCE101597,Alumni,General,School of Computing Science & Engineering,B.Tech/B.Tech (Hons) Computer Science Engineering,School of Computing Science,B.Tech in CSE 2015-16 V Sem IX,2.22E+11,Library BookC Recieved,0,300,0,0,0,0,0,0,0,
237156,28-07-2016,2016-2017,2016-2017,AIE,RCPT,775504,15CCCE101544,15CCCE101544,Alumni,General,School of Computing Science & Engineering,B.Tech/B.Tech (Hons) Computer Science Engineering,School of Computing Science,B.Tech in CSE 2015-16 V Sem IX,2.22E+11,Library BookC Recieved,0,300,0,0,0,0,0,0,0,
237157,28-07-2016,2016-2017,2016-2017,AIE,RCPT,774275,15CCCE101597,15CCCE101597,Alumni,General,School of Computing Science & Engineering,B.Tech/B.Tech (Hons) Computer Science Engineering,School of Computing Science,B.Tech in CSE 2015-16 V Sem IX,2.22E+11,Ajustable_Excess_Amount,0,680,0,0,0,0,0,0,0,
237158,28-07-2016,2016-2017,2016-2017,AIE,RCPT,774275,15CCCE101597,15CCCE101597,Alumni,General,School of Computing Science & Engineering,B.Tech/B.Tech (Hons) Computer Science Engineering,School of Computing Science,B.Tech in CSE 2015-16 V Sem IX,2.22E+11,Fine Fee,0,200,0,0,0,0,0,0,0,
237159,28-07-2016,2016-2017,2016-2017,AIE,RCPT,775388,15CCCE101548,15CCCE101548,No Information,General,School of Computing Science & Engineering,B.Tech/B.Tech (Hons) Computer Science Engineering,School of Computing Science,B.Tech in CSE 2015-16 III Sem VI,2.22E+11,Fine Fee,0,1000,0,0,0,0,0,0,0,
237160,28-07-2016,2016-2017,2016-2017,AIE,RCPT,775388,15CCCE101548,15CCCE101548,No Information,General,School of Computing Science & Engineering,B.Tech/B.Tech (Hons) Computer Science Engineering,School of Computing Science,B.Tech in CSE 2015-16 III Sem VI,2.22E+11,Tuition Fee (Back Paper),0,1800,0,0,0,0,0,0,0,
237161,28-07-2016,2016-2017,2016-2017,AIE,RCPT,775388,15CCCE101548,15CCCE101548,No Information,General,School of Computing Science & Engineering,B.Tech/B.Tech (Hons) Computer Science Engineering,School of Computing Science,B.Tech in CSE 2015-16 III Sem VI,2.22E+11,Exam Fee (Back Paper),0,500,0,0,0,0,0,0,0,
237162,28-07-2016,2016-2017,2016-2017,AIE,RCPT,762435,16GPTC402003,16GPTC402003,No Information,General,Gs Polytechnic,Diploma in Automobile Engineering,Gs Polytechnic,AUTO  ENGINEERING 2016-2017 II Sem IV,3.22E+11,TUITION FEE,0,35000,0,0,0,0,0,0,0,
237163,28-07-2016,2016-2017,2016-2017,AIE,RCPT,762435,16GPTC402003,16GPTC402003,No Information,General,Gs Polytechnic,Diploma in Automobile Engineering,Gs Polytechnic,AUTO  ENGINEERING 2016-2017 II Sem IV,3.22E+11,Exam Fee,0,10000,0,0,0,0,0,0,0,
237164,28-07-2016,2016-2017,2016-2017,AIE,RCPT,830153,14CCCE101264,14CCCE101264,Alumni,General,School of Computing Science & Engineering,B.Tech/B.Tech (Hons) Computer Science Engineering,School of Computing Science,B.Tech in CSE 2014-15 IV Sem VIII,2.22E+11,Library BookC Recieved,0,400,0,0,0,0,0,0,0,
237165,28-07-2016,2016-2017,2016-2017,AIE,RCPT,781707,15CCCE101247,15CCCE101247,Alumni,General,School of Computing Science & Engineering,B.Tech/B.Tech (Hons) Computer Science Engineering,School of Computing Science,B.Tech in CSE 2015-16 V Sem IX,2.22E+11,Library BookC Recieved,0,300,0,0,0,0,0,0,0,
237166,28-07-2016,2016-2017,2016-2017,AIE,RCPT,831184,14CCCE101162,14CCCE101162,Alumni,General,School of Computing Science & Engineering,B.Tech/B.Tech (Hons) Computer Science Engineering,School of Computing Science,B.Tech in CSE 2014-15 IV Sem VIII,2.22E+11,Fine Fee,0,200,0,0,0,0,0,0,0,
237167,28-07-2016,2016-2017,2016-2017,AIE,RCPT,830054,14CCCE101273,14CCCE101273,Alumni,General,School of Computing Science & Engineering,B.Tech/B.Tech (Hons) Computer Science Engineering,School of Computing Science,B.Tech in CSE 2014-15 IV Sem VIII,2.22E+11,Library BookC Recieved,0,400,0,0,0,0,0,0,0,
237168,28-07-2016,2016-2017,2016-2017,AIE,RCPT,830056,14CCCE101273,14CCCE101273,Alumni,General,School of Computing Science & Engineering,B.Tech/B.Tech (Hons) Computer Science Engineering,School of Computing Science,B.Tech in CSE 2014-15 IV Sem VIII,2.22E+11,Fine Fee,0,200,0,0,0,0,0,0,0,
237169,28-07-2016,2016-2017,2016-2017,AIE,RCPT,828423,14CCCE102004,14CCCE102004,Alumni,General,School of Computing Science & Engineering,Integrated B.Tech (Chemical Engineering) + MBA,School of Computing Science,B.Tech (CSE) + MBA 14-15 V Sem X,2.22E+11,Library BookC Recieved,0,400,0,0,0,0,0,0,0,
237170,28-07-2016,2016-2017,2016-2017,AIE,RCPT,831181,14CCCE101162,14CCCE101162,Alumni,General,School of Computing Science & Engineering,B.Tech/B.Tech (Hons) Computer Science Engineering,School of Computing Science,B.Tech in CSE 2014-15 IV Sem VIII,2.22E+11,Library BookC Recieved,0,400,0,0,0,0,0,0,0,
237171,28-07-2016,2016-2017,2016-2017,AIE,RCPT,828425,14CCCE102004,14CCCE102004,Alumni,General,School of Computing Science & Engineering,Integrated B.Tech (Chemical Engineering) + MBA,School of Computing Science,B.Tech (CSE) + MBA 14-15 V Sem X,2.22E+11,Fine Fee,0,200,0,0,0,0,0,0,0,
237172,28-07-2016,2016-2017,2016-2017,AIE,RCPT,831251,14CCCE101146,14CCCE101146,Alumni,General,School of Computing Science & Engineering,B.Tech/B.Tech (Hons) Computer Science Engineering,School of Computing Science,B.Tech in CSE 2014-15 IV Sem VIII,2.22E+11,Library BookC Recieved,0,400,0,0,0,0,0,0,0,
237173,28-07-2016,2016-2017,2016-2017,AIE,RCPT,829411,14CCCE101338,14CCCE101338,Alumni,General,School of Computing Science & Engineering,B.Tech/B.Tech (Hons) Computer Science Engineering,School of Computing Science,B.Tech in CSE 2014-15 IV Sem VIII,2.22E+11,Fine Fee,0,200,0,0,0,0,0,0,0,
237174,28-07-2016,2016-2017,2016-2017,AIE,RCPT,829906,14CCCE101287,14CCCE101287,Alumni,General,School of Computing Science & Engineering,B.Tech/B.Tech (Hons) Computer Science Engineering,School of Computing Science,B.Tech in CSE 2014-15 IV Sem VIII,2.22E+11,Library BookC Recieved,0,400,0,0,0,0,0,0,0,
237175,28-07-2016,2016-2017,2016-2017,AIE,RCPT,781941,15CCCE101238,15CCCE101238,Alumni,General,School of Computing Science & Engineering,B.Tech/B.Tech (Hons) Computer Science Engineering,School of Computing Science,B.Tech in CSE 2015-16 V Sem IX,2.22E+11,Fine Fee,0,200,0,0,0,0,0,0,0,
237176,28-07-2016,2016-2017,2016-2017,AIE,RCPT,781938,15CCCE101238,15CCCE101238,Alumni,General,School of Computing Science & Engineering,B.Tech/B.Tech (Hons) Computer Science Engineering,School of Computing Science,B.Tech in CSE 2015-16 V Sem IX,2.22E+11,Library BookC Recieved,0,300,0,0,0,0,0,0,0,
237177,28-07-2016,2016-2017,2016-2017,AIE,RCPT,831252,14CCCE101146,14CCCE101146,Alumni,General,School of Computing Science & Engineering,B.Tech/B.Tech (Hons) Computer Science Engineering,School of Computing Science,B.Tech in CSE 2014-15 IV Sem VIII,2.22E+11,Fine Fee,0,200,0,0,0,0,0,0,0,
237178,28-07-2016,2016-2017,2016-2017,AIE,RCPT,750538,16GCON101025,16GCON101025,Alumni,General,School of Nursing,B.Sc. (Nursing),School of Nursing,B.Sc.(Nursing) 2016-2017 IV Sem VII,2.72E+11,TUITION FEE,0,80000,0,0,0,0,0,0,0,
237179,28-07-2016,2016-2017,2016-2017,AIE,RCPT,750538,16GCON101025,16GCON101025,Alumni,General,School of Nursing,B.Sc. (Nursing),School of Nursing,B.Sc.(Nursing) 2016-2017 IV Sem VII,2.72E+11,Exam Fee,0,10000,0,0,0,0,0,0,0,
237180,28-07-2016,2016-2017,2016-2017,AIE,RCPT,819971,15GCCE101138,15GCCE101138,Active,General,School of Civil Engineering,B.Tech/B.Tech (Hons) Civil Engineering,School of Civil Engineering,B Tech Civil Engineering 2015-16 V Sem IX,3.12E+11,Fine Fee,0,200,0,0,0,0,0,0,0,
237181,28-07-2016,2016-2017,2016-2017,AIE,RCPT,854029,13CCME101195,13CCME101195,Alumni,General,School of Mechanical Engineering,B.Tech/B.Tech (Hons) Mechanical Engineering,School of Mechanical Engineering,B.Tech/B.Tech (Hons) Mechanical Engineering 2017-2018 IV Sem VIII,2.32E+11,Fine Fee,0,200,0,0,0,0,0,0,0,
237182,28-07-2016,2016-2017,2016-2017,AIE,RCPT,831040,14CCCE101180,14CCCE101180,Alumni,General,School of Computing Science & Engineering,B.Tech/B.Tech (Hons) Computer Science Engineering,School of Computing Science,B.Tech in CSE 2014-15 IV Sem VIII,2.22E+11,Library BookC Recieved,0,400,0,0,0,0,0,0,0,
237183,28-07-2016,2016-2017,2016-2017,AIE,RCPT,781711,15CCCE101247,15CCCE101247,Alumni,General,School of Computing Science & Engineering,B.Tech/B.Tech (Hons) Computer Science Engineering,School of Computing Science,B.Tech in CSE 2015-16 V Sem IX,2.22E+11,Fine Fee,0,200,0,0,0,0,0,0,0,
237184,28-07-2016,2016-2017,2016-2017,AIE,RCPT,819973,15GCCE101138,15GCCE101138,Active,General,School of Civil Engineering,B.Tech/B.Tech (Hons) Civil Engineering,School of Civil Engineering,B Tech Civil Engineering 2015-16 V Sem IX,3.12E+11,Exam Fee (Back Paper),0,200,0,0,0,0,0,0,0,
237185,28-07-2016,2016-2017,2016-2017,AIE,RCPT,772698,15CCCE101685,15CCCE101685,Alumni,General,School of Computing Science & Engineering,B.Tech/B.Tech (Hons) Computer Science Engineering,School of Computing Science,B.Tech in CSE 2015-16 V Sem IX,2.22E+11,Fine Fee,0,200,0,0,0,0,0,0,0,
237186,28-07-2016,2016-2017,2016-2017,AIE,RCPT,831042,14CCCE101180,14CCCE101180,Alumni,General,School of Computing Science & Engineering,B.Tech/B.Tech (Hons) Computer Science Engineering,School of Computing Science,B.Tech in CSE 2014-15 IV Sem VIII,2.22E+11,Fine Fee,0,200,0,0,0,0,0,0,0,
237187,28-07-2016,2016-2017,2016-2017,AIE,RCPT,831069,14CCCE101178,14CCCE101178,Alumni,General,School of Computing Science & Engineering,B.Tech/B.Tech (Hons) Computer Science Engineering,School of Computing Science,B.Tech in CSE 2014-15 IV Sem VIII,2.22E+11,Library BookC Recieved,0,400,0,0,0,0,0,0,0,
237188,28-07-2016,2016-2017,2016-2017,AIE,RCPT,776811,15CCCE101481,15CCCE101481,Alumni,General,School of Computing Science & Engineering,B.Tech/B.Tech (Hons) Computer Science Engineering,School of Computing Science,B.Tech in CSE 2015-16 V Sem IX,2.22E+11,Library BookC Recieved,0,300,0,0,0,0,0,0,0,
237189,28-07-2016,2016-2017,2016-2017,AIE,RCPT,821216,15GCCE101009,15GCCE101009,Alumni,General,School of Civil Engineering,B.Tech/B.Tech (Hons) Civil Engineering,School of Civil Engineering,B Tech Civil Engineering 2015-16 V Sem IX,3.12E+11,Exam Fee (Back Paper),0,500,0,0,0,0,0,0,0,
237190,28-07-2016,2016-2017,2016-2017,AIE,RCPT,857367,13GCOL103017,13GCOL103017,Alumni,General,School of Law,Integrated BBA + LLB (Hons.),School of Law,BBALLB  2013-2014 V Sem X,1.92E+11,Fine Fee,0,200,0,0,0,0,0,0,0,
237191,28-07-2016,2016-2017,2016-2017,AIE,RCPT,821215,15GCCE101009,15GCCE101009,Alumni,General,School of Civil Engineering,B.Tech/B.Tech (Hons) Civil Engineering,School of Civil Engineering,B Tech Civil Engineering 2015-16 V Sem IX,3.12E+11,Fine Fee,0,1000,0,0,0,0,0,0,0,
237192,28-07-2016,2016-2017,2016-2017,AIE,RCPT,821215,15GCCE101009,15GCCE101009,Alumni,General,School of Civil Engineering,B.Tech/B.Tech (Hons) Civil Engineering,School of Civil Engineering,B Tech Civil Engineering 2015-16 V Sem IX,3.12E+11,Tuition Fee (Back Paper),0,1800,0,0,0,0,0,0,0,
237193,28-07-2016,2016-2017,2016-2017,AIE,RCPT,821215,15GCCE101009,15GCCE101009,Alumni,General,School of Civil Engineering,B.Tech/B.Tech (Hons) Civil Engineering,School of Civil Engineering,B Tech Civil Engineering 2015-16 V Sem IX,3.12E+11,Exam Fee (Back Paper),0,500,0,0,0,0,0,0,0,
237194,28-07-2016,2016-2017,2016-2017,AIE,RCPT,816840,15GCOL102106,15GCOL102106,Year Back,General,School of Law,Integrated BA + LLB (Hons.),School of Law,BALLB 2016-2017 III Sem VI,1.92E+11,Fine Fee,0,200,0,0,0,0,0,0,0,
237195,28-07-2016,2016-2017,2016-2017,AIE,RCPT,830343,14CCCE101246,14CCCE101246,Alumni,General,School of Computing Science & Engineering,BCA,School of Computing Science,BCA 2015-16 III Sem VI,2.22E+11,Library BookC Recieved,0,300,0,0,0,0,0,0,0,
237196,28-07-2016,2016-2017,2016-2017,AIE,RCPT,813911,15CBAC201027,15CBAC201027,No Information,General,School of Basic & Applied Sciences,M.Sc. Forensic Sciences,School of Basic,M. Sc. Forensic Science 2016-17 II Sem IV,1.82E+11,Fine Fee,0,2000,0,0,0,0,0,0,0,
237197,28-07-2016,2016-2017,2016-2017,AIE,RCPT,813911,15CBAC201027,15CBAC201027,No Information,General,School of Basic & Applied Sciences,M.Sc. Forensic Sciences,School of Basic,M. Sc. Forensic Science 2016-17 II Sem IV,1.82E+11,Tuition Fee (Back Paper),0,3600,0,0,0,0,0,0,0,
237198,28-07-2016,2016-2017,2016-2017,AIE,RCPT,813911,15CBAC201027,15CBAC201027,No Information,General,School of Basic & Applied Sciences,M.Sc. Forensic Sciences,School of Basic,M. Sc. Forensic Science 2016-17 II Sem IV,1.82E+11,Exam Fee (Back Paper),0,1000,0,0,0,0,0,0,0,
237199,28-07-2016,2016-2017,2016-2017,AIE,RCPT,826578,14CCCE108001,14CCCE108001,Alumni,General,School of Computing Science & Engineering,B.Tech (Hons) in Computer Science & Engineering with Specialization in Business Analytics,School of Computing Science,B.Tech in CSBA 2014-15 IV Sem VIII,2.22E+11,Fine Fee,0,200,0,0,0,0,0,0,0,
237200,28-07-2016,2016-2017,2016-2017,AIE,REVJV,1006566,16CCCE101035,16CCCE101035,No Information,General,School of Computing Science & Engineering,B.Tech/B.Tech (Hons) Computer Science Engineering,School of Computing Science,B.Tech in CSE 2015-16 III Sem VI,2.22E+11,Ajustable_Excess_Amount,0,0,0,0,0,0,-1000,0,0,TUITION FEE
237201,28-07-2016,2016-2017,2016-2017,AIE,RCPT,788852,15GCOB201131,15GCOB201131,No Information,General,School of Business,MBA in dual specialization ,School of Business,MBA in dual specialization  2017-2018 Trimester VI Trimester VI,1.32E+11,Exam Fee (Back Paper),0,500,0,0,0,0,0,0,0,
237202,28-07-2016,2016-2017,2016-2017,NRI,RCPT,836493,14CCME101385,14CCME101385,Alumni,General,School of Mechanical Engineering,B.Tech/B.Tech (Hons) Mechanical Engineering,School of Mechanical Engineering,ME 2014-2015 IV Sem VIII,2.32E+11,Fine Fee,0,2000,0,0,0,0,0,0,0,
237203,28-07-2016,2016-2017,2016-2017,NRI,RCPT,836493,14CCME101385,14CCME101385,Alumni,General,School of Mechanical Engineering,B.Tech/B.Tech (Hons) Mechanical Engineering,School of Mechanical Engineering,ME 2014-2015 IV Sem VIII,2.32E+11,Tuition Fee (Back Paper),0,3600,0,0,0,0,0,0,0,
237204,28-07-2016,2016-2017,2016-2017,NRI,RCPT,836493,14CCME101385,14CCME101385,Alumni,General,School of Mechanical Engineering,B.Tech/B.Tech (Hons) Mechanical Engineering,School of Mechanical Engineering,ME 2014-2015 IV Sem VIII,2.32E+11,Exam Fee (Back Paper),0,1000,0,0,0,0,0,0,0,
237205,28-07-2016,2016-2017,2016-2017,AIE,RCPT,766892,15CECE101022,15CECE101022,Year Back,General,School of Electrical Electronics & Communication Engineering,B.Tech/B.Tech (Hons) Electrical & Electronics Engineering,School of Electrical  Electronics,Electrical and Electronics Engineering-2016-17 III Sem VI,2.42E+11,Library BookC Recieved,0,300,0,0,0,0,0,0,0,
237206,28-07-2016,2016-2017,2016-2017,AIE,RCPT,814860,15CAHC102036,15CAHC102036,Alumni,General,School of Humanities & Social Sciences,B.A (Hons) Economics,School of Humanities,BA (H) ECONOMICS 2015-16 III Sem VI,1.42E+11,Fine Fee,0,200,0,0,0,0,0,0,0,
237207,28-07-2016,2016-2017,2016-2017,AIE,RCPT,771155,15CCCE104047,15CCCE104047,No Information,General,School of Computing Science & Engineering,BCA,School of Computing Science,BCA 2015-16 III Sem VI,2.22E+11,Fine Fee,0,200,0,0,0,0,0,0,0,
237208,28-07-2016,2016-2017,2016-2017,AIE,RCPT,836866,14CCME101346,14CCME101346,Alumni,General,School of Mechanical Engineering,B.Tech/B.Tech (Hons) Mechanical Engineering,School of Mechanical Engineering,ME 2014-2015 IV Sem VIII,2.32E+11,Fine Fee,0,200,0,0,0,0,0,0,0,
237209,28-07-2016,2016-2017,2016-2017,AIE,RCPT,854731,13CCME101120,13CCME101120,No Information,General,School of Mechanical Engineering,B.Tech/B.Tech (Hons) Mechanical Engineering,School of Mechanical Engineering,B.Tech/B.Tech (Hons) Mechanical Engineering 2017-2018 IV Sem VIII,2.32E+11,Fine Fee,0,200,0,0,0,0,0,0,0,
237210,28-07-2016,2016-2017,2016-2017,AIE,RCPT,767379,15CCCE203013,15CCCE203013,Active,General,School of Computing Science & Engineering,MCA,School of Computing Science,MCA 2015 - 16 III Sem VI,2.22E+11,Library BookC Recieved,0,600,0,0,0,0,0,0,0,
237211,28-07-2016,2016-2017,2016-2017,AIE,REVJV,1007183,16CCCE104038,16CCCE104038,Alumni,General,School of Computing Science & Engineering,BCA,School of Computing Science,BCA 2016-17 IV Sem VII,2.22E+11,Adjusted_Amount,0,0,0,0,0,0,-25000,0,0,TUITION FEE
237212,28-07-2016,2016-2017,2016-2017,AIE,RCPT,850414,13CCCE101098,13CCCE101098,No Information,General,School of Computing Science & Engineering,B.Tech/B.Tech (Hons) Computer Science Engineering,School of Computing Science,B.Tech in CSE 2014-15 IV Sem VIII,2.22E+11,Fine Fee,0,200,0,0,0,0,0,0,0,
237213,28-07-2016,2016-2017,2016-2017,AIE,RCPT,855442,13CCME101036,13CCME101036,No Information,General,School of Mechanical Engineering,B.Tech/B.Tech (Hons) Mechanical Engineering,School of Mechanical Engineering,B.Tech/B.Tech (Hons) Mechanical Engineering 2017-2018 IV Sem VIII,2.32E+11,Fine Fee,0,200,0,0,0,0,0,0,0,
237214,28-07-2016,2016-2017,2016-2017,AIE,RCPT,770801,15CCCE105004,15CCCE105004,Withdrawn,General,School of Computing Science & Engineering,B.Tech (Hons) in Computer Science & Engineering with Specialization in Cloud Computing & Virtualizations,School of Computing Science,B.Tech in CSCC 2015-16 IV Sem VII,2.22E+11,Fine Fee,0,200,0,0,0,0,0,0,0,
237215,28-07-2016,2016-2017,2016-2017,AIE,RCPT,826654,14CcCe107018,14CcCe107018,Active,General,School of Computing Science & Engineering,B.Tech (Hons) in Computer Science & Engineering with Specialization in Business Analytics,School of Computing Science,B.Tech in CSBA 2014-15 IV Sem VIII,2.22E+11,Fine Fee,0,200,0,0,0,0,0,0,0,
237216,28-07-2016,2016-2017,2016-2017,AIE,RCPT,751798,16GCOL102078,16GCOL102078,Active,General,School of Law,Integrated BA + LLB (Hons.),School of Law,BALLB 2016-2017 V SEM X,1.92E+11,TUITION FEE,0,100000,0,0,0,0,0,0,0,
237217,28-07-2016,2016-2017,2016-2017,AIE,RCPT,751798,16GCOL102078,16GCOL102078,Active,General,School of Law,Integrated BA + LLB (Hons.),School of Law,BALLB 2016-2017 V SEM X,1.92E+11,Exam Fee,0,10000,0,0,0,0,0,0,0,
237218,28-07-2016,2016-2017,2016-2017,AIE,RCPT,850994,13CCCE101049,13CCCE101049,No Information,General,School of Computing Science & Engineering,B.Tech/B.Tech (Hons) Computer Science Engineering,School of Computing Science,B.Tech in CSE 2014-15 IV Sem VIII,2.22E+11,Fine Fee,0,200,0,0,0,0,0,0,0,
237219,28-07-2016,2016-2017,2016-2017,AIE,RCPT,808414,16CCCE104038,16CCCE104038,Alumni,General,School of Computing Science & Engineering,BCA,School of Computing Science,BCA 2016-17 IV Sem VII,2.22E+11,TUITION FEE,0,67000,0,0,0,0,0,0,0,
237220,28-07-2016,2016-2017,2016-2017,AIE,RCPT,808414,16CCCE104038,16CCCE104038,Alumni,General,School of Computing Science & Engineering,BCA,School of Computing Science,BCA 2016-17 IV Sem VII,2.22E+11,Ajustable_Excess_Amount,0,25000,0,0,0,0,0,0,0,
237221,28-07-2016,2016-2017,2016-2017,AIE,RCPT,797577,16COCE107015,16COCE107015,Alumni,General,School of Chemical Engineering,B.Tech/B.Tech (Hons) Chemical Engineering,School of Chemical Engineering,BTech Chemical Engineering 2016-2017 IV Sem VIII,2.82E+11,TUITION FEE,0,109000,0,0,0,0,0,0,0,
237222,28-07-2016,2016-2017,2016-2017,AIE,RCPT,797577,16COCE107015,16COCE107015,Alumni,General,School of Chemical Engineering,B.Tech/B.Tech (Hons) Chemical Engineering,School of Chemical Engineering,BTech Chemical Engineering 2016-2017 IV Sem VIII,2.82E+11,Ajustable_Excess_Amount,0,50000,0,0,0,0,0,0,0,
237223,28-07-2016,2016-2017,2016-2017,AIE,RCPT,825346,14CECE103066,14CECE103066,Alumni,General,School of Electrical Electronics & Communication Engineering,B.Tech/B.Tech (Hons) Electronics & Communications Engineering,School of Electrical  Electronics,ELECTRONICS AND COMMUNICATION ENGINEERING-2014-15 IV Sem VIII,2.42E+11,Library BookC Recieved,0,300,0,0,0,0,0,0,0,
237224,28-07-2016,2016-2017,2016-2017,AIE,RCPT,837093,14CCME101317,14CCME101317,Alumni,General,School of Mechanical Engineering,B.Tech/B.Tech (Hons) Mechanical Engineering,School of Mechanical Engineering,ME 2014-2015 IV Sem VIII,2.32E+11,Fine Fee,0,200,0,0,0,0,0,0,0,
237225,28-07-2016,2016-2017,2016-2017,AIE,RCPT,826577,14CCCE108001,14CCCE108001,Alumni,General,School of Computing Science & Engineering,B.Tech (Hons) in Computer Science & Engineering with Specialization in Business Analytics,School of Computing Science,B.Tech in CSBA 2014-15 IV Sem VIII,2.22E+11,Library BookC Recieved,0,400,0,0,0,0,0,0,0,
237226,28-07-2016,2016-2017,2016-2017,AIE,REVJV,1005763,15CCCE101597,15CCCE101597,Alumni,General,School of Computing Science & Engineering,B.Tech/B.Tech (Hons) Computer Science Engineering,School of Computing Science,B.Tech in CSE 2015-16 V Sem IX,2.22E+11,Ajustable_Excess_Amount,0,0,0,0,0,0,-680,0,0,TUITION FEE
237227,28-07-2016,2016-2017,2016-2017,AIE,RCPT,748457,16CCME101033,16CCME101033,Alumni,General,School of Mechanical Engineering,B.Tech/B.Tech (Hons) Mechanical Engineering,School of Mechanical Engineering,ME 2016-2017 IV Sem VIII,2.32E+11,TUITION FEE,0,89000,0,0,0,0,0,0,0,
237228,28-07-2016,2016-2017,2016-2017,AIE,RCPT,855502,13CCME101029,13CCME101029,No Information,General,School of Mechanical Engineering,B.Tech/B.Tech (Hons) Mechanical Engineering,School of Mechanical Engineering,B.Tech/B.Tech (Hons) Mechanical Engineering 2017-2018 IV Sem VIII,2.32E+11,Fine Fee,0,200,0,0,0,0,0,0,0,
237229,28-07-2016,2016-2017,2016-2017,AIE,RCPT,827203,14CCCE105082,14CCCE105082,Alumni,General,School of Computing Science & Engineering,B.Tech (Hons) in Computer Science & Engineering with Specialization in Cloud Computing & Virtualizations,School of Computing Science,B.Tech in CSCC 2014-15 IV Sem VIII,2.22E+11,Fine Fee,0,200,0,0,0,0,0,0,0,
237230,28-07-2016,2016-2017,2016-2017,AIE,REVJV,1005762,15CCCE101597,15CCCE101597,Alumni,General,School of Computing Science & Engineering,B.Tech/B.Tech (Hons) Computer Science Engineering,School of Computing Science,B.Tech in CSE 2015-16 V Sem IX,2.22E+11,Ajustable_Excess_Amount,0,0,0,0,0,0,-880,0,0,TUITION FEE
237231,28-07-2016,2016-2017,2016-2017,AIE,REVJV,1005739,15CCCE101507,15CCCE101507,Alumni,General,School of Computing Science & Engineering,B.Tech/B.Tech (Hons) Computer Science Engineering,School of Computing Science,B.Tech in CSE 2015-16 V Sem IX,2.22E+11,Ajustable_Excess_Amount,0,0,0,0,0,0,-1300,0,0,TUITION FEE
237232,28-07-2016,2016-2017,2016-2017,AIE,RCPT,861662,13GCFC101006,13GCFC101006,No Information,General,School of Finance & Commerce,B.Com. (Hons),School of Finance,B COM H-2015-16 III Sem VI,1.72E+11,Fine Fee,0,200,0,0,0,0,0,0,0,
237233,28-07-2016,2016-2017,2016-2017,AIE,RCPT,964343,16GPTC404036,16GPTC404036,Alumni,General,Gs Polytechnic,Diploma in Civil Engineering,Gs Polytechnic,Diploma in Civil Engineering 2017-2018 III Sem VI,3.22E+11,TUITION FEE,0,10000,0,0,0,0,0,0,0,
237234,28-07-2016,2016-2017,2016-2017,AIE,RCPT,964343,16GPTC404036,16GPTC404036,Alumni,General,Gs Polytechnic,Diploma in Civil Engineering,Gs Polytechnic,Diploma in Civil Engineering 2017-2018 III Sem VI,3.22E+11,Exam Fee,0,10000,0,0,0,0,0,0,0,
237235,28-07-2016,2016-2017,2016-2017,AIE,RCPT,770675,15CCCE105015,15CCCE105015,Alumni,General,School of Computing Science & Engineering,B.Tech (Hons) in Computer Science & Engineering with Specialization in Cloud Computing & Virtualizations,School of Computing Science,B.Tech in CSCC 2015-16 V Sem IX,2.22E+11,Fine Fee,0,200,0,0,0,0,0,0,0,
237236,28-07-2016,2016-2017,2016-2017,AIE,RCPT,770675,15CCCE105015,15CCCE105015,Alumni,General,School of Computing Science & Engineering,B.Tech (Hons) in Computer Science & Engineering with Specialization in Cloud Computing & Virtualizations,School of Computing Science,B.Tech in CSCC 2015-16 V Sem IX,2.22E+11,Library BookC Recieved,0,300,0,0,0,0,0,0,0,
237237,28-07-2016,2016-2017,2016-2017,AIE,RCPT,800986,16CECE105020,16CECE105020,Alumni,General,School of Electrical Electronics & Communication Engineering,B.Tech/B.Tech (Hons) Electrical Engineering,School of Electrical  Electronics,Electrical Engineering-2016-17 IV Sem VIII,2.42E+11,TUITION FEE,0,149000,0,0,0,0,0,0,0,
237238,28-07-2016,2016-2017,2016-2017,AIE,RCPT,800986,16CECE105020,16CECE105020,Alumni,General,School of Electrical Electronics & Communication Engineering,B.Tech/B.Tech (Hons) Electrical Engineering,School of Electrical  Electronics,Electrical Engineering-2016-17 IV Sem VIII,2.42E+11,Exam Fee,0,10000,0,0,0,0,0,0,0,
237239,28-07-2016,2016-2017,2016-2017,AIE,RCPT,821790,15GPTC404034,15GPTC404034,Alumni,General,Gs Polytechnic,Diploma in Civil Engineering,Gs Polytechnic,CIVIL ENGINEERING 2015-2016 III Sem VI,3.22E+11,Fine Fee,0,1600,0,0,0,0,0,0,0,
237240,28-07-2016,2016-2017,2016-2017,AIE,RCPT,822712,15CCCE101711,15CCCE101711,Alumni,General,School of Computing Science & Engineering,B.Tech/B.Tech (Hons) Computer Science Engineering,School of Computing Science,B.Tech in CSE 2014-15 IV Sem VIII,2.22E+11,Library BookC Recieved,0,400,0,0,0,0,0,0,0,
237241,28-07-2016,2016-2017,2016-2017,AIE,REVJV,1006292,16GCOB201118,16GCOB201118,Alumni,General,School of Business,MBA in dual specialization ,School of Business,MBA 2016-2017 II Sem IV,1.32E+11,Adjusted_Amount,0,0,0,0,0,0,-25000,0,0,TUITION FEE
237242,28-07-2016,2016-2017,2016-2017,AIE,RCPT,837104,14CCME101315,14CCME101315,Alumni,General,School of Mechanical Engineering,B.Tech/B.Tech (Hons) Mechanical Engineering,School of Mechanical Engineering,ME 2014-2015 IV Sem VIII,2.32E+11,Fine Fee,0,200,0,0,0,0,0,0,0,
237243,28-07-2016,2016-2017,2016-2017,AIE,RCPT,837475,14CCME101265,14CCME101265,Alumni,General,School of Mechanical Engineering,B.Tech/B.Tech (Hons) Mechanical Engineering,School of Mechanical Engineering,ME 2014-2015 IV Sem VIII,2.32E+11,Fine Fee,0,200,0,0,0,0,0,0,0,
237244,28-07-2016,2016-2017,2016-2017,AIE,RCPT,852179,13CCME103127,13CCME103127,No Information,General,School of Civil Engineering,B.Tech/B.Tech (Hons) Civil Engineering,School of Civil Engineering,B.Tech/B.Tech (Hons) Civil Engineering 2017-2018 IV Sem VIII,2.32E+11,Fine Fee,0,200,0,0,0,0,0,0,0,
237245,28-07-2016,2016-2017,2016-2017,AIE,RCPT,748424,16CCME101036,16CCME101036,Alumni,General,School of Mechanical Engineering,B.Tech/B.Tech (Hons) Mechanical Engineering,School of Mechanical Engineering,ME 2016-2017 IV Sem VIII,2.32E+11,TUITION FEE,0,135000,0,0,0,0,0,0,0,
237246,28-07-2016,2016-2017,2016-2017,AIE,RCPT,757657,16GCOB101041,16GCOB101041,Alumni,General,School of Business,Bachelor of Business Administration,School of Business,Bachelor of Business Administration 2016-17 IV Sem VII,1.32E+11,TUITION FEE,0,62000,0,0,0,0,0,0,0,
237247,28-07-2016,2016-2017,2016-2017,AIE,RCPT,837569,14CCME101256,14CCME101256,Alumni,General,School of Mechanical Engineering,B.Tech/B.Tech (Hons) Mechanical Engineering,School of Mechanical Engineering,ME 2014-2015 IV Sem VIII,2.32E+11,Fine Fee,0,200,0,0,0,0,0,0,0,
237248,28-07-2016,2016-2017,2016-2017,AIE,RCPT,835692,14CCME101463,14CCME101463,Alumni,General,School of Mechanical Engineering,B.Tech/B.Tech (Hons) Mechanical Engineering,School of Mechanical Engineering,ME 2014-2015 IV Sem VIII,2.32E+11,Fine Fee,0,200,0,0,0,0,0,0,0,
237249,28-07-2016,2016-2017,2016-2017,AIE,RCPT,827024,14CcCe105095,14CcCe105095,Alumni,General,School of Computing Science & Engineering,B.Tech (Hons) in Computer Science & Engineering with Specialization in Cloud Computing & Virtualizations,School of Computing Science,B.Tech in CSCC 2014-15 IV Sem VIII,2.22E+11,Library BookC Recieved,0,400,0,0,0,0,0,0,0,
237250,28-07-2016,2016-2017,2016-2017,AIE,RCPT,807741,16CCCE104112,16CCCE104112,Withdrawn,General,School of Computing Science & Engineering,BCA,School of Computing Science,BCA 2016-17 III Sem V,2.22E+11,Fine Fee,0,200,0,0,0,0,0,0,0,
237251,28-07-2016,2016-2017,2016-2017,AIE,RCPT,807741,16CCCE104112,16CCCE104112,Withdrawn,General,School of Computing Science & Engineering,BCA,School of Computing Science,BCA 2016-17 III Sem V,2.22E+11,Library BookC Recieved,0,300,0,0,0,0,0,0,0,
237252,28-07-2016,2016-2017,2016-2017,AIE,RCPT,826921,14CCCE106004,14CCCE106004,Alumni,General,School of Computing Science & Engineering,B.Tech (Hons) in Computer Science & Engineering with Specialization in Open Source Software & Open S,School of Computing Science,B.Tech in CSOS 2014-15 IV Sem VIII,2.22E+11,Library BookC Recieved,0,400,0,0,0,0,0,0,0,
237253,28-07-2016,2016-2017,2016-2017,AIE,RCPT,807733,16CcCe104113,16CcCe104113,No Information,General,School of Computing Science & Engineering,BCA,School of Computing Science,BCA 2016-17 II Sem IV,2.22E+11,Fine Fee,0,1000,0,0,0,0,0,0,0,
237254,28-07-2016,2016-2017,2016-2017,AIE,RCPT,807733,16CcCe104113,16CcCe104113,No Information,General,School of Computing Science & Engineering,BCA,School of Computing Science,BCA 2016-17 II Sem IV,2.22E+11,Tuition Fee (Back Paper),0,1800,0,0,0,0,0,0,0,
237255,28-07-2016,2016-2017,2016-2017,AIE,RCPT,807733,16CcCe104113,16CcCe104113,No Information,General,School of Computing Science & Engineering,BCA,School of Computing Science,BCA 2016-17 II Sem IV,2.22E+11,Exam Fee (Back Paper),0,500,0,0,0,0,0,0,0,
237256,28-07-2016,2016-2017,2016-2017,AIE,RCPT,787813,15CCME101319,15CCME101319,Year Back,General,School of Mechanical Engineering,B.Tech/B.Tech (Hons) Mechanical Engineering,School of Mechanical Engineering,ME 2015-2016 III Sem VI,2.32E+11,Fine Fee,0,200,0,0,0,0,0,0,0,
237257,28-07-2016,2016-2017,2016-2017,AIE,RCPT,826922,14CCCE106004,14CCCE106004,Alumni,General,School of Computing Science & Engineering,B.Tech (Hons) in Computer Science & Engineering with Specialization in Open Source Software & Open S,School of Computing Science,B.Tech in CSOS 2014-15 IV Sem VIII,2.22E+11,Fine Fee,0,200,0,0,0,0,0,0,0,
237258,28-07-2016,2016-2017,2016-2017,AIE,RCPT,769285,15CCCE105150,15CCCE105150,No Information,General,School of Computing Science & Engineering,B.Tech (Hons) in Computer Science & Engineering with Specialization in Cloud Computing & Virtualizations,School of Computing Science,B.Tech in CSCC 2015-16 III Sem VI,2.22E+11,Fine Fee,0,200,0,0,0,0,0,0,0,
237259,28-07-2016,2016-2017,2016-2017,AIE,PMT,994946,11COMBB101056,11COMBB101056,Alumni,General,School of Business,Bachelor of Business Administration,School of Business,BBA 2011-2012 III Sem VI,,Security Fee,0,0,0,0,0,0,0,-10000,0,
237260,28-07-2016,2016-2017,2016-2017,AIE,RCPT,834939,14CCME101534,14CCME101534,Alumni,General,School of Mechanical Engineering,B.Tech/B.Tech (Hons) Mechanical Engineering,School of Mechanical Engineering,ME 2014-2015 IV Sem VIII,2.32E+11,Fine Fee,0,200,0,0,0,0,0,0,0,
237261,28-07-2016,2016-2017,2016-2017,AIE,RCPT,769284,15CCCE105150,15CCCE105150,No Information,General,School of Computing Science & Engineering,B.Tech (Hons) in Computer Science & Engineering with Specialization in Cloud Computing & Virtualizations,School of Computing Science,B.Tech in CSCC 2015-16 III Sem VI,2.22E+11,Library BookC Recieved,0,300,0,0,0,0,0,0,0,
237262,28-07-2016,2016-2017,2016-2017,AIE,RCPT,787859,15CCME101317,15CCME101317,Alumni,General,School of Mechanical Engineering,B.Tech/B.Tech (Hons) Mechanical Engineering,School of Mechanical Engineering,ME 2015-2016 V Sem IX,2.32E+11,Fine Fee,0,200,0,0,0,0,0,0,0,
237263,28-07-2016,2016-2017,2016-2017,AIE,RCPT,770985,15CCCE104071,15CCCE104071,Alumni,General,School of Computing Science & Engineering,BCA,School of Computing Science,BCA 2015-16 III Sem VI,2.22E+11,Library BookC Recieved,0,300,0,0,0,0,0,0,0,
237264,28-07-2016,2016-2017,2016-2017,AIE,RCPT,788246,15CCME101288,15CCME101288,No Information,General,School of Mechanical Engineering,B.Tech/B.Tech (Hons) Mechanical Engineering,School of Mechanical Engineering,ME 2015-2016 III Sem VI,2.32E+11,Fine Fee,0,200,0,0,0,0,0,0,0,
237265,28-07-2016,2016-2017,2016-2017,AIE,RCPT,826859,14CCCE106010,14CCCE106010,Alumni,General,School of Computing Science & Engineering,B.Tech (Hons) in Computer Science & Engineering with Specialization in Open Source Software & Open S,School of Computing Science,B.Tech in CSOS 2014-15 IV Sem VIII,2.22E+11,Library BookC Recieved,0,400,0,0,0,0,0,0,0,
237266,28-07-2016,2016-2017,2016-2017,AIE,RCPT,834617,14CCME103031,14CCME103031,Alumni,General,School of Civil Engineering,B.Tech/B.Tech (Hons) Civil Engineering,School of Civil Engineering,B Tech Civil Engineering 2014-15 IV Sem VIII,2.32E+11,Fine Fee,0,200,0,0,0,0,0,0,0,
237267,28-07-2016,2016-2017,2016-2017,AIE,RCPT,830725,14CCCE101211,14CCCE101211,Alumni,General,School of Computing Science & Engineering,B.Tech/B.Tech (Hons) Computer Science Engineering,School of Computing Science,B.Tech in CSE 2014-15 IV Sem VIII,2.22E+11,Library BookC Recieved,0,400,0,0,0,0,0,0,0,
237268,28-07-2016,2016-2017,2016-2017,AIE,RCPT,834000,14CCME103091,14CCME103091,Alumni,General,School of Civil Engineering,B.Tech/B.Tech (Hons) Civil Engineering,School of Civil Engineering,B Tech Civil Engineering 2014-15 IV Sem VIII,2.32E+11,Exam Fee (Back Paper),0,1000,0,0,0,0,0,0,0,
237269,28-07-2016,2016-2017,2016-2017,AIE,RCPT,833800,14CCME103107,14CCME103107,Alumni,General,School of Civil Engineering,B.Tech/B.Tech (Hons) Civil Engineering,School of Civil Engineering,B Tech Civil Engineering 2014-15 IV Sem VIII,2.32E+11,Fine Fee,0,400,0,0,0,0,0,0,0,
237270,28-07-2016,2016-2017,2016-2017,AIE,RCPT,749766,16CAHC105011,16CAHC105011,Alumni,General,School of Humanities & Social Sciences,B.A (Hons) Political Science,School of Humanities,BA (H) POL Science 2016-17 IV Sem VII,1.42E+11,TUITION FEE,0,50000,0,0,0,0,0,0,0,
237271,28-07-2016,2016-2017,2016-2017,AIE,RCPT,749766,16CAHC105011,16CAHC105011,Alumni,General,School of Humanities & Social Sciences,B.A (Hons) Political Science,School of Humanities,BA (H) POL Science 2016-17 IV Sem VII,1.42E+11,Exam Fee,0,10000,0,0,0,0,0,0,0,
237272,28-07-2016,2016-2017,2016-2017,AIE,RCPT,770925,15CCCE104079,15CCCE104079,Alumni,General,School of Computing Science & Engineering,BCA,School of Computing Science,BCA 2015-16 III Sem VI,2.22E+11,Library BookC Recieved,0,300,0,0,0,0,0,0,0,
237273,28-07-2016,2016-2017,2016-2017,AIE,RCPT,826861,14CCCE106010,14CCCE106010,Alumni,General,School of Computing Science & Engineering,B.Tech (Hons) in Computer Science & Engineering with Specialization in Open Source Software & Open S,School of Computing Science,B.Tech in CSOS 2014-15 IV Sem VIII,2.22E+11,Fine Fee,0,200,0,0,0,0,0,0,0,
237274,28-07-2016,2016-2017,2016-2017,NRI,RCPT,835043,14CCME101523,14CCME101523,Alumni,General,School of Mechanical Engineering,B.Tech/B.Tech (Hons) Mechanical Engineering,School of Mechanical Engineering,ME 2014-2015 IV Sem VIII,2.32E+11,Fine Fee,0,1000,0,0,0,0,0,0,0,
237275,28-07-2016,2016-2017,2016-2017,NRI,RCPT,835043,14CCME101523,14CCME101523,Alumni,General,School of Mechanical Engineering,B.Tech/B.Tech (Hons) Mechanical Engineering,School of Mechanical Engineering,ME 2014-2015 IV Sem VIII,2.32E+11,Tuition Fee (Back Paper),0,1800,0,0,0,0,0,0,0,
237276,28-07-2016,2016-2017,2016-2017,NRI,RCPT,835043,14CCME101523,14CCME101523,Alumni,General,School of Mechanical Engineering,B.Tech/B.Tech (Hons) Mechanical Engineering,School of Mechanical Engineering,ME 2014-2015 IV Sem VIII,2.32E+11,Exam Fee (Back Paper),0,500,0,0,0,0,0,0,0,
237277,28-07-2016,2016-2017,2016-2017,AIE,RCPT,747235,16CCME101154,16CCME101154,Alumni,General,School of Mechanical Engineering,B.Tech/B.Tech (Hons) Mechanical Engineering,School of Mechanical Engineering,ME 2016-2017 IV Sem VIII,2.32E+11,TUITION FEE,0,20000,0,0,0,0,0,0,0,
237278,28-07-2016,2016-2017,2016-2017,AIE,RCPT,771062,15CCCE104061,15CCCE104061,No Information,General,School of Computing Science & Engineering,BCA,School of Computing Science,BCA 2016-17 II Sem IV,2.22E+11,Library BookC Recieved,0,300,0,0,0,0,0,0,0,
237279,28-07-2016,2016-2017,2016-2017,AIE,RCPT,835364,14CCME101495,14CCME101495,No Information,General,School of Mechanical Engineering,B.Tech/B.Tech (Hons) Mechanical Engineering,School of Mechanical Engineering,B.Tech/B.Tech (Hons) Mechanical Engineering 2017-2018 III Sem VI,2.32E+11,Fine Fee,0,200,0,0,0,0,0,0,0,
237280,28-07-2016,2016-2017,2016-2017,AIE,RCPT,854892,13CCME101101,13CCME101101,No Information,General,School of Mechanical Engineering,B.Tech/B.Tech (Hons) Mechanical Engineering,School of Mechanical Engineering,B.Tech/B.Tech (Hons) Mechanical Engineering 2017-2018 IV Sem VIII,2.32E+11,Fine Fee,0,200,0,0,0,0,0,0,0,
237281,28-07-2016,2016-2017,2016-2017,AIE,RCPT,846205,13CMAC101012,13CMAC101012,No Information,General,School of Medical and Allied Sciences,Bachelor of Physiotherapy,School of Medical and Allied Sciences,BPT2014-15 IV Sem VIII,2.12E+11,Fine Fee,0,200,0,0,0,0,0,0,0,
237282,28-07-2016,2016-2017,2016-2017,AIE,REVDUE,583720,15CCCE101084,15CCCE101084,Alumni,General,School of Computing Science & Engineering,B.Tech/B.Tech (Hons) Computer Science Engineering,School of Computing Science,B.Tech in CSE 2015-16 IV Sem VIII,,Library BookC Recieved,0,0,0,0,0,300,0,0,0,DUE REVERCE
237283,28-07-2016,2016-2017,2016-2017,AIE,RCPT,771063,15CCCE104061,15CCCE104061,No Information,General,School of Computing Science & Engineering,BCA,School of Computing Science,BCA 2016-17 II Sem IV,2.22E+11,Fine Fee,0,200,0,0,0,0,0,0,0,
237284,28-07-2016,2016-2017,2016-2017,AIE,RCPT,835630,14CCME101468,14CCME101468,Alumni,General,School of Mechanical Engineering,B.Tech/B.Tech (Hons) Mechanical Engineering,School of Mechanical Engineering,ME 2014-2015 IV Sem VIII,2.32E+11,Fine Fee,0,200,0,0,0,0,0,0,0,
237285,28-07-2016,2016-2017,2016-2017,AIE,RCPT,770281,15CCCE105049,15CCCE105049,Alumni,General,School of Computing Science & Engineering,B.Tech (Hons) in Computer Science & Engineering with Specialization in Cloud Computing & Virtualizations,School of Computing Science,B.Tech in CSCC 2015-16 V Sem IX,2.22E+11,Fine Fee,0,200,0,0,0,0,0,0,0,
237286,28-07-2016,2016-2017,2016-2017,,RCPT,826685,14CCCE107016,14CCCE107016,Alumni,General,School of Computing Science & Engineering,B.Tech (Hons) in Computer Science & Engineering with Specialization in Business Analytics,School of Computing Science,B.Tech in CSBA 2014-15 IV Sem VIII,2.22E+11,Fine Fee,0,200,0,0,0,0,0,0,0,
237287,28-07-2016,2016-2017,2016-2017,AIE,RCPT,749770,16CAHC105009,16CAHC105009,No Information,General,School of Humanities & Social Sciences,B.A (Hons) Political Science,School of Humanities,BA (H) POL Science 2016-17 II Sem IV,1.42E+11,TUITION FEE,0,50000,0,0,0,0,0,0,0,
237288,28-07-2016,2016-2017,2016-2017,AIE,RCPT,749770,16CAHC105009,16CAHC105009,No Information,General,School of Humanities & Social Sciences,B.A (Hons) Political Science,School of Humanities,BA (H) POL Science 2016-17 II Sem IV,1.42E+11,Exam Fee,0,10000,0,0,0,0,0,0,0,
237289,28-07-2016,2016-2017,2016-2017,AIE,RCPT,747222,16CCME101155,16CCME101155,No Information,General,School of Mechanical Engineering,B.Tech/B.Tech (Hons) Mechanical Engineering,School of Mechanical Engineering,B.Tech/B.Tech (Hons) Mechanical Engineering 2016-2017 I Sem II,2.32E+11,TUITION FEE,0,148000,0,0,0,0,0,0,0,
237290,28-07-2016,2016-2017,2016-2017,AIE,RCPT,749768,16CAHC105010,16CAHC105010,No Information,General,School of Humanities & Social Sciences,B.A (Hons) Political Science,School of Humanities,BA (H) POL Science 2016-17 II Sem IV,1.42E+11,TUITION FEE,0,50000,0,0,0,0,0,0,0,
237291,28-07-2016,2016-2017,2016-2017,AIE,RCPT,749768,16CAHC105010,16CAHC105010,No Information,General,School of Humanities & Social Sciences,B.A (Hons) Political Science,School of Humanities,BA (H) POL Science 2016-17 II Sem IV,1.42E+11,Exam Fee,0,10000,0,0,0,0,0,0,0,
237292,28-07-2016,2016-2017,2016-2017,AIE,RCPT,769450,15CCCE105133,15CCCE105133,Alumni,General,School of Computing Science & Engineering,B.Tech (Hons) in Computer Science & Engineering with Specialization in Cloud Computing & Virtualizations,School of Computing Science,B.Tech in CSCC 2015-16 IV Sem VIII,2.22E+11,TUITION FEE,0,140000,0,0,0,0,0,0,0,
237293,28-07-2016,2016-2017,2016-2017,AIE,RCPT,835168,14CCME101511,14CCME101511,Alumni,General,School of Mechanical Engineering,B.Tech/B.Tech (Hons) Mechanical Engineering,School of Mechanical Engineering,ME 2014-2015 IV Sem VIII,2.32E+11,Fine Fee,0,200,0,0,0,0,0,0,0,
237294,28-07-2016,2016-2017,2016-2017,AIE,RCPT,771050,15CCCE104063,15CCCE104063,No Information,General,School of Computing Science & Engineering,BCA,School of Computing Science,BCA 2016-17 II Sem IV,2.22E+11,Library BookC Recieved,0,300,0,0,0,0,0,0,0,
237295,28-07-2016,2016-2017,2016-2017,AIE,RCPT,801657,16CECE103029,16CECE103029,Alumni,General,School of Electrical Electronics & Communication Engineering,B.Tech/B.Tech (Hons) Electronics & Communications Engineering,School of Electrical  Electronics,ELECTRONICS AND COMMUNICATION ENGINEERING-2016-17 IV Sem VIII,2.42E+11,TUITION FEE,0,100000,0,0,0,0,0,0,0,
237296,28-07-2016,2016-2017,2016-2017,AIE,RCPT,769453,15CCCE105133,15CCCE105133,Alumni,General,School of Computing Science & Engineering,B.Tech (Hons) in Computer Science & Engineering with Specialization in Cloud Computing & Virtualizations,School of Computing Science,B.Tech in CSCC 2015-16 IV Sem VIII,2.22E+11,Fine Fee,0,200,0,0,0,0,0,0,0,
237297,28-07-2016,2016-2017,2016-2017,AIE,RCPT,788405,15CCME101280,15CCME101280,No Information,General,School of Mechanical Engineering,B.Tech/B.Tech (Hons) Mechanical Engineering,School of Mechanical Engineering,B.Tech/B.Tech (Hons) Mechanical Engineering 2017-2018 II Sem IV,2.32E+11,Fine Fee,0,200,0,0,0,0,0,0,0,
237298,28-07-2016,2016-2017,2016-2017,AIE,RCPT,769451,15CCCE105133,15CCCE105133,Alumni,General,School of Computing Science & Engineering,B.Tech (Hons) in Computer Science & Engineering with Specialization in Cloud Computing & Virtualizations,School of Computing Science,B.Tech in CSCC 2015-16 IV Sem VIII,2.22E+11,Library BookC Recieved,0,300,0,0,0,0,0,0,0,
237299,28-07-2016,2016-2017,2016-2017,AIE,RCPT,761712,16GPTC406033,16GPTC406033,Alumni,General,Gs Polytechnic,Diploma in Computer Science & Engineering,Gs Polytechnic,COMPUTER SCIENCE ENGINEERING 2016-2017 IV Sem VII,3.22E+11,TUITION FEE,0,35000,0,0,0,0,0,0,0,
237300,28-07-2016,2016-2017,2016-2017,AIE,RCPT,761712,16GPTC406033,16GPTC406033,Alumni,General,Gs Polytechnic,Diploma in Computer Science & Engineering,Gs Polytechnic,COMPUTER SCIENCE ENGINEERING 2016-2017 IV Sem VII,3.22E+11,Exam Fee,0,10000,0,0,0,0,0,0,0,
237301,28-07-2016,2016-2017,2016-2017,AIE,RCPT,830907,14CCCE101193,14CCCE101193,Alumni,General,School of Computing Science & Engineering,B.Tech/B.Tech (Hons) Computer Science Engineering,School of Computing Science,B.Tech in CSE 2014-15 IV Sem VIII,2.22E+11,Library BookC Recieved,0,400,0,0,0,0,0,0,0,
237302,28-07-2016,2016-2017,2016-2017,AIE,RCPT,826050,14CECE101009,14CECE101009,Alumni,General,School of Electrical Electronics & Communication Engineering,B.Tech/B.Tech (Hons) Electrical & Electronics Engineering,School of Electrical  Electronics,Electrical and Electronics Engineering-2014-15 IV Sem VIII,2.42E+11,Fine Fee,0,200,0,0,0,0,0,0,0,
237303,28-07-2016,2016-2017,2016-2017,AIE,RCPT,767148,15CCCE203045,15CCCE203045,Alumni,General,School of Computing Science & Engineering,MCA,School of Computing Science,MCA 2015 - 16 III Sem VI,2.22E+11,Library BookC Recieved,0,600,0,0,0,0,0,0,0,
237304,28-07-2016,2016-2017,2016-2017,AIE,RCPT,826051,14CECE101009,14CECE101009,Alumni,General,School of Electrical Electronics & Communication Engineering,B.Tech/B.Tech (Hons) Electrical & Electronics Engineering,School of Electrical  Electronics,Electrical and Electronics Engineering-2014-15 IV Sem VIII,2.42E+11,TUITION FEE,0,149000,0,0,0,0,0,0,0,
237305,28-07-2016,2016-2017,2016-2017,AIE,RCPT,826051,14CECE101009,14CECE101009,Alumni,General,School of Electrical Electronics & Communication Engineering,B.Tech/B.Tech (Hons) Electrical & Electronics Engineering,School of Electrical  Electronics,Electrical and Electronics Engineering-2014-15 IV Sem VIII,2.42E+11,Exam Fee,0,10000,0,0,0,0,0,0,0,
237306,28-07-2016,2016-2017,2016-2017,AIE,RCPT,826051,14CECE101009,14CECE101009,Alumni,General,School of Electrical Electronics & Communication Engineering,B.Tech/B.Tech (Hons) Electrical & Electronics Engineering,School of Electrical  Electronics,Electrical and Electronics Engineering-2014-15 IV Sem VIII,2.42E+11,Fine Fee,0,8000,0,0,0,0,0,0,0,
237307,28-07-2016,2016-2017,2016-2017,AIE,RCPT,850278,13CCCE101114,13CCCE101114,No Information,General,School of Computing Science & Engineering,B.Tech/B.Tech (Hons) Computer Science Engineering,School of Computing Science,B.Tech in CSE 2014-15 IV Sem VIII,2.22E+11,Fine Fee,0,200,0,0,0,0,0,0,0,
237308,28-07-2016,2016-2017,2016-2017,AIE,RCPT,771555,15CCCE102012,15CCCE102012,Alumni,General,School of Computing Science & Engineering,Integrated B.Tech (Chemical Engineering) + MBA,School of Computing Science,B.Tech (CSE) + MBA 2016-17 IV Sem VIII,2.22E+11,Fine Fee,0,200,0,0,0,0,0,0,0,
237309,28-07-2016,2016-2017,2016-2017,AIE,RCPT,752546,16GCOL101013,16GCOL101013,Alumni,General,School of Law,Bachelor of Law (LLB) (Hons.),School of Law,LLB 2016-2017 IV Sem VII,1.92E+11,TUITION FEE,0,60000,0,0,0,0,0,0,0,
237310,28-07-2016,2016-2017,2016-2017,AIE,RCPT,752546,16GCOL101013,16GCOL101013,Alumni,General,School of Law,Bachelor of Law (LLB) (Hons.),School of Law,LLB 2016-2017 IV Sem VII,1.92E+11,Exam Fee,0,10000,0,0,0,0,0,0,0,
237311,28-07-2016,2016-2017,2016-2017,AIE,RCPT,827368,14CCCE105066,14CCCE105066,Alumni,General,School of Computing Science & Engineering,B.Tech (Hons) in Computer Science & Engineering with Specialization in Cloud Computing & Virtualizations,School of Computing Science,B.Tech in CSCC 2014-15 IV Sem VIII,2.22E+11,Fine Fee,0,200,0,0,0,0,0,0,0,
237312,28-07-2016,2016-2017,2016-2017,AIE,RCPT,777387,15CCCE101457,15CCCE101457,Alumni,General,School of Computing Science & Engineering,B.Tech/B.Tech (Hons) Computer Science Engineering,School of Computing Science,B.Tech in CSE 2015-16 V Sem IX,2.22E+11,Fine Fee,0,200,0,0,0,0,0,0,0,
237313,28-07-2016,2016-2017,2016-2017,AIE,RCPT,827366,14CCCE105066,14CCCE105066,Alumni,General,School of Computing Science & Engineering,B.Tech (Hons) in Computer Science & Engineering with Specialization in Cloud Computing & Virtualizations,School of Computing Science,B.Tech in CSCC 2014-15 IV Sem VIII,2.22E+11,Library BookC Recieved,0,400,0,0,0,0,0,0,0,
237314,28-07-2016,2016-2017,2016-2017,AIE,RCPT,799336,16CMAC102061,16CMAC102061,Alumni,General,School of Medical and Allied Sciences,Bachelor of Pharmacy,School of Medical and Allied Sciences,B.Pharm 2015-16 IV Sem VIII,2.12E+11,TUITION FEE,0,50000,0,0,0,0,0,0,0,
237315,28-07-2016,2016-2017,2016-2017,AIE,RCPT,826204,14CCCE203028,14CCCE203028,No Information,General,School of Computing Science & Engineering,MCA,School of Computing Science,MCA 2017-2018 III Sem VI,2.22E+11,Fine Fee,0,200,0,0,0,0,0,0,0,
237316,28-07-2016,2016-2017,2016-2017,AIE,RCPT,743061,16CCCE101239,16CCCE101239,Alumni,General,School of Computing Science & Engineering,B.Tech/B.Tech (Hons) Computer Science Engineering,School of Computing Science,B.Tech in CSE 2015-16 V Sem IX,2.22E+11,Fine Fee,0,200,0,0,0,0,0,0,0,
237317,28-07-2016,2016-2017,2016-2017,AIE,RCPT,786758,15GCOB101290,15GCOB101290,Alumni,General,School of Business,Bachelor of Business Administration,School of Business,Bachelor of Business Administration 2015-16 III Sem VI,1.32E+11,Fine Fee,0,3000,0,0,0,0,0,0,0,
237318,28-07-2016,2016-2017,2016-2017,AIE,RCPT,786758,15GCOB101290,15GCOB101290,Alumni,General,School of Business,Bachelor of Business Administration,School of Business,Bachelor of Business Administration 2015-16 III Sem VI,1.32E+11,Tuition Fee (Back Paper),0,5400,0,0,0,0,0,0,0,
237319,28-07-2016,2016-2017,2016-2017,AIE,RCPT,786758,15GCOB101290,15GCOB101290,Alumni,General,School of Business,Bachelor of Business Administration,School of Business,Bachelor of Business Administration 2015-16 III Sem VI,1.32E+11,Exam Fee (Back Paper),0,1500,0,0,0,0,0,0,0,
237320,28-07-2016,2016-2017,2016-2017,AIE,RCPT,742988,16CCCE101244,16CCCE101244,Alumni,General,School of Computing Science & Engineering,B.Tech/B.Tech (Hons) Computer Science Engineering,School of Computing Science,B.Tech in CSE 2016-17 IV Sem VIII,2.22E+11,TUITION FEE,0,119000,0,0,0,0,0,0,0,
237321,28-07-2016,2016-2017,2016-2017,AIE,RCPT,854638,13CCME101130,13CCME101130,No Information,General,School of Mechanical Engineering,B.Tech/B.Tech (Hons) Mechanical Engineering,School of Mechanical Engineering,B.Tech/B.Tech (Hons) Mechanical Engineering 2017-2018 IV Sem VIII,2.32E+11,Fine Fee,0,200,0,0,0,0,0,0,0,
237322,28-07-2016,2016-2017,2016-2017,AIE,RCPT,799342,16CMAC102060,16CMAC102060,Alumni,General,School of Medical and Allied Sciences,Bachelor of Pharmacy,School of Medical and Allied Sciences,B.Pharm 2015-16 IV Sem VIII,2.12E+11,TUITION FEE,0,100000,0,0,0,0,0,0,0,
237323,28-07-2016,2016-2017,2016-2017,AIE,RCPT,799342,16CMAC102060,16CMAC102060,Alumni,General,School of Medical and Allied Sciences,Bachelor of Pharmacy,School of Medical and Allied Sciences,B.Pharm 2015-16 IV Sem VIII,2.12E+11,Exam Fee,0,10000,0,0,0,0,0,0,0,
237324,28-07-2016,2016-2017,2016-2017,AIE,RCPT,841948,14GCOB102013,14GCOB102013,Withdrawn,General,School of Business,Integrated MBA (BBA+MBA),School of Business,Integrated MBA (BBA+MBA) 2014-15 V Sem IX,1.32E+11,Fine Fee,0,5000,0,0,0,0,0,0,0,
237325,28-07-2016,2016-2017,2016-2017,AIE,RCPT,841948,14GCOB102013,14GCOB102013,Withdrawn,General,School of Business,Integrated MBA (BBA+MBA),School of Business,Integrated MBA (BBA+MBA) 2014-15 V Sem IX,1.32E+11,Tuition Fee (Back Paper),0,9000,0,0,0,0,0,0,0,
237326,28-07-2016,2016-2017,2016-2017,AIE,RCPT,841948,14GCOB102013,14GCOB102013,Withdrawn,General,School of Business,Integrated MBA (BBA+MBA),School of Business,Integrated MBA (BBA+MBA) 2014-15 V Sem IX,1.32E+11,Exam Fee (Back Paper),0,2500,0,0,0,0,0,0,0,
237327,28-07-2016,2016-2017,2016-2017,AIE,RCPT,814590,15CAHC105012,15CAHC105012,Alumni,General,School of Humanities & Social Sciences,B.A (Hons) Political Science,School of Humanities,BA (H) POL Science 2015-16 III Sem VI,1.42E+11,Fine Fee,0,200,0,0,0,0,0,0,0,
237328,28-07-2016,2016-2017,2016-2017,AIE,RCPT,771552,15CCCE102012,15CCCE102012,Alumni,General,School of Computing Science & Engineering,Integrated B.Tech (Chemical Engineering) + MBA,School of Computing Science,B.Tech (CSE) + MBA 2016-17 IV Sem VIII,2.22E+11,Library BookC Recieved,0,300,0,0,0,0,0,0,0,
237329,28-07-2016,2016-2017,2016-2017,AIE,RCPT,767207,15CCCE203037,15CCCE203037,Alumni,General,School of Computing Science & Engineering,MCA,School of Computing Science,MCA 2015 - 16 III Sem VI,2.22E+11,Library BookC Recieved,0,600,0,0,0,0,0,0,0,
237330,28-07-2016,2016-2017,2016-2017,AIE,RCPT,771478,15CCCE104005,15CCCE104005,Alumni,General,School of Computing Science & Engineering,BCA,School of Computing Science,BCA 2015-16 III Sem VI,2.22E+11,Library BookC Recieved,0,300,0,0,0,0,0,0,0,
237331,28-07-2016,2016-2017,2016-2017,AIE,RCPT,799592,16CMAC102033,16CMAC102033,Alumni,General,School of Medical and Allied Sciences,Bachelor of Pharmacy,School of Medical and Allied Sciences,B.Pharm 2015-16 IV Sem VIII,2.12E+11,TUITION FEE,0,55000,0,0,0,0,0,0,0,
237332,28-07-2016,2016-2017,2016-2017,AIE,RCPT,764192,15CMCC101058,15CMCC101058,Alumni,General,School of Media & Communication Studies,BA Journalism & Mass Communication,School of Media & Communication Studies,BJMC 2014-2015 III Sem VI,1.52E+11,Fine Fee,0,3400,0,0,0,0,0,0,0,
237333,28-07-2016,2016-2017,2016-2017,AIE,RCPT,764191,15CMCC101058,15CMCC101058,Alumni,General,School of Media & Communication Studies,BA Journalism & Mass Communication,School of Media & Communication Studies,BJMC 2014-2015 III Sem VI,1.52E+11,Fine Fee,0,200,0,0,0,0,0,0,0,
237334,28-07-2016,2016-2017,2016-2017,AIE,RCPT,758820,16GCFC101038,16GCFC101038,Alumni,General,School of Finance & Commerce,B.Com. (Hons),School of Finance,B COM H-2015-16 IV Sem VII,1.72E+11,TUITION FEE,0,50000,0,0,0,0,0,0,0,
237335,28-07-2016,2016-2017,2016-2017,AIE,RCPT,798771,16CMCC101061,16CMCC101061,Year Back,General,School of Media & Communication Studies,BA Journalism & Mass Communication,School of Media & Communication Studies,BJMC 2017-2018 I Sem II,1.52E+11,TUITION FEE,0,77000,0,0,0,0,0,0,0,
237336,28-07-2016,2016-2017,2016-2017,AIE,RCPT,798771,16CMCC101061,16CMCC101061,Year Back,General,School of Media & Communication Studies,BA Journalism & Mass Communication,School of Media & Communication Studies,BJMC 2017-2018 I Sem II,1.52E+11,Exam Fee,0,10000,0,0,0,0,0,0,0,
237337,28-07-2016,2016-2017,2016-2017,AIE,RCPT,750081,16CAHC102021,16CAHC102021,Alumni,General,School of Humanities & Social Sciences,B.A (Hons) Economics,School of Humanities,BA (H) ECONOMICS 2016-17 IV Sem VII,1.42E+11,TUITION FEE,0,50000,0,0,0,0,0,0,0,
237338,28-07-2016,2016-2017,2016-2017,AIE,RCPT,750081,16CAHC102021,16CAHC102021,Alumni,General,School of Humanities & Social Sciences,B.A (Hons) Economics,School of Humanities,BA (H) ECONOMICS 2016-17 IV Sem VII,1.42E+11,Exam Fee,0,10000,0,0,0,0,0,0,0,
237339,28-07-2016,2016-2017,2016-2017,AIE,RCPT,844192,14GCOA101023,14GCOA101023,Alumni,General,School of Architecture,B.Arch,School of Architecture,B Arch 2014-15 V Sem X,3.02E+11,Exam Fee (Back Paper),0,1000,0,0,0,0,0,0,0,
237340,28-07-2016,2016-2017,2016-2017,AIE,RCPT,844226,14GCOA101018,14GCOA101018,Alumni,General,School of Architecture,B.Arch,School of Architecture,B Arch 2014-15 V Sem X,3.02E+11,Fine Fee,0,2000,0,0,0,0,0,0,0,
237341,28-07-2016,2016-2017,2016-2017,AIE,RCPT,844226,14GCOA101018,14GCOA101018,Alumni,General,School of Architecture,B.Arch,School of Architecture,B Arch 2014-15 V Sem X,3.02E+11,Tuition Fee (Back Paper),0,3600,0,0,0,0,0,0,0,
237342,28-07-2016,2016-2017,2016-2017,AIE,RCPT,844226,14GCOA101018,14GCOA101018,Alumni,General,School of Architecture,B.Arch,School of Architecture,B Arch 2014-15 V Sem X,3.02E+11,Exam Fee (Back Paper),0,1000,0,0,0,0,0,0,0,
237343,28-07-2016,2016-2017,2016-2017,AIE,RCPT,823867,14CMCC101043,14CMCC101043,No Information,General,School of Media & Communication Studies,BA Journalism & Mass Communication,School of Media & Communication Studies,BA Journalism & Mass Communication 2017-2018 III Sem VI,1.52E+11,Fine Fee,0,3000,0,0,0,0,0,0,0,
237344,28-07-2016,2016-2017,2016-2017,AIE,RCPT,823867,14CMCC101043,14CMCC101043,No Information,General,School of Media & Communication Studies,BA Journalism & Mass Communication,School of Media & Communication Studies,BA Journalism & Mass Communication 2017-2018 III Sem VI,1.52E+11,Tuition Fee (Back Paper),0,5400,0,0,0,0,0,0,0,
237345,28-07-2016,2016-2017,2016-2017,AIE,RCPT,823867,14CMCC101043,14CMCC101043,No Information,General,School of Media & Communication Studies,BA Journalism & Mass Communication,School of Media & Communication Studies,BA Journalism & Mass Communication 2017-2018 III Sem VI,1.52E+11,Exam Fee (Back Paper),0,1500,0,0,0,0,0,0,0,
237346,28-07-2016,2016-2017,2016-2017,AIE,RCPT,822497,14CECE103023,14CECE103023,No Information,General,School of Electrical Electronics & Communication Engineering,B.Tech/B.Tech (Hons) Electronics & Communications Engineering,School of Electrical  Electronics,ELECTRONICS AND COMMUNICATION ENGINEERING-2016-17 II Sem IV,2.42E+11,Library BookC Recieved,0,600,0,0,0,0,0,0,0,
237347,28-07-2016,2016-2017,2016-2017,AIE,RCPT,758170,16GCFC202008,16GCFC202008,Alumni,General,School of Finance & Commerce,MBA (Financial Management),School of Finance,MBA FINANCIAL MANAGEMENT-2015-16 II Sem IV,1.72E+11,TUITION FEE,0,90000,0,0,0,0,0,0,0,
237348,28-07-2016,2016-2017,2016-2017,AIE,RCPT,758170,16GCFC202008,16GCFC202008,Alumni,General,School of Finance & Commerce,MBA (Financial Management),School of Finance,MBA FINANCIAL MANAGEMENT-2015-16 II Sem IV,1.72E+11,Exam Fee,0,10000,0,0,0,0,0,0,0,
237349,28-07-2016,2016-2017,2016-2017,AIE,RCPT,786434,15CCCE101024,15CCCE101024,Alumni,General,School of Computing Science & Engineering,B.Tech/B.Tech (Hons) Computer Science Engineering,School of Computing Science,B.Tech in CSE 2016-17 IV Sem VII,2.22E+11,Library BookC Recieved,0,300,0,0,0,0,0,0,0,
237350,28-07-2016,2016-2017,2016-2017,AIE,RCPT,768483,15CCCE107009,15CCCE107009,Alumni,General,School of Computing Science & Engineering,B.Tech (Hons) in Computer Science & Engineering with Specialization in Business Analytics,School of Computing Science,B.Tech in CSBA 2015-16 V Sem IX,2.22E+11,Fine Fee,0,200,0,0,0,0,0,0,0,
237351,28-07-2016,2016-2017,2016-2017,AIE,RCPT,768483,15CCCE107009,15CCCE107009,Alumni,General,School of Computing Science & Engineering,B.Tech (Hons) in Computer Science & Engineering with Specialization in Business Analytics,School of Computing Science,B.Tech in CSBA 2015-16 V Sem IX,2.22E+11,Library BookC Recieved,0,300,0,0,0,0,0,0,0,
237352,28-07-2016,2016-2017,2016-2017,AIE,RCPT,745819,16CCCE101035,16CCCE101035,No Information,General,School of Computing Science & Engineering,B.Tech/B.Tech (Hons) Computer Science Engineering,School of Computing Science,B.Tech in CSE 2015-16 III Sem VI,2.22E+11,Ajustable_Excess_Amount,0,800,0,0,0,0,0,0,0,
237353,28-07-2016,2016-2017,2016-2017,AIE,RCPT,745819,16CCCE101035,16CCCE101035,No Information,General,School of Computing Science & Engineering,B.Tech/B.Tech (Hons) Computer Science Engineering,School of Computing Science,B.Tech in CSE 2015-16 III Sem VI,2.22E+11,Fine Fee,0,200,0,0,0,0,0,0,0,
237354,28-07-2016,2016-2017,2016-2017,AIE,RCPT,800245,16CMAC101008,16CMAC101008,No Information,General,School of Medical and Allied Sciences,Bachelor of Physiotherapy,School of Medical and Allied Sciences,BPT2014-15 II Sem IV,2.12E+11,TUITION FEE,0,50000,0,0,0,0,0,0,0,
237355,28-07-2016,2016-2017,2016-2017,AIE,RCPT,800245,16CMAC101008,16CMAC101008,No Information,General,School of Medical and Allied Sciences,Bachelor of Physiotherapy,School of Medical and Allied Sciences,BPT2014-15 II Sem IV,2.12E+11,Exam Fee,0,10000,0,0,0,0,0,0,0,
237356,28-07-2016,2016-2017,2016-2017,AIE,RCPT,823982,14CMCC101024,14CMCC101024,Alumni,General,School of Media & Communication Studies,BA Journalism & Mass Communication,School of Media & Communication Studies,BJMC 2014-2015 III Sem VI,1.52E+11,Fine Fee,0,200,0,0,0,0,0,0,0,
237357,28-07-2016,2016-2017,2016-2017,NRI,RCPT,806269,16CCCE105127,16CCCE105127,Alumni,General,School of Computing Science & Engineering,B.Tech (Hons) in Computer Science & Engineering with Specialization in Cloud Computing & Virtualizations,School of Computing Science,B.Tech in CSCC 2015-16 V Sem IX,2.22E+11,Library BookC Recieved,0,300,0,0,0,0,0,0,0,
237358,28-07-2016,2016-2017,2016-2017,AIE,RCPT,766028,15CECE105006,15CECE105006,Alumni,General,School of Electrical Electronics & Communication Engineering,B.Tech/B.Tech (Hons) Electrical Engineering,School of Electrical  Electronics,Electrical Engineering-2015-16 V Sem IX,2.42E+11,Library BookC Recieved,0,600,0,0,0,0,0,0,0,
237359,28-07-2016,2016-2017,2016-2017,AIE,RCPT,850978,13CCCE101050,13CCCE101050,No Information,General,School of Computing Science & Engineering,B.Tech/B.Tech (Hons) Computer Science Engineering,School of Computing Science,B.Tech in CSE 2014-15 IV Sem VIII,2.22E+11,Fine Fee,0,200,0,0,0,0,0,0,0,
237360,28-07-2016,2016-2017,2016-2017,AIE,RCPT,843306,14GCOB101102,14GCOB101102,No Information,General,School of Business,Bachelor of Business Administration,School of Business,Bachelor of Business Administration 2015-16 III Sem VI,1.32E+11,Fine Fee,0,1000,0,0,0,0,0,0,0,
237361,28-07-2016,2016-2017,2016-2017,AIE,RCPT,843306,14GCOB101102,14GCOB101102,No Information,General,School of Business,Bachelor of Business Administration,School of Business,Bachelor of Business Administration 2015-16 III Sem VI,1.32E+11,Tuition Fee (Back Paper),0,1800,0,0,0,0,0,0,0,
237362,28-07-2016,2016-2017,2016-2017,AIE,RCPT,843306,14GCOB101102,14GCOB101102,No Information,General,School of Business,Bachelor of Business Administration,School of Business,Bachelor of Business Administration 2015-16 III Sem VI,1.32E+11,Exam Fee (Back Paper),0,500,0,0,0,0,0,0,0,
237363,28-07-2016,2016-2017,2016-2017,AIE,RCPT,827336,14CCCE105068,14CCCE105068,Alumni,General,School of Computing Science & Engineering,B.Tech (Hons) in Computer Science & Engineering with Specialization in Cloud Computing & Virtualizations,School of Computing Science,B.Tech in CSCC 2014-15 IV Sem VIII,2.22E+11,Fine Fee,0,200,0,0,0,0,0,0,0,
237364,28-07-2016,2016-2017,2016-2017,AIE,RCPT,766029,15CECE105006,15CECE105006,Alumni,General,School of Electrical Electronics & Communication Engineering,B.Tech/B.Tech (Hons) Electrical Engineering,School of Electrical  Electronics,Electrical Engineering-2015-16 V Sem IX,2.42E+11,Fine Fee,0,200,0,0,0,0,0,0,0,
237365,28-07-2016,2016-2017,2016-2017,AIE,RCPT,756716,16GCOB101158,16GCOB101158,Alumni,General,School of Business,Bachelor of Business Administration,School of Business,Bachelor of Business Administration 2016-17 IV Sem VII,1.32E+11,TUITION FEE,0,77000,0,0,0,0,0,0,0,
237366,28-07-2016,2016-2017,2016-2017,AIE,RCPT,756716,16GCOB101158,16GCOB101158,Alumni,General,School of Business,Bachelor of Business Administration,School of Business,Bachelor of Business Administration 2016-17 IV Sem VII,1.32E+11,Exam Fee,0,10000,0,0,0,0,0,0,0,
237367,28-07-2016,2016-2017,2016-2017,AIE,RCPT,801068,16CECE105013,16CECE105013,Alumni,General,School of Electrical Electronics & Communication Engineering,B.Tech/B.Tech (Hons) Electrical Engineering,School of Electrical  Electronics,Electrical Engineering-2015-16 V Sem IX,2.42E+11,Library BookC Recieved,0,600,0,0,0,0,0,0,0,
237368,28-07-2016,2016-2017,2016-2017,AIE,RCPT,838979,14GCOL103068,14GCOL103068,Alumni,General,School of Law,Integrated BBA + LLB (Hons.),School of Law,BBA LLB  2014-2015 V Sem X,1.92E+11,Fine Fee,0,200,0,0,0,0,0,0,0,
237369,28-07-2016,2016-2017,2016-2017,AIE,RCPT,850265,13CCCE101116,13CCCE101116,No Information,General,School of Computing Science & Engineering,B.Tech/B.Tech (Hons) Computer Science Engineering,School of Computing Science,B.Tech in CSE 2014-15 IV Sem VIII,2.22E+11,Fine Fee,0,200,0,0,0,0,0,0,0,
237370,28-07-2016,2016-2017,2016-2017,AIE,RCPT,848731,13CCCE103014,13CCCE103014,No Information,General,School of Computing Science & Engineering,B.Tech (CSE)-IBM,School of Computing Science,B.Tech (CSE)-IBM 2017-18 IV Sem VIII,2.22E+11,Fine Fee,0,200,0,0,0,0,0,0,0,
237371,28-07-2016,2016-2017,2016-2017,AIE,RCPT,825685,14CECE103027,14CECE103027,Alumni,General,School of Electrical Electronics & Communication Engineering,B.Tech/B.Tech (Hons) Electronics & Communications Engineering,School of Electrical  Electronics,ELECTRONICS AND COMMUNICATION ENGINEERING-2014-15 IV Sem VIII,2.42E+11,Fine Fee,0,200,0,0,0,0,0,0,0,
237372,28-07-2016,2016-2017,2016-2017,AIE,RCPT,825685,14CECE103027,14CECE103027,Alumni,General,School of Electrical Electronics & Communication Engineering,B.Tech/B.Tech (Hons) Electronics & Communications Engineering,School of Electrical  Electronics,ELECTRONICS AND COMMUNICATION ENGINEERING-2014-15 IV Sem VIII,2.42E+11,Library BookC Recieved,0,300,0,0,0,0,0,0,0,
237373,28-07-2016,2016-2017,2016-2017,AIE,RCPT,843307,14GCOB101102,14GCOB101102,No Information,General,School of Business,Bachelor of Business Administration,School of Business,Bachelor of Business Administration 2015-16 III Sem VI,1.32E+11,Exam Fee (Back Paper),0,500,0,0,0,0,0,0,0,
237374,28-07-2016,2016-2017,2016-2017,AIE,RCPT,768802,15CCCE105193,15CCCE105193,Alumni,General,School of Computing Science & Engineering,B.Tech (Hons) in Computer Science & Engineering with Specialization in Cloud Computing & Virtualizations,School of Computing Science,B.Tech in CSCC 2015-16 V Sem IX,2.22E+11,Fine Fee,0,200,0,0,0,0,0,0,0,
237375,28-07-2016,2016-2017,2016-2017,AIE,RCPT,768802,15CCCE105193,15CCCE105193,Alumni,General,School of Computing Science & Engineering,B.Tech (Hons) in Computer Science & Engineering with Specialization in Cloud Computing & Virtualizations,School of Computing Science,B.Tech in CSCC 2015-16 V Sem IX,2.22E+11,Library BookC Recieved,0,300,0,0,0,0,0,0,0,
237376,28-07-2016,2016-2017,2016-2017,AIE,RCPT,749907,16CAHC103010,16CAHC103010,No Information,General,School of Humanities & Social Sciences,B.A (Hons) English,School of Humanities,B.A (Hons) English 2016-2017 I Sem II,1.42E+11,TUITION FEE,0,25000,0,0,0,0,0,0,0,
237377,28-07-2016,2016-2017,2016-2017,AIE,RCPT,756920,16GCOB101134,16GCOB101134,No Information,General,School of Business,Bachelor of Business Administration,School of Business,BBA 2016-2017 I Sem II,1.32E+11,TUITION FEE,0,77000,0,0,0,0,0,0,0,
237378,28-07-2016,2016-2017,2016-2017,AIE,RCPT,855099,13CCME101075,13CCME101075,No Information,General,School of Mechanical Engineering,B.Tech/B.Tech (Hons) Mechanical Engineering,School of Mechanical Engineering,B.Tech/B.Tech (Hons) Mechanical Engineering 2017-2018 IV Sem VIII,2.32E+11,Fine Fee,0,200,0,0,0,0,0,0,0,
237379,28-07-2016,2016-2017,2016-2017,AIE,RCPT,767965,15CCCE107061,15CCCE107061,Alumni,General,School of Computing Science & Engineering,B.Tech (Hons) in Computer Science & Engineering with Specialization in Business Analytics,School of Computing Science,B.Tech in CSBA 2015-16 V Sem IX,2.22E+11,Fine Fee,0,200,0,0,0,0,0,0,0,
237380,28-07-2016,2016-2017,2016-2017,AIE,RCPT,799198,16CMAC104008,16CMAC104008,Alumni,General,School of Medical and Allied Sciences,B.Sc Cardiovascular Technology,School of Medical and Allied Sciences,B.Sc CVT 2015-16 IV Sem VIII,2.12E+11,TUITION FEE,0,25000,0,0,0,0,0,0,0,
237381,28-07-2016,2016-2017,2016-2017,AIE,RCPT,768197,15CCCE107036,15CCCE107036,No Information,General,School of Computing Science & Engineering,B.Tech (Hons) in Computer Science & Engineering with Specialization in Business Analytics,School of Computing Science,B.Tech in CSBA 2015-16 III Sem VI,2.22E+11,Library BookC Recieved,0,300,0,0,0,0,0,0,0,
237382,28-07-2016,2016-2017,2016-2017,AIE,RCPT,839660,14GCOL102086,14GCOL102086,No Information,General,School of Law,Integrated BA + LLB (Hons.),School of Law,BALLB  2014-2015 IV Sem VIII,1.92E+11,Exam Fee (Back Paper),0,500,0,0,0,0,0,0,0,
237383,28-07-2016,2016-2017,2016-2017,AIE,RCPT,839420,14GCOL103012,14GCOL103012,Alumni,General,School of Law,Integrated BBA + LLB (Hons.),School of Law,BBA LLB  2014-2015 V Sem X,1.92E+11,Fine Fee,0,200,0,0,0,0,0,0,0,
237384,28-07-2016,2016-2017,2016-2017,AIE,RCPT,756723,16GCOB101157,16GCOB101157,Alumni,General,School of Business,Bachelor of Business Administration,School of Business,Bachelor of Business Administration 2016-17 IV Sem VII,1.32E+11,TUITION FEE,0,77000,0,0,0,0,0,0,0,
237385,28-07-2016,2016-2017,2016-2017,AIE,RCPT,756723,16GCOB101157,16GCOB101157,Alumni,General,School of Business,Bachelor of Business Administration,School of Business,Bachelor of Business Administration 2016-17 IV Sem VII,1.32E+11,Exam Fee,0,10000,0,0,0,0,0,0,0,
237386,28-07-2016,2016-2017,2016-2017,AIE,RCPT,799228,16CMAC104003,16CMAC104003,Alumni,General,School of Medical and Allied Sciences,B.Sc Cardiovascular Technology,School of Medical and Allied Sciences,B.Sc CVT 2015-16 IV Sem VIII,2.12E+11,TUITION FEE,0,20000,0,0,0,0,0,0,0,
237387,28-07-2016,2016-2017,2016-2017,AIE,RCPT,786802,15CCCE101009,15CCCE101009,Alumni,General,School of Computing Science & Engineering,B.Tech/B.Tech (Hons) Computer Science Engineering,School of Computing Science,B.Tech in CSE 2015-16 V Sem IX,2.22E+11,Library BookC Recieved,0,300,0,0,0,0,0,0,0,
237388,28-07-2016,2016-2017,2016-2017,AIE,RCPT,766049,15CECE105003,15CECE105003,No Information,General,School of Electrical Electronics & Communication Engineering,B.Tech/B.Tech (Hons) Electrical Engineering,School of Electrical  Electronics,Electrical Engineering-2016-17 II Sem IV,2.42E+11,Fine Fee,0,200,0,0,0,0,0,0,0,
237389,28-07-2016,2016-2017,2016-2017,AIE,RCPT,768198,15CCCE107036,15CCCE107036,No Information,General,School of Computing Science & Engineering,B.Tech (Hons) in Computer Science & Engineering with Specialization in Business Analytics,School of Computing Science,B.Tech in CSBA 2015-16 III Sem VI,2.22E+11,Fine Fee,0,200,0,0,0,0,0,0,0,
237390,28-07-2016,2016-2017,2016-2017,AIE,RCPT,771354,15CCCE104024,15CCCE104024,Alumni,General,School of Computing Science & Engineering,BCA,School of Computing Science,BCA 2016-17 IV Sem VII,2.22E+11,Fine Fee,0,200,0,0,0,0,0,0,0,
237391,28-07-2016,2016-2017,2016-2017,AIE,RCPT,768193,15CCCE107037,15CCCE107037,Alumni,General,School of Computing Science & Engineering,B.Tech (Hons) in Computer Science & Engineering with Specialization in Business Analytics,School of Computing Science,B.Tech in CSBA 2015-16 V Sem IX,2.22E+11,Fine Fee,0,200,0,0,0,0,0,0,0,
237392,28-07-2016,2016-2017,2016-2017,AIE,RCPT,855527,13CCME101027,13CCME101027,No Information,General,School of Mechanical Engineering,B.Tech/B.Tech (Hons) Mechanical Engineering,School of Mechanical Engineering,B.Tech/B.Tech (Hons) Mechanical Engineering 2017-2018 IV Sem VIII,2.32E+11,Fine Fee,0,200,0,0,0,0,0,0,0,
237393,29-07-2016,2016-2017,2016-2017,AIE,RCPT,760119,16GCCE101095,16GCCE101095,Alumni,General,School of Civil Engineering,B.Tech/B.Tech (Hons) Civil Engineering,School of Civil Engineering,B Tech Civil Engineering 2015-16 V Sem IX,3.12E+11,TUITION FEE,0,89000,0,0,0,0,0,0,0,
237394,29-07-2016,2016-2017,2016-2017,AIE,RCPT,787749,15CCME102003,15CCME102003,No Information,General,School of Mechanical Engineering,Integrated B.Tech (Mechanical Engineering) + MBA,School of Mechanical Engineering,integrated B.Tech(ME)+MBA 2015-16 III Sem VI,2.32E+11,Fine Fee,0,400,0,0,0,0,0,0,0,
237395,29-07-2016,2016-2017,2016-2017,AIE,RCPT,819264,15GCFC101012,15GCFC101012,No Information,General,School of Finance & Commerce,B.Com. (Hons),School of Finance,B COM H-2015-16 III Sem VI,1.72E+11,Fine Fee,0,400,0,0,0,0,0,0,0,
237396,29-07-2016,2016-2017,2016-2017,AIE,RCPT,822908,15CCME101054,15CCME101054,Cancelled,General,School of Mechanical Engineering,B.Tech/B.Tech (Hons) Mechanical Engineering,School of Mechanical Engineering,ME 2014-2015 IV Sem VIII,2.32E+11,Library BookC Recieved,0,400,0,0,0,0,0,0,0,
237397,29-07-2016,2016-2017,2016-2017,AIE,RCPT,758834,16GCFC101036,16GCFC101036,No Information,General,School of Finance & Commerce,B.Com. (Hons),School of Finance,B COM H-2015-16 II Sem IV,1.72E+11,TUITION FEE,0,50000,0,0,0,0,0,0,0,
237398,29-07-2016,2016-2017,2016-2017,AIE,RCPT,820074,15GCCE101127,15GCCE101127,Alumni,General,School of Civil Engineering,B.Tech/B.Tech (Hons) Civil Engineering,School of Civil Engineering,B Tech Civil Engineering 2015-16 V Sem IX,3.12E+11,Exam Fee (Back Paper),0,1000,0,0,0,0,0,0,0,
237399,29-07-2016,2016-2017,2016-2017,AIE,RCPT,798765,16CMCC101062,16CMCC101062,Alumni,General,School of Media & Communication Studies,BA Journalism & Mass Communication,School of Media & Communication Studies,BJMC 2014-2015 IV Sem VII,1.52E+11,TUITION FEE,0,77000,0,0,0,0,0,0,0,
237400,29-07-2016,2016-2017,2016-2017,AIE,RCPT,798765,16CMCC101062,16CMCC101062,Alumni,General,School of Media & Communication Studies,BA Journalism & Mass Communication,School of Media & Communication Studies,BJMC 2014-2015 IV Sem VII,1.52E+11,Exam Fee,0,10000,0,0,0,0,0,0,0,
237401,29-07-2016,2016-2017,2016-2017,AIE,RCPT,762818,16GPTC401018,16GPTC401018,Alumni,General,Gs Polytechnic,Diploma in Mechanical Engineering,Gs Polytechnic,MECHANICAL  ENGINEERING 2015-2016 III Sem VI,3.22E+11,TUITION FEE,0,16000,0,0,0,0,0,0,0,
237402,29-07-2016,2016-2017,2016-2017,AIE,RCPT,787755,15CCME102003,15CCME102003,No Information,General,School of Mechanical Engineering,Integrated B.Tech (Mechanical Engineering) + MBA,School of Mechanical Engineering,integrated B.Tech(ME)+MBA 2015-16 III Sem VI,2.32E+11,TUITION FEE,0,64000,0,0,0,0,0,0,0,
237403,29-07-2016,2016-2017,2016-2017,AIE,RCPT,787755,15CCME102003,15CCME102003,No Information,General,School of Mechanical Engineering,Integrated B.Tech (Mechanical Engineering) + MBA,School of Mechanical Engineering,integrated B.Tech(ME)+MBA 2015-16 III Sem VI,2.32E+11,Exam Fee,0,10000,0,0,0,0,0,0,0,
237404,29-07-2016,2016-2017,2016-2017,AIE,RCPT,849231,13CCCE101209,13CCCE101209,No Information,General,School of Computing Science & Engineering,B.Tech/B.Tech (Hons) Computer Science Engineering,School of Computing Science,B.Tech in CSE 2014-15 IV Sem VIII,2.22E+11,Fine Fee,0,400,0,0,0,0,0,0,0,
237405,29-07-2016,2016-2017,2016-2017,AIE,RCPT,747434,16CCME101135,16CCME101135,Alumni,General,School of Mechanical Engineering,B.Tech/B.Tech (Hons) Mechanical Engineering,School of Mechanical Engineering,ME 2015-2016 V Sem IX,2.32E+11,TUITION FEE,0,30000,0,0,0,0,0,0,0,
237406,29-07-2016,2016-2017,2016-2017,AIE,RCPT,849425,13CCCE101193,13CCCE101193,No Information,General,School of Computing Science & Engineering,B.Tech/B.Tech (Hons) Computer Science Engineering,School of Computing Science,B.Tech in CSE 2014-15 IV Sem VIII,2.22E+11,Fine Fee,0,400,0,0,0,0,0,0,0,
237407,29-07-2016,2016-2017,2016-2017,AIE,RCPT,772792,15CCCE101678,15CCCE101678,Alumni,General,School of Computing Science & Engineering,B.Tech/B.Tech (Hons) Computer Science Engineering,School of Computing Science,B.Tech in CSE 2015-16 IV Sem VIII,2.22E+11,Library BookC Recieved,0,300,0,0,0,0,0,0,0,
237408,29-07-2016,2016-2017,2016-2017,AIE,RCPT,767241,15CCCE203031,15CCCE203031,No Information,General,School of Computing Science & Engineering,MCA,School of Computing Science,MCA 2015 - 16 III Sem VI,2.22E+11,Fine Fee,0,400,0,0,0,0,0,0,0,
237409,29-07-2016,2016-2017,2016-2017,AIE,RCPT,814809,15CAHC103008,15CAHC103008,No Information,General,School of Humanities & Social Sciences,B.A (Hons) English,School of Humanities,BA (H) ENGLISH 2015-16 III Sem VI,1.42E+11,Fine Fee,0,400,0,0,0,0,0,0,0,
237410,29-07-2016,2016-2017,2016-2017,AIE,RCPT,786804,15CCCE101009,15CCCE101009,Alumni,General,School of Computing Science & Engineering,B.Tech/B.Tech (Hons) Computer Science Engineering,School of Computing Science,B.Tech in CSE 2015-16 V Sem IX,2.22E+11,Fine Fee,0,400,0,0,0,0,0,0,0,
237411,29-07-2016,2016-2017,2016-2017,AIE,RCPT,777919,15CCCE101429,15CCCE101429,Alumni,General,School of Computing Science & Engineering,B.Tech/B.Tech (Hons) Computer Science Engineering,School of Computing Science,B.Tech in CSE 2016-17 IV Sem VIII,2.22E+11,Fine Fee,0,400,0,0,0,0,0,0,0,
237412,29-07-2016,2016-2017,2016-2017,AIE,RCPT,777919,15CCCE101429,15CCCE101429,Alumni,General,School of Computing Science & Engineering,B.Tech/B.Tech (Hons) Computer Science Engineering,School of Computing Science,B.Tech in CSE 2016-17 IV Sem VIII,2.22E+11,Library BookC Recieved,0,300,0,0,0,0,0,0,0,
237413,29-07-2016,2016-2017,2016-2017,AIE,RCPT,800966,16CECE105022,16CECE105022,Alumni,General,School of Electrical Electronics & Communication Engineering,B.Tech/B.Tech (Hons) Electrical Engineering,School of Electrical  Electronics,Electrical Engineering-2016-17 IV Sem VIII,2.42E+11,TUITION FEE,0,149000,0,0,0,0,0,0,0,
237414,29-07-2016,2016-2017,2016-2017,AIE,RCPT,800966,16CECE105022,16CECE105022,Alumni,General,School of Electrical Electronics & Communication Engineering,B.Tech/B.Tech (Hons) Electrical Engineering,School of Electrical  Electronics,Electrical Engineering-2016-17 IV Sem VIII,2.42E+11,Exam Fee,0,10000,0,0,0,0,0,0,0,
237415,29-07-2016,2016-2017,2016-2017,AIE,RCPT,752536,16GCOL101014,16GCOL101014,Alumni,General,School of Law,Bachelor of Law (LLB) (Hons.),School of Law,LLB 2016-2017 IV Sem VII,1.92E+11,TUITION FEE,0,25000,0,0,0,0,0,0,0,
237416,29-07-2016,2016-2017,2016-2017,AIE,RCPT,752536,16GCOL101014,16GCOL101014,Alumni,General,School of Law,Bachelor of Law (LLB) (Hons.),School of Law,LLB 2016-2017 IV Sem VII,1.92E+11,Exam Fee,0,10000,0,0,0,0,0,0,0,
237417,29-07-2016,2016-2017,2016-2017,AIE,RCPT,758771,16GCFC101047,16GCFC101047,Alumni,General,School of Finance & Commerce,B.Com. (Hons),School of Finance,B COM H-2015-16 IV Sem VII,1.72E+11,TUITION FEE,0,55000,0,0,0,0,0,0,0,
237418,29-07-2016,2016-2017,2016-2017,AIE,RCPT,800977,16CECE105021,16CECE105021,Alumni,General,School of Electrical Electronics & Communication Engineering,B.Tech/B.Tech (Hons) Electrical Engineering,School of Electrical  Electronics,Electrical Engineering-2016-17 IV Sem VIII,2.42E+11,TUITION FEE,0,149000,0,0,0,0,0,0,0,
237419,29-07-2016,2016-2017,2016-2017,AIE,RCPT,800977,16CECE105021,16CECE105021,Alumni,General,School of Electrical Electronics & Communication Engineering,B.Tech/B.Tech (Hons) Electrical Engineering,School of Electrical  Electronics,Electrical Engineering-2016-17 IV Sem VIII,2.42E+11,Exam Fee,0,10000,0,0,0,0,0,0,0,
237420,29-07-2016,2016-2017,2016-2017,AIE,RCPT,754777,16GCOB102025,16GCOB102025,Active,General,School of Business,Integrated MBA (BBA+MBA),School of Business,BBA+MBA 2016-17 V SEM X,1.32E+11,TUITION FEE,0,77000,0,0,0,0,0,0,0,
237421,29-07-2016,2016-2017,2016-2017,AIE,RCPT,754777,16GCOB102025,16GCOB102025,Active,General,School of Business,Integrated MBA (BBA+MBA),School of Business,BBA+MBA 2016-17 V SEM X,1.32E+11,Exam Fee,0,10000,0,0,0,0,0,0,0,
237422,29-07-2016,2016-2017,2016-2017,AIE,RCPT,832321,14CCCE101014,14CCCE101014,Alumni,General,School of Computing Science & Engineering,B.Tech/B.Tech (Hons) Computer Science Engineering,School of Computing Science,B.Tech in CSE 2014-15 IV Sem VIII,2.22E+11,Fine Fee,0,400,0,0,0,0,0,0,0,
237423,29-07-2016,2016-2017,2016-2017,AIE,RCPT,749673,16CAHC201002,16CAHC201002,Alumni,General,School of Humanities & Social Sciences,M.A Applied Psychology,School of Humanities,MA Applied Psychology 2016-17 II Sem IV,1.42E+11,TUITION FEE,0,46000,0,0,0,0,0,0,0,
237424,29-07-2016,2016-2017,2016-2017,AIE,RCPT,749673,16CAHC201002,16CAHC201002,Alumni,General,School of Humanities & Social Sciences,M.A Applied Psychology,School of Humanities,MA Applied Psychology 2016-17 II Sem IV,1.42E+11,Exam Fee,0,10000,0,0,0,0,0,0,0,
237425,29-07-2016,2016-2017,2016-2017,AIE,RCPT,749677,16CAHC201001,16CAHC201001,Alumni,General,School of Humanities & Social Sciences,M.A Applied Psychology,School of Humanities,MA Applied Psychology 2016-17 II Sem IV,1.42E+11,TUITION FEE,0,46000,0,0,0,0,0,0,0,
237426,29-07-2016,2016-2017,2016-2017,AIE,RCPT,749677,16CAHC201001,16CAHC201001,Alumni,General,School of Humanities & Social Sciences,M.A Applied Psychology,School of Humanities,MA Applied Psychology 2016-17 II Sem IV,1.42E+11,Exam Fee,0,10000,0,0,0,0,0,0,0,
237427,29-07-2016,2016-2017,2016-2017,AIE,RCPT,784479,15CCCE101118,15CCCE101118,Alumni,General,School of Computing Science & Engineering,B.Tech/B.Tech (Hons) Computer Science Engineering,School of Computing Science,B.Tech in CSE 2015-16 V Sem IX,2.22E+11,Fine Fee,0,400,0,0,0,0,0,0,0,
237428,29-07-2016,2016-2017,2016-2017,AIE,RCPT,803218,16CCCE114028,16CCCE114028,Alumni,General,School of Computing Science & Engineering,B.Tech (Hons) Computer Science & Engineering with specialisation in Computer Network & Cyber Security,School of Computing Science,B.Tech in CSCN 2016-17 IV Sem VIII,2.22E+11,TUITION FEE,0,149000,0,0,0,0,0,0,0,
237429,29-07-2016,2016-2017,2016-2017,AIE,RCPT,803218,16CCCE114028,16CCCE114028,Alumni,General,School of Computing Science & Engineering,B.Tech (Hons) Computer Science & Engineering with specialisation in Computer Network & Cyber Security,School of Computing Science,B.Tech in CSCN 2016-17 IV Sem VIII,2.22E+11,Ajustable_Excess_Amount,0,21000,0,0,0,0,0,0,0,
237430,29-07-2016,2016-2017,2016-2017,AIE,RCPT,803218,16CCCE114028,16CCCE114028,Alumni,General,School of Computing Science & Engineering,B.Tech (Hons) Computer Science & Engineering with specialisation in Computer Network & Cyber Security,School of Computing Science,B.Tech in CSCN 2016-17 IV Sem VIII,2.22E+11,Exam Fee,0,10000,0,0,0,0,0,0,0,
237431,29-07-2016,2016-2017,2016-2017,AIE,RCPT,856930,13GCOL103061,13GCOL103061,Alumni,General,School of Law,Integrated BBA + LLB (Hons.),School of Law,BBALLB  2013-2014 V Sem X,1.92E+11,Fine Fee,0,200,0,0,0,0,0,0,0,
237432,29-07-2016,2016-2017,2016-2017,AIE,RCPT,787745,15CCME102003,15CCME102003,No Information,General,School of Mechanical Engineering,Integrated B.Tech (Mechanical Engineering) + MBA,School of Mechanical Engineering,integrated B.Tech(ME)+MBA 2015-16 III Sem VI,2.32E+11,Library BookC Recieved,0,300,0,0,0,0,0,0,0,
237433,29-07-2016,2016-2017,2016-2017,AIE,RCPT,787747,15CCME102003,15CCME102003,No Information,General,School of Mechanical Engineering,Integrated B.Tech (Mechanical Engineering) + MBA,School of Mechanical Engineering,integrated B.Tech(ME)+MBA 2015-16 III Sem VI,2.32E+11,Fine Fee,0,8000,0,0,0,0,0,0,0,
237434,29-07-2016,2016-2017,2016-2017,AIE,RCPT,807457,16CCCE105020,16CCCE105020,Alumni,General,School of Computing Science & Engineering,B.Tech (Hons) in Computer Science & Engineering with Specialization in Cloud Computing & Virtualizations,School of Computing Science,B.Tech in CSCC 2016-17 IV Sem VIII,2.22E+11,TUITION FEE,0,21000,0,0,0,0,0,0,0,
237435,29-07-2016,2016-2017,2016-2017,AIE,RCPT,742737,16CCCE101263,16CCCE101263,Alumni,General,School of Computing Science & Engineering,B.Tech/B.Tech (Hons) Computer Science Engineering,School of Computing Science,B.Tech in CSE 2016-17 IV Sem VIII,2.22E+11,TUITION FEE,0,134000,0,0,0,0,0,0,0,
237436,29-07-2016,2016-2017,2016-2017,AIE,RCPT,742737,16CCCE101263,16CCCE101263,Alumni,General,School of Computing Science & Engineering,B.Tech/B.Tech (Hons) Computer Science Engineering,School of Computing Science,B.Tech in CSE 2016-17 IV Sem VIII,2.22E+11,Ajustable_Excess_Amount,0,25000,0,0,0,0,0,0,0,
237437,29-07-2016,2016-2017,2016-2017,AIE,RCPT,750531,16GCON101026,16GCON101026,Alumni,General,School of Nursing,B.Sc. (Nursing),School of Nursing,B.Sc.(Nursing) 2016-2017 IV Sem VII,2.72E+11,TUITION FEE,0,80000,0,0,0,0,0,0,0,
237438,29-07-2016,2016-2017,2016-2017,AIE,RCPT,750531,16GCON101026,16GCON101026,Alumni,General,School of Nursing,B.Sc. (Nursing),School of Nursing,B.Sc.(Nursing) 2016-2017 IV Sem VII,2.72E+11,Exam Fee,0,10000,0,0,0,0,0,0,0,
237439,29-07-2016,2016-2017,2016-2017,AIE,RCPT,855526,13CCME101027,13CCME101027,No Information,General,School of Mechanical Engineering,B.Tech/B.Tech (Hons) Mechanical Engineering,School of Mechanical Engineering,B.Tech/B.Tech (Hons) Mechanical Engineering 2017-2018 IV Sem VIII,2.32E+11,Fine Fee,0,200,0,0,0,0,0,0,0,
237440,29-07-2016,2016-2017,2016-2017,AIE,RCPT,797553,16COCE107018,16COCE107018,Alumni,General,School of Chemical Engineering,B.Tech/B.Tech (Hons) Chemical Engineering,School of Chemical Engineering,BTech Chemical Engineering 2016-2017 IV Sem VIII,2.82E+11,TUITION FEE,0,149000,0,0,0,0,0,0,0,
237441,29-07-2016,2016-2017,2016-2017,AIE,RCPT,797553,16COCE107018,16COCE107018,Alumni,General,School of Chemical Engineering,B.Tech/B.Tech (Hons) Chemical Engineering,School of Chemical Engineering,BTech Chemical Engineering 2016-2017 IV Sem VIII,2.82E+11,Exam Fee,0,10000,0,0,0,0,0,0,0,
237442,29-07-2016,2016-2017,2016-2017,AIE,RCPT,867187,12CFC101091,12CFC101091,Alumni,General,School of Finance & Commerce,B.Com. (Hons),School of Finance,B.Com. (Hons) 2012-2013 III Sem VI,1.72E+11,Degree/Convocation/Certificate fee,0,300,0,0,0,0,0,0,0,
237443,29-07-2016,2016-2017,2016-2017,AIE,RCPT,767240,15CCCE203031,15CCCE203031,No Information,General,School of Computing Science & Engineering,MCA,School of Computing Science,MCA 2015 - 16 III Sem VI,2.22E+11,Library BookC Recieved,0,600,0,0,0,0,0,0,0,
237444,29-07-2016,2016-2017,2016-2017,AIE,RCPT,772793,15CCCE101678,15CCCE101678,Alumni,General,School of Computing Science & Engineering,B.Tech/B.Tech (Hons) Computer Science Engineering,School of Computing Science,B.Tech in CSE 2015-16 IV Sem VIII,2.22E+11,Fine Fee,0,400,0,0,0,0,0,0,0,
237445,29-07-2016,2016-2017,2016-2017,AIE,RCPT,749482,16CBAC101029,16CBAC101029,Alumni,General,School of Basic & Applied Sciences,B.Sc.(Hons) Forensic Sciences,School of Basic,B.Sc.(Hons) Forensic Sciences III Sem VI,1.82E+11,TUITION FEE,0,40000,0,0,0,0,0,0,0,
237446,29-07-2016,2016-2017,2016-2017,AIE,RCPT,776247,15CCCE101507,15CCCE101507,Alumni,General,School of Computing Science & Engineering,B.Tech/B.Tech (Hons) Computer Science Engineering,School of Computing Science,B.Tech in CSE 2015-16 V Sem IX,2.22E+11,Ajustable_Excess_Amount,0,600,0,0,0,0,0,0,0,
237447,29-07-2016,2016-2017,2016-2017,AIE,RCPT,776247,15CCCE101507,15CCCE101507,Alumni,General,School of Computing Science & Engineering,B.Tech/B.Tech (Hons) Computer Science Engineering,School of Computing Science,B.Tech in CSE 2015-16 V Sem IX,2.22E+11,Fine Fee,0,400,0,0,0,0,0,0,0,
237448,29-07-2016,2016-2017,2016-2017,AIE,RCPT,778707,15CCCE101393,15CCCE101393,Alumni,General,School of Computing Science & Engineering,B.Tech/B.Tech (Hons) Computer Science Engineering,School of Computing Science,B.Tech in CSE 2015-16 V Sem IX,2.22E+11,Fine Fee,0,400,0,0,0,0,0,0,0,
237449,29-07-2016,2016-2017,2016-2017,AIE,RCPT,749390,16CBAC101044,16CBAC101044,Alumni,General,School of Basic & Applied Sciences,B.Sc.(Hons) Forensic Sciences,School of Basic,B.Sc.(Hons) Forensic Sciences IV Sem VII,1.82E+11,TUITION FEE,0,50000,0,0,0,0,0,0,0,
237450,29-07-2016,2016-2017,2016-2017,AIE,RCPT,749390,16CBAC101044,16CBAC101044,Alumni,General,School of Basic & Applied Sciences,B.Sc.(Hons) Forensic Sciences,School of Basic,B.Sc.(Hons) Forensic Sciences IV Sem VII,1.82E+11,Exam Fee,0,10000,0,0,0,0,0,0,0,
237451,29-07-2016,2016-2017,2016-2017,AIE,RCPT,828677,14CCCE101412,14CCCE101412,Alumni,General,School of Computing Science & Engineering,B.Tech/B.Tech (Hons) Computer Science Engineering,School of Computing Science,B.Tech in CSE 2014-15 IV Sem VIII,2.22E+11,Fine Fee,0,400,0,0,0,0,0,0,0,
237452,29-07-2016,2016-2017,2016-2017,AIE,RCPT,853758,13CCME101219,13CCME101219,No Information,General,School of Mechanical Engineering,B.Tech/B.Tech (Hons) Mechanical Engineering,School of Mechanical Engineering,B.Tech/B.Tech (Hons) Mechanical Engineering 2017-2018 IV Sem VIII,2.32E+11,TUITION FEE,0,125000,0,0,0,0,0,0,0,Received from Online Payment
237453,29-07-2016,2016-2017,2016-2017,AIE,RCPT,800241,16CMAC101009,16CMAC101009,No Information,General,School of Medical and Allied Sciences,Bachelor of Physiotherapy,School of Medical and Allied Sciences,BPT2014-15 II Sem IV,2.12E+11,TUITION FEE,0,50000,0,0,0,0,0,0,0,
237454,29-07-2016,2016-2017,2016-2017,AIE,RCPT,800241,16CMAC101009,16CMAC101009,No Information,General,School of Medical and Allied Sciences,Bachelor of Physiotherapy,School of Medical and Allied Sciences,BPT2014-15 II Sem IV,2.12E+11,Exam Fee,0,10000,0,0,0,0,0,0,0,
237455,29-07-2016,2016-2017,2016-2017,AIE,RCPT,749382,16CBAC101045,16CBAC101045,Alumni,General,School of Basic & Applied Sciences,B.Sc.(Hons) Forensic Sciences,School of Basic,B.Sc.(Hons) Forensic Sciences IV Sem VII,1.82E+11,TUITION FEE,0,15000,0,0,0,0,0,0,0,
237456,29-07-2016,2016-2017,2016-2017,AIE,RCPT,749382,16CBAC101045,16CBAC101045,Alumni,General,School of Basic & Applied Sciences,B.Sc.(Hons) Forensic Sciences,School of Basic,B.Sc.(Hons) Forensic Sciences IV Sem VII,1.82E+11,Exam Fee,0,10000,0,0,0,0,0,0,0,
237457,29-07-2016,2016-2017,2016-2017,AIE,RCPT,800238,16CMAC101010,16CMAC101010,Cancelled,General,School of Medical and Allied Sciences,Bachelor of Physiotherapy,School of Medical and Allied Sciences,BPT2014-15 IV Sem VIII,2.12E+11,TUITION FEE,0,50000,0,0,0,0,0,0,0,
237458,29-07-2016,2016-2017,2016-2017,AIE,RCPT,800238,16CMAC101010,16CMAC101010,Cancelled,General,School of Medical and Allied Sciences,Bachelor of Physiotherapy,School of Medical and Allied Sciences,BPT2014-15 IV Sem VIII,2.12E+11,Exam Fee,0,5000,0,0,0,0,0,0,0,
237459,29-07-2016,2016-2017,2016-2017,AIE,RCPT,840529,14GCOL101017,14GCOL101017,No Information,General,School of Law,Test,School of Design, ,1.92E+11,Fine Fee,0,400,0,0,0,0,0,0,0,
237460,29-07-2016,2016-2017,2016-2017,AIE,RCPT,815330,15GCON101022,15GCON101022,Alumni,General,School of Nursing,B.Sc. (Nursing),School of Nursing,B.Sc.(Nursing) 2015-2016 IV Sem VII,2.72E+11,TUITION FEE,0,17000,0,0,0,0,0,0,0,
237461,29-07-2016,2016-2017,2016-2017,AIE,RCPT,815330,15GCON101022,15GCON101022,Alumni,General,School of Nursing,B.Sc. (Nursing),School of Nursing,B.Sc.(Nursing) 2015-2016 IV Sem VII,2.72E+11,Fine Fee,0,2400,0,0,0,0,0,0,0,
237462,29-07-2016,2016-2017,2016-2017,AIE,RCPT,768081,15CCCE107048,15CCCE107048,No Information,General,School of Computing Science & Engineering,B.Tech (Hons) in Computer Science & Engineering with Specialization in Business Analytics,School of Computing Science,B.Tech in CSBA 2015-16 III Sem VI,2.22E+11,Fine Fee,0,400,0,0,0,0,0,0,0,
237463,29-07-2016,2016-2017,2016-2017,AIE,RCPT,830971,14CCCE101187,14CCCE101187,Alumni,General,School of Computing Science & Engineering,B.Tech/B.Tech (Hons) Computer Science Engineering,School of Computing Science,B.Tech in CSE 2014-15 IV Sem VIII,2.22E+11,Library BookC Recieved,0,300,0,0,0,0,0,0,0,
237464,29-07-2016,2016-2017,2016-2017,AIE,RCPT,830972,14CCCE101187,14CCCE101187,Alumni,General,School of Computing Science & Engineering,B.Tech/B.Tech (Hons) Computer Science Engineering,School of Computing Science,B.Tech in CSE 2014-15 IV Sem VIII,2.22E+11,Fine Fee,0,400,0,0,0,0,0,0,0,
237465,29-07-2016,2016-2017,2016-2017,AIE,RCPT,831161,14CCCE101165,14CCCE101165,Alumni,General,School of Computing Science & Engineering,B.Tech/B.Tech (Hons) Computer Science Engineering,School of Computing Science,B.Tech in CSE 2014-15 IV Sem VIII,2.22E+11,Fine Fee,0,400,0,0,0,0,0,0,0,
237466,29-07-2016,2016-2017,2016-2017,AIE,RCPT,831161,14CCCE101165,14CCCE101165,Alumni,General,School of Computing Science & Engineering,B.Tech/B.Tech (Hons) Computer Science Engineering,School of Computing Science,B.Tech in CSE 2014-15 IV Sem VIII,2.22E+11,Library BookC Recieved,0,400,0,0,0,0,0,0,0,
237467,29-07-2016,2016-2017,2016-2017,AIE,RCPT,964458,16CCCE101651,16CCCE101651,Year Back,General,School of Computing Science & Engineering,B.Tech/B.Tech (Hons) Computer Science Engineering,School of Computing Science,B.Tech First Year 2017-2018 I Sem II,2.22E+11,TUITION FEE,0,40000,0,0,0,0,0,0,0,
237468,29-07-2016,2016-2017,2016-2017,AIE,RCPT,773638,15CCCE101630,15CCCE101630,Alumni,General,School of Computing Science & Engineering,B.Tech/B.Tech (Hons) Computer Science Engineering,School of Computing Science,B.Tech in CSE 2015-16 V Sem IX,2.22E+11,Fine Fee,0,400,0,0,0,0,0,0,0,
237469,29-07-2016,2016-2017,2016-2017,AIE,RCPT,839138,14GCOL103046,14GCOL103046,Alumni,General,School of Law,Integrated BBA + LLB (Hons.),School of Law,BBA LLB  2014-2015 V Sem X,1.92E+11,Fine Fee,0,400,0,0,0,0,0,0,0,
237470,29-07-2016,2016-2017,2016-2017,AIE,RCPT,830970,14CCCE101187,14CCCE101187,Alumni,General,School of Computing Science & Engineering,B.Tech/B.Tech (Hons) Computer Science Engineering,School of Computing Science,B.Tech in CSE 2014-15 IV Sem VIII,2.22E+11,Library BookC Recieved,0,100,0,0,0,0,0,0,0,
237471,29-07-2016,2016-2017,2016-2017,AIE,RCPT,812725,15CCME101140,15CCME101140,Alumni,General,School of Mechanical Engineering,B.Tech/B.Tech (Hons) Mechanical Engineering,School of Mechanical Engineering,ME 2015-2016 V Sem IX,2.32E+11,Fine Fee,0,400,0,0,0,0,0,0,0,
237472,29-07-2016,2016-2017,2016-2017,AIE,RCPT,846603,13CECE103057,13CECE103057,No Information,General,School of Electrical Electronics & Communication Engineering,B.Tech/B.Tech (Hons) Electronics & Communications Engineering,School of Electrical  Electronics,ELECTRONICS AND COMMUNICATION ENGINEERING-2014-15 IV Sem VIII,2.42E+11,TUITION FEE,0,10000,0,0,0,0,0,0,0,
237473,29-07-2016,2016-2017,2016-2017,AIE,RCPT,846603,13CECE103057,13CECE103057,No Information,General,School of Electrical Electronics & Communication Engineering,B.Tech/B.Tech (Hons) Electronics & Communications Engineering,School of Electrical  Electronics,ELECTRONICS AND COMMUNICATION ENGINEERING-2014-15 IV Sem VIII,2.42E+11,Exam Fee,0,10000,0,0,0,0,0,0,0,
237474,29-07-2016,2016-2017,2016-2017,AIE,RCPT,800232,16CMAC101011,16CMAC101011,Cancelled,General,School of Medical and Allied Sciences,Bachelor of Physiotherapy,School of Medical and Allied Sciences,BPT2014-15 IV Sem VIII,2.12E+11,TUITION FEE,0,50000,0,0,0,0,0,0,0,
237475,29-07-2016,2016-2017,2016-2017,AIE,RCPT,800232,16CMAC101011,16CMAC101011,Cancelled,General,School of Medical and Allied Sciences,Bachelor of Physiotherapy,School of Medical and Allied Sciences,BPT2014-15 IV Sem VIII,2.12E+11,Exam Fee,0,10000,0,0,0,0,0,0,0,
237476,29-07-2016,2016-2017,2016-2017,AIE,RCPT,840591,14GCOL101010,14GCOL101010,No Information,General,School of Law,Test,School of Design, ,1.92E+11,Fine Fee,0,400,0,0,0,0,0,0,0,
237477,29-07-2016,2016-2017,2016-2017,AIE,RCPT,802620,16CCCE203010,16CCCE203010,Alumni,General,School of Computing Science & Engineering,MCA,School of Computing Science,MCA 2015 - 16 III Sem VI,2.22E+11,TUITION FEE,0,92000,0,0,0,0,0,0,0,
237478,29-07-2016,2016-2017,2016-2017,AIE,RCPT,843097,14GCOB101124,14GCOB101124,Alumni,General,School of Business,Bachelor of Business Administration,School of Business,Bachelor of Business Administration 2015-16 III Sem VI,1.32E+11,Exam Fee (Back Paper),0,2000,0,0,0,0,0,0,0,
237479,29-07-2016,2016-2017,2016-2017,AIE,RCPT,822118,15GPTC401068,15GPTC401068,Alumni,General,Gs Polytechnic,Diploma in Mechanical Engineering,Gs Polytechnic,MECHANICAL  ENGINEERING 2015-2016 III Sem VI,3.22E+11,Fine Fee,0,400,0,0,0,0,0,0,0,
237480,29-07-2016,2016-2017,2016-2017,AIE,RCPT,754811,16GCOB102022,16GCOB102022,Active,General,School of Business,Integrated MBA (BBA+MBA),School of Business,BBA+MBA 2016-17 V SEM X,1.32E+11,TUITION FEE,0,43500,0,0,0,0,0,0,0,
237481,29-07-2016,2016-2017,2016-2017,AIE,RCPT,758481,16GCFC101077,16GCFC101077,Alumni,General,School of Finance & Commerce,B.Com. (Hons),School of Finance,B COM H-2015-16 IV Sem VII,1.72E+11,TUITION FEE,0,95000,0,0,0,0,0,0,0,
237482,29-07-2016,2016-2017,2016-2017,AIE,RCPT,758481,16GCFC101077,16GCFC101077,Alumni,General,School of Finance & Commerce,B.Com. (Hons),School of Finance,B COM H-2015-16 IV Sem VII,1.72E+11,Ajustable_Excess_Amount,0,100000,0,0,0,0,0,0,0,
237483,29-07-2016,2016-2017,2016-2017,AIE,RCPT,758481,16GCFC101077,16GCFC101077,Alumni,General,School of Finance & Commerce,B.Com. (Hons),School of Finance,B COM H-2015-16 IV Sem VII,1.72E+11,Exam Fee,0,10000,0,0,0,0,0,0,0,
237484,29-07-2016,2016-2017,2016-2017,AIE,RCPT,766242,15CECE103063,15CECE103063,Alumni,General,School of Electrical Electronics & Communication Engineering,B.Tech/B.Tech (Hons) Electronics & Communications Engineering,School of Electrical  Electronics,ELECTRONICS AND COMMUNICATION ENGINEERING-2016-17 IV Sem VII,2.42E+11,Fine Fee,0,400,0,0,0,0,0,0,0,
237485,29-07-2016,2016-2017,2016-2017,AIE,RCPT,822152,15GPTC401063,15GPTC401063,Alumni,General,Gs Polytechnic,Diploma in Mechanical Engineering,Gs Polytechnic,MECHANICAL  ENGINEERING 2015-2016 III Sem VI,3.22E+11,Fine Fee,0,400,0,0,0,0,0,0,0,
237486,29-07-2016,2016-2017,2016-2017,AIE,RCPT,746110,16CCCE101013,16CCCE101013,Withdrawn,General,School of Computing Science & Engineering,B.Tech/B.Tech (Hons) Computer Science Engineering,School of Computing Science,B.Tech in CSE 2016-17 III Sem V,2.22E+11,TUITION FEE,0,59000,0,0,0,0,0,0,0,
237487,29-07-2016,2016-2017,2016-2017,AIE,RCPT,766241,15CECE103063,15CECE103063,Alumni,General,School of Electrical Electronics & Communication Engineering,B.Tech/B.Tech (Hons) Electronics & Communications Engineering,School of Electrical  Electronics,ELECTRONICS AND COMMUNICATION ENGINEERING-2016-17 IV Sem VII,2.42E+11,Fine Fee,0,400,0,0,0,0,0,0,0,
237488,29-07-2016,2016-2017,2016-2017,AIE,RCPT,856377,13GCON101025,13GCON101025,No Information,General,School of Nursing,B.Sc. (Nursing),School of Nursing,B.Sc. (Nursing) 2017-2018 IV Sem VII,2.72E+11,Fine Fee,0,400,0,0,0,0,0,0,0,
237489,29-07-2016,2016-2017,2016-2017,AIE,RCPT,768482,15CCCE107009,15CCCE107009,Alumni,General,School of Computing Science & Engineering,B.Tech (Hons) in Computer Science & Engineering with Specialization in Business Analytics,School of Computing Science,B.Tech in CSBA 2015-16 V Sem IX,2.22E+11,Fine Fee,0,8000,0,0,0,0,0,0,0,
237490,29-07-2016,2016-2017,2016-2017,AIE,RCPT,773775,15CCCE101623,15CCCE101623,Alumni,General,School of Computing Science & Engineering,B.Tech/B.Tech (Hons) Computer Science Engineering,School of Computing Science,B.Tech in CSE 2015-16 V Sem IX,2.22E+11,Library BookC Recieved,0,300,0,0,0,0,0,0,0,
237491,29-07-2016,2016-2017,2016-2017,AIE,RCPT,782272,15CCCE101222,15CCCE101222,Alumni,General,School of Computing Science & Engineering,B.Tech/B.Tech (Hons) Computer Science Engineering,School of Computing Science,B.Tech in CSE 2015-16 IV Sem VIII,2.22E+11,Fine Fee,0,400,0,0,0,0,0,0,0,
237492,29-07-2016,2016-2017,2016-2017,AIE,RCPT,802571,16CCCE203018,16CCCE203018,Alumni,General,School of Computing Science & Engineering,MCA,School of Computing Science,MCA 2015 - 16 III Sem VI,2.22E+11,TUITION FEE,0,72000,0,0,0,0,0,0,0,
237493,29-07-2016,2016-2017,2016-2017,AIE,RCPT,808181,16CCCE104061,16CCCE104061,Alumni,General,School of Computing Science & Engineering,BCA,School of Computing Science,BCA 2016-17 IV Sem VII,2.22E+11,TUITION FEE,0,77000,0,0,0,0,0,0,0,
237494,29-07-2016,2016-2017,2016-2017,AIE,RCPT,808181,16CCCE104061,16CCCE104061,Alumni,General,School of Computing Science & Engineering,BCA,School of Computing Science,BCA 2016-17 IV Sem VII,2.22E+11,Exam Fee,0,10000,0,0,0,0,0,0,0,
237495,29-07-2016,2016-2017,2016-2017,AIE,RCPT,773778,15CCCE101623,15CCCE101623,Alumni,General,School of Computing Science & Engineering,B.Tech/B.Tech (Hons) Computer Science Engineering,School of Computing Science,B.Tech in CSE 2015-16 V Sem IX,2.22E+11,Fine Fee,0,400,0,0,0,0,0,0,0,
237496,29-07-2016,2016-2017,2016-2017,AIE,RCPT,831561,14CCCE101106,14CCCE101106,Withdrawn,General,School of Computing Science & Engineering,Integrated B.Tech (Chemical Engineering) + MBA,School of Computing Science,B.Tech in CSE 2015-16 IV Sem VII,2.22E+11,Fine Fee,0,400,0,0,0,0,0,0,0,
237497,29-07-2016,2016-2017,2016-2017,AIE,RCPT,752198,16GCOL102030,16GCOL102030,Active,General,School of Law,Integrated BA + LLB (Hons.),School of Law,BALLB 2016-2017 V SEM X,1.92E+11,Ajustable_Excess_Amount,0,30000,0,0,0,0,0,0,0,
237498,29-07-2016,2016-2017,2016-2017,AIE,RCPT,782441,15GCOB101048,15GCOB101048,No Information,General,School of Business,Bachelor of Business Administration,School of Business,Bachelor of Business Administration 2015-16 III Sem VI,1.32E+11,Fine Fee,0,400,0,0,0,0,0,0,0,
237499,29-07-2016,2016-2017,2016-2017,AIE,RCPT,754798,16GCOB102023,16GCOB102023,Active,General,School of Business,Integrated MBA (BBA+MBA),School of Business,BBA+MBA 2016-17 V SEM X,1.32E+11,TUITION FEE,0,43500,0,0,0,0,0,0,0,
237500,29-07-2016,2016-2017,2016-2017,AIE,REVJV,1005738,15CCCE101507,15CCCE101507,Alumni,General,School of Computing Science & Engineering,B.Tech/B.Tech (Hons) Computer Science Engineering,School of Computing Science,B.Tech in CSE 2015-16 V Sem IX,2.22E+11,Ajustable_Excess_Amount,0,0,0,0,0,0,-1000,0,0,TUITION FEE
237501,29-07-2016,2016-2017,2016-2017,AIE,RCPT,737502,16CCCE101644,16CCCE101644,No Information,General,School of Computing Science & Engineering,B.Tech/B.Tech (Hons) Computer Science Engineering,School of Computing Science,B.Tech in CSE 2016-17 II Sem IV,2.22E+11,TUITION FEE,0,149000,0,0,0,0,0,0,0,
237502,29-07-2016,2016-2017,2016-2017,AIE,RCPT,737502,16CCCE101644,16CCCE101644,No Information,General,School of Computing Science & Engineering,B.Tech/B.Tech (Hons) Computer Science Engineering,School of Computing Science,B.Tech in CSE 2016-17 II Sem IV,2.22E+11,Exam Fee,0,10000,0,0,0,0,0,0,0,
237503,29-07-2016,2016-2017,2016-2017,AIE,RCPT,737512,16CCCE101643,16CCCE101643,Alumni,General,School of Computing Science & Engineering,B.Tech/B.Tech (Hons) Computer Science Engineering,School of Computing Science,B.Tech in CSE 2016-17 IV Sem VIII,2.22E+11,TUITION FEE,0,149000,0,0,0,0,0,0,0,
237504,29-07-2016,2016-2017,2016-2017,AIE,RCPT,737512,16CCCE101643,16CCCE101643,Alumni,General,School of Computing Science & Engineering,B.Tech/B.Tech (Hons) Computer Science Engineering,School of Computing Science,B.Tech in CSE 2016-17 IV Sem VIII,2.22E+11,Exam Fee,0,10000,0,0,0,0,0,0,0,
237505,29-07-2016,2016-2017,2016-2017,AIE,RCPT,737530,16CCCE101642,16CCCE101642,Active,General,School of Computing Science & Engineering,B.Tech/B.Tech (Hons) Computer Science Engineering,School of Computing Science,B.Tech in CSE 2016-17 IV Sem VIII,2.22E+11,TUITION FEE,0,25000,0,0,0,0,0,0,0,
237506,29-07-2016,2016-2017,2016-2017,AIE,RCPT,820073,15GCCE101127,15GCCE101127,Alumni,General,School of Civil Engineering,B.Tech/B.Tech (Hons) Civil Engineering,School of Civil Engineering,B Tech Civil Engineering 2015-16 V Sem IX,3.12E+11,Fine Fee,0,800,0,0,0,0,0,0,0,
237507,29-07-2016,2016-2017,2016-2017,AIE,RCPT,737497,16CCCE101645,16CCCE101645,No Information,General,School of Computing Science & Engineering,B.Tech/B.Tech (Hons) Computer Science Engineering,School of Computing Science,B.Tech in CSE 2016-17 II Sem IV,2.22E+11,TUITION FEE,0,40000,0,0,0,0,0,0,0,
237508,29-07-2016,2016-2017,2016-2017,AIE,RCPT,737497,16CCCE101645,16CCCE101645,No Information,General,School of Computing Science & Engineering,B.Tech/B.Tech (Hons) Computer Science Engineering,School of Computing Science,B.Tech in CSE 2016-17 II Sem IV,2.22E+11,Exam Fee,0,10000,0,0,0,0,0,0,0,
237509,29-07-2016,2016-2017,2016-2017,AIE,RCPT,818918,15GCFC101050,15GCFC101050,Alumni,General,School of Finance & Commerce,B.Com. (Hons),School of Finance,B COM H-2015-16 III Sem VI,1.72E+11,Library BookC Recieved,0,400,0,0,0,0,0,0,0,
237510,29-07-2016,2016-2017,2016-2017,AIE,RCPT,749489,16CBAC101028,16CBAC101028,Alumni,General,School of Basic & Applied Sciences,B.Sc.(Hons) Forensic Sciences,School of Basic,B.Sc.(Hons) Forensic Sciences IV Sem VII,1.82E+11,TUITION FEE,0,40000,0,0,0,0,0,0,0,
237511,29-07-2016,2016-2017,2016-2017,AIE,RCPT,737489,16CCCE101646,16CCCE101646,Alumni,General,School of Computing Science & Engineering,B.Tech/B.Tech (Hons) Computer Science Engineering,School of Computing Science,B.Tech in CSE 2016-17 IV Sem VIII,2.22E+11,TUITION FEE,0,149000,0,0,0,0,0,0,0,
237512,29-07-2016,2016-2017,2016-2017,AIE,RCPT,737489,16CCCE101646,16CCCE101646,Alumni,General,School of Computing Science & Engineering,B.Tech/B.Tech (Hons) Computer Science Engineering,School of Computing Science,B.Tech in CSE 2016-17 IV Sem VIII,2.22E+11,Exam Fee,0,10000,0,0,0,0,0,0,0,
237513,29-07-2016,2016-2017,2016-2017,AIE,RCPT,835245,14CCME101506,14CCME101506,Alumni,General,School of Mechanical Engineering,B.Tech/B.Tech (Hons) Mechanical Engineering,School of Mechanical Engineering,ME 2014-2015 IV Sem VIII,2.32E+11,Fine Fee,0,400,0,0,0,0,0,0,0,
237514,29-07-2016,2016-2017,2016-2017,AIE,RCPT,737554,16CCCE101641,16CCCE101641,Alumni,General,School of Computing Science & Engineering,B.Tech/B.Tech (Hons) Computer Science Engineering,School of Computing Science,B.Tech in CSE 2016-17 IV Sem VIII,2.22E+11,TUITION FEE,0,149000,0,0,0,0,0,0,0,
237515,29-07-2016,2016-2017,2016-2017,AIE,RCPT,737554,16CCCE101641,16CCCE101641,Alumni,General,School of Computing Science & Engineering,B.Tech/B.Tech (Hons) Computer Science Engineering,School of Computing Science,B.Tech in CSE 2016-17 IV Sem VIII,2.22E+11,Exam Fee,0,10000,0,0,0,0,0,0,0,
237516,29-07-2016,2016-2017,2016-2017,AIE,RCPT,737556,16CCCE101640,16CCCE101640,No Information,General,School of Computing Science & Engineering,B.Tech/B.Tech (Hons) Computer Science Engineering,School of Computing Science,B.Tech in CSE 2016-17 II Sem IV,2.22E+11,TUITION FEE,0,10000,0,0,0,0,0,0,0,
237517,29-07-2016,2016-2017,2016-2017,AIE,RCPT,737556,16CCCE101640,16CCCE101640,No Information,General,School of Computing Science & Engineering,B.Tech/B.Tech (Hons) Computer Science Engineering,School of Computing Science,B.Tech in CSE 2016-17 II Sem IV,2.22E+11,Exam Fee,0,10000,0,0,0,0,0,0,0,
237518,29-07-2016,2016-2017,2016-2017,AIE,RCPT,855846,13CBAC101031,13CBAC101031,Alumni,General,School of Basic & Applied Sciences,B.Sc.(Hons) Forensic Sciences,School of Basic,B.Sc.(Hons) Forensic Sciences 2013-2014 III Sem VI,2.12E+11,Degree/Convocation/Certificate fee,0,250,0,0,0,0,0,0,0,
237519,29-07-2016,2016-2017,2016-2017,AIE,RCPT,788254,15GCOB201056,15GCOB201056,No Information,General,School of Business,MBA in dual specialization ,School of Business,MBA in dual specialization  2017-2018 Trimester VI Trimester VI,1.32E+11,Exam Fee (Back Paper),0,4500,0,0,0,0,0,0,0,
237520,29-07-2016,2016-2017,2016-2017,AIE,RCPT,737601,16CCCE101636,16CCCE101636,Alumni,General,School of Computing Science & Engineering,B.Tech/B.Tech (Hons) Computer Science Engineering,School of Computing Science,B.Tech in CSE 2016-17 IV Sem VIII,2.22E+11,TUITION FEE,0,149000,0,0,0,0,0,0,0,
237521,29-07-2016,2016-2017,2016-2017,AIE,RCPT,737601,16CCCE101636,16CCCE101636,Alumni,General,School of Computing Science & Engineering,B.Tech/B.Tech (Hons) Computer Science Engineering,School of Computing Science,B.Tech in CSE 2016-17 IV Sem VIII,2.22E+11,Exam Fee,0,10000,0,0,0,0,0,0,0,
237522,29-07-2016,2016-2017,2016-2017,AIE,RCPT,788247,15GCOB201056,15GCOB201056,No Information,General,School of Business,MBA in dual specialization ,School of Business,MBA in dual specialization  2017-2018 Trimester VI Trimester VI,1.32E+11,Fine Fee,0,2000,0,0,0,0,0,0,0,
237523,29-07-2016,2016-2017,2016-2017,AIE,RCPT,788247,15GCOB201056,15GCOB201056,No Information,General,School of Business,MBA in dual specialization ,School of Business,MBA in dual specialization  2017-2018 Trimester VI Trimester VI,1.32E+11,Tuition Fee (Back Paper),0,3600,0,0,0,0,0,0,0,
237524,29-07-2016,2016-2017,2016-2017,AIE,RCPT,788247,15GCOB201056,15GCOB201056,No Information,General,School of Business,MBA in dual specialization ,School of Business,MBA in dual specialization  2017-2018 Trimester VI Trimester VI,1.32E+11,Exam Fee (Back Paper),0,1000,0,0,0,0,0,0,0,
237525,29-07-2016,2016-2017,2016-2017,AIE,RCPT,737583,16CCCE101637,16CCCE101637,No Information,General,School of Computing Science & Engineering,B.Tech/B.Tech (Hons) Computer Science Engineering,School of Computing Science,B.Tech in CSE 2016-17 II Sem IV,2.22E+11,TUITION FEE,0,15000,0,0,0,0,0,0,0,
237526,29-07-2016,2016-2017,2016-2017,AIE,RCPT,737583,16CCCE101637,16CCCE101637,No Information,General,School of Computing Science & Engineering,B.Tech/B.Tech (Hons) Computer Science Engineering,School of Computing Science,B.Tech in CSE 2016-17 II Sem IV,2.22E+11,Exam Fee,0,10000,0,0,0,0,0,0,0,
237527,29-07-2016,2016-2017,2016-2017,AIE,RCPT,784208,15GCOB101150,15GCOB101150,Alumni,General,School of Business,Bachelor of Business Administration,School of Business,Bachelor of Business Administration 2015-16 III Sem VI,1.32E+11,Fine Fee,0,200,0,0,0,0,0,0,0,
237528,29-07-2016,2016-2017,2016-2017,AIE,RCPT,737564,16CCCE101639,16CCCE101639,Year Back,General,School of Computing Science & Engineering,B.Tech/B.Tech (Hons) Computer Science Engineering,School of Computing Science,B.Tech First Year 2017-2018 I Sem II,2.22E+11,TUITION FEE,0,149000,0,0,0,0,0,0,0,
237529,29-07-2016,2016-2017,2016-2017,AIE,RCPT,737564,16CCCE101639,16CCCE101639,Year Back,General,School of Computing Science & Engineering,B.Tech/B.Tech (Hons) Computer Science Engineering,School of Computing Science,B.Tech First Year 2017-2018 I Sem II,2.22E+11,Exam Fee,0,10000,0,0,0,0,0,0,0,
237530,29-07-2016,2016-2017,2016-2017,AIE,RCPT,737578,16CCCE101638,16CCCE101638,Alumni,General,School of Computing Science & Engineering,B.Tech/B.Tech (Hons) Computer Science Engineering,School of Computing Science,B.Tech in CSE 2016-17 IV Sem VIII,2.22E+11,TUITION FEE,0,149000,0,0,0,0,0,0,0,
237531,29-07-2016,2016-2017,2016-2017,AIE,RCPT,737578,16CCCE101638,16CCCE101638,Alumni,General,School of Computing Science & Engineering,B.Tech/B.Tech (Hons) Computer Science Engineering,School of Computing Science,B.Tech in CSE 2016-17 IV Sem VIII,2.22E+11,Exam Fee,0,10000,0,0,0,0,0,0,0,
237532,29-07-2016,2016-2017,2016-2017,AIE,RCPT,784206,15GCOB101150,15GCOB101150,Alumni,General,School of Business,Bachelor of Business Administration,School of Business,Bachelor of Business Administration 2015-16 III Sem VI,1.32E+11,Fine Fee,0,200,0,0,0,0,0,0,0,
237533,29-07-2016,2016-2017,2016-2017,AIE,RCPT,737468,16CCCE101647,16CCCE101647,Alumni,General,School of Computing Science & Engineering,B.Tech/B.Tech (Hons) Computer Science Engineering,School of Computing Science,B.Tech in CSE 2016-17 IV Sem VIII,2.22E+11,TUITION FEE,0,40000,0,0,0,0,0,0,0,
237534,29-07-2016,2016-2017,2016-2017,AIE,RCPT,762312,16GPTC404013,16GPTC404013,Alumni,General,Gs Polytechnic,Diploma in Civil Engineering,Gs Polytechnic,CIVIL ENGINEERING 2016-2017 III Sem V,3.22E+11,TUITION FEE,0,25000,0,0,0,0,0,0,0,
237535,29-07-2016,2016-2017,2016-2017,AIE,RCPT,762140,16GPTC404038,16GPTC404038,No Information,General,Gs Polytechnic,Diploma in Civil Engineering,Gs Polytechnic,CIVIL ENGINEERING 2016-2017 II Sem IV,3.22E+11,TUITION FEE,0,35000,0,0,0,0,0,0,0,
237536,29-07-2016,2016-2017,2016-2017,AIE,RCPT,762140,16GPTC404038,16GPTC404038,No Information,General,Gs Polytechnic,Diploma in Civil Engineering,Gs Polytechnic,CIVIL ENGINEERING 2016-2017 II Sem IV,3.22E+11,Exam Fee,0,10000,0,0,0,0,0,0,0,
237537,29-07-2016,2016-2017,2016-2017,AIE,RCPT,802504,16CCCE203032,16CCCE203032,Alumni,General,School of Computing Science & Engineering,MCA,School of Computing Science,MCA 2015 - 16 III Sem VI,2.22E+11,Library BookC Recieved,0,600,0,0,0,0,0,0,0,
237538,29-07-2016,2016-2017,2016-2017,AIE,RCPT,802498,16CCCE203033,16CCCE203033,Alumni,General,School of Computing Science & Engineering,MCA,School of Computing Science,MCA 2015 - 16 III Sem VI,2.22E+11,TUITION FEE,0,92000,0,0,0,0,0,0,0,
237539,29-07-2016,2016-2017,2016-2017,AIE,RCPT,802498,16CCCE203033,16CCCE203033,Alumni,General,School of Computing Science & Engineering,MCA,School of Computing Science,MCA 2015 - 16 III Sem VI,2.22E+11,Exam Fee,0,10000,0,0,0,0,0,0,0,
237540,29-07-2016,2016-2017,2016-2017,AIE,RCPT,737414,16CCCE101650,16CCCE101650,Alumni,General,School of Computing Science & Engineering,B.Tech/B.Tech (Hons) Computer Science Engineering,School of Computing Science,B.Tech in CSE 2016-17 IV Sem VIII,2.22E+11,TUITION FEE,0,69900,0,0,0,0,0,0,0,
237541,29-07-2016,2016-2017,2016-2017,AIE,RCPT,848778,13CCCE103009,13CCCE103009,No Information,General,School of Computing Science & Engineering,B.Tech (CSE)-IBM,School of Computing Science,B.Tech (CSE)-IBM 2017-18 IV Sem VIII,2.22E+11,Fine Fee,0,400,0,0,0,0,0,0,0,
237542,29-07-2016,2016-2017,2016-2017,AIE,RCPT,789287,15GCOB201173,15GCOB201173,No Information,General,School of Business,MBA in dual specialization ,School of Business,MBA in dual specialization  2017-2018 Trimester VI Trimester VI,1.32E+11,Exam Fee (Back Paper),0,500,0,0,0,0,0,0,0,
237543,29-07-2016,2016-2017,2016-2017,AIE,RCPT,789306,15GCOB201174,15GCOB201174,No Information,General,School of Business,MBA in dual specialization ,School of Business,MBA in dual specialization  2017-2018 Trimester VI Trimester VI,1.32E+11,Fine Fee,0,400,0,0,0,0,0,0,0,
237544,29-07-2016,2016-2017,2016-2017,AIE,RCPT,762145,16GPTC404037,16GPTC404037,Withdrawn,General,Gs Polytechnic,Diploma in Civil Engineering,Gs Polytechnic,CIVIL ENGINEERING 2016-2017 III Sem V,3.22E+11,TUITION FEE,0,35000,0,0,0,0,0,0,0,
237545,29-07-2016,2016-2017,2016-2017,AIE,RCPT,762145,16GPTC404037,16GPTC404037,Withdrawn,General,Gs Polytechnic,Diploma in Civil Engineering,Gs Polytechnic,CIVIL ENGINEERING 2016-2017 III Sem V,3.22E+11,Exam Fee,0,10000,0,0,0,0,0,0,0,
237546,29-07-2016,2016-2017,2016-2017,AIE,REVJV,1006124,16GCFC101077,16GCFC101077,Alumni,General,School of Finance & Commerce,B.Com. (Hons),School of Finance,B COM H-2015-16 IV Sem VII,1.72E+11,Adjusted_Amount,0,0,0,0,0,0,-100000,0,0,TUITION FEE
237547,29-07-2016,2016-2017,2016-2017,AIE,RCPT,874357,12CET201226,12CET201226,Alumni,General,School of Mechanical Engineering,B.Tech/B.Tech (Hons) Mechanical Engineering,School of Mechanical Engineering,B.Tech/B.Tech (Hons) Mechanical Engineering 2012-2013 IV Sem VIII,1.12E+11,Degree/Convocation/Certificate fee,0,1800,0,0,0,0,0,0,0,
237548,29-07-2016,2016-2017,2016-2017,AIE,RCPT,775944,15CCCE101522,15CCCE101522,Alumni,General,School of Computing Science & Engineering,B.Tech/B.Tech (Hons) Computer Science Engineering,School of Computing Science,B.Tech in CSE 2015-16 V Sem IX,2.22E+11,Fine Fee,0,400,0,0,0,0,0,0,0,
237549,29-07-2016,2016-2017,2016-2017,AIE,RCPT,800806,16CECE109008,16CECE109008,No Information,General,School of Electrical Electronics & Communication Engineering,B.Tech/B.Tech (Hons) in Electronics and Communication Engineering with specialisation in Internet of Things(IOT),School of Electrical  Electronics,B.Tech/B.Tech (H) in ECE with specialisation in IOT 2019-20 SEM III,2.42E+11,TUITION FEE,0,149000,0,0,0,0,0,0,0,
237550,29-07-2016,2016-2017,2016-2017,AIE,RCPT,800806,16CECE109008,16CECE109008,No Information,General,School of Electrical Electronics & Communication Engineering,B.Tech/B.Tech (Hons) in Electronics and Communication Engineering with specialisation in Internet of Things(IOT),School of Electrical  Electronics,B.Tech/B.Tech (H) in ECE with specialisation in IOT 2019-20 SEM III,2.42E+11,Exam Fee,0,10000,0,0,0,0,0,0,0,
237551,29-07-2016,2016-2017,2016-2017,AIE,RCPT,747220,16CCME101156,16CCME101156,Withdrawn,General,School of Mechanical Engineering,B.Tech/B.Tech (Hons) Mechanical Engineering,School of Mechanical Engineering,ME 2016-2017 III Sem V,2.32E+11,TUITION FEE,0,149000,0,0,0,0,0,0,0,
237552,29-07-2016,2016-2017,2016-2017,AIE,RCPT,747220,16CCME101156,16CCME101156,Withdrawn,General,School of Mechanical Engineering,B.Tech/B.Tech (Hons) Mechanical Engineering,School of Mechanical Engineering,ME 2016-2017 III Sem V,2.32E+11,Exam Fee,0,10000,0,0,0,0,0,0,0,
237553,29-07-2016,2016-2017,2016-2017,AIE,RCPT,737452,16CCCE101648,16CCCE101648,Year Back,General,School of Computing Science & Engineering,B.Tech/B.Tech (Hons) Computer Science Engineering,School of Computing Science,B.Tech in CSE 2015-16 III Sem VI,2.22E+11,TUITION FEE,0,149000,0,0,0,0,0,0,0,
237554,29-07-2016,2016-2017,2016-2017,AIE,RCPT,737452,16CCCE101648,16CCCE101648,Year Back,General,School of Computing Science & Engineering,B.Tech/B.Tech (Hons) Computer Science Engineering,School of Computing Science,B.Tech in CSE 2015-16 III Sem VI,2.22E+11,Exam Fee,0,10000,0,0,0,0,0,0,0,
237555,29-07-2016,2016-2017,2016-2017,AIE,RCPT,737441,16CCCE101649,16CCCE101649,Alumni,General,School of Computing Science & Engineering,B.Tech/B.Tech (Hons) Computer Science Engineering,School of Computing Science,B.Tech in CSE 2016-17 IV Sem VIII,2.22E+11,TUITION FEE,0,20000,0,0,0,0,0,0,0,
237556,29-07-2016,2016-2017,2016-2017,AIE,RCPT,747211,16CCME101157,16CCME101157,Cancelled,General,School of Mechanical Engineering,B.Tech/B.Tech (Hons) Mechanical Engineering,School of Mechanical Engineering,ME 2016-2017 III Sem VI,2.32E+11,TUITION FEE,0,45000,0,0,0,0,0,0,0,
237557,29-07-2016,2016-2017,2016-2017,AIE,RCPT,747205,16CCME101158,16CCME101158,Alumni,General,School of Mechanical Engineering,B.Tech/B.Tech (Hons) Mechanical Engineering,School of Mechanical Engineering,ME 2016-2017 IV Sem VIII,2.32E+11,TUITION FEE,0,149000,0,0,0,0,0,0,0,
237558,29-07-2016,2016-2017,2016-2017,AIE,RCPT,747205,16CCME101158,16CCME101158,Alumni,General,School of Mechanical Engineering,B.Tech/B.Tech (Hons) Mechanical Engineering,School of Mechanical Engineering,ME 2016-2017 IV Sem VIII,2.32E+11,Exam Fee,0,10000,0,0,0,0,0,0,0,
237559,29-07-2016,2016-2017,2016-2017,AIE,RCPT,778195,15CCCE101415,15CCCE101415,Alumni,General,School of Computing Science & Engineering,B.Tech/B.Tech (Hons) Computer Science Engineering,School of Computing Science,B.Tech in CSE 2015-16 V Sem IX,2.22E+11,Fine Fee,0,400,0,0,0,0,0,0,0,
237560,29-07-2016,2016-2017,2016-2017,AIE,RCPT,824830,14CMAC101008,14CMAC101008,Alumni,General,School of Medical and Allied Sciences,Bachelor of Physiotherapy,School of Medical and Allied Sciences,BPT 2013-14 IV Sem VIII,2.12E+11,Fine Fee,0,400,0,0,0,0,0,0,0,
237561,29-07-2016,2016-2017,2016-2017,AIE,RCPT,832319,14CCCE101014,14CCCE101014,Alumni,General,School of Computing Science & Engineering,B.Tech/B.Tech (Hons) Computer Science Engineering,School of Computing Science,B.Tech in CSE 2014-15 IV Sem VIII,2.22E+11,Library BookC Recieved,0,400,0,0,0,0,0,0,0,
237562,29-07-2016,2016-2017,2016-2017,AIE,RCPT,761518,16GPTC407005,16GPTC407005,Alumni,General,Gs Polytechnic,Diploma in Electronics & Communication Engineering,Gs Polytechnic,ELECTRONICS AND COMMUNICATION ENGINEERING 2016-2017 IV Sem VII,3.22E+11,TUITION FEE,0,35000,0,0,0,0,0,0,0,
237563,29-07-2016,2016-2017,2016-2017,AIE,RCPT,761518,16GPTC407005,16GPTC407005,Alumni,General,Gs Polytechnic,Diploma in Electronics & Communication Engineering,Gs Polytechnic,ELECTRONICS AND COMMUNICATION ENGINEERING 2016-2017 IV Sem VII,3.22E+11,Exam Fee,0,10000,0,0,0,0,0,0,0,
237564,29-07-2016,2016-2017,2016-2017,AIE,RCPT,850955,13CCCE101051,13CCCE101051,No Information,General,School of Computing Science & Engineering,B.Tech/B.Tech (Hons) Computer Science Engineering,School of Computing Science,B.Tech in CSE 2014-15 IV Sem VIII,2.22E+11,Fine Fee,0,400,0,0,0,0,0,0,0,
237565,29-07-2016,2016-2017,2016-2017,AIE,RCPT,806260,16CCCE105128,16CCCE105128,Alumni,General,School of Computing Science & Engineering,B.Tech (Hons) in Computer Science & Engineering with Specialization in Cloud Computing & Virtualizations,School of Computing Science,B.Tech in CSCC 2016-17 IV Sem VIII,2.22E+11,TUITION FEE,0,170000,0,0,0,0,0,0,0,
237566,29-07-2016,2016-2017,2016-2017,AIE,RCPT,806260,16CCCE105128,16CCCE105128,Alumni,General,School of Computing Science & Engineering,B.Tech (Hons) in Computer Science & Engineering with Specialization in Cloud Computing & Virtualizations,School of Computing Science,B.Tech in CSCC 2016-17 IV Sem VIII,2.22E+11,Exam Fee,0,10000,0,0,0,0,0,0,0,
237567,29-07-2016,2016-2017,2016-2017,AIE,RCPT,775007,15CCCE101565,15CCCE101565,Alumni,General,School of Computing Science & Engineering,B.Tech/B.Tech (Hons) Computer Science Engineering,School of Computing Science,B.Tech in CSE 2015-16 V Sem IX,2.22E+11,Fine Fee,0,400,0,0,0,0,0,0,0,
237568,29-07-2016,2016-2017,2016-2017,AIE,RCPT,772520,15CCCE101703,15CCCE101703,Alumni,General,School of Computing Science & Engineering,B.Tech/B.Tech (Hons) Computer Science Engineering,School of Computing Science,B.Tech in CSE 2015-16 V Sem IX,2.22E+11,Fine Fee,0,400,0,0,0,0,0,0,0,
237569,29-07-2016,2016-2017,2016-2017,AIE,RCPT,812379,15CCME101179,15CCME101179,Alumni,General,School of Mechanical Engineering,B.Tech/B.Tech (Hons) Mechanical Engineering,School of Mechanical Engineering,ME 2015-2016 V Sem IX,2.32E+11,Fine Fee,0,400,0,0,0,0,0,0,0,
237570,29-07-2016,2016-2017,2016-2017,AIE,RCPT,771154,15CCCE104047,15CCCE104047,No Information,General,School of Computing Science & Engineering,BCA,School of Computing Science,BCA 2015-16 III Sem VI,2.22E+11,Library BookC Recieved,0,300,0,0,0,0,0,0,0,
237571,29-07-2016,2016-2017,2016-2017,AIE,RCPT,827155,14CCCE105086,14CCCE105086,Alumni,General,School of Computing Science & Engineering,B.Tech (Hons) in Computer Science & Engineering with Specialization in Cloud Computing & Virtualizations,School of Computing Science,B.Tech in CSCC 2014-15 IV Sem VIII,2.22E+11,Fine Fee,0,400,0,0,0,0,0,0,0,
237572,29-07-2016,2016-2017,2016-2017,AIE,RCPT,827155,14CCCE105086,14CCCE105086,Alumni,General,School of Computing Science & Engineering,B.Tech (Hons) in Computer Science & Engineering with Specialization in Cloud Computing & Virtualizations,School of Computing Science,B.Tech in CSCC 2014-15 IV Sem VIII,2.22E+11,Library BookC Recieved,0,400,0,0,0,0,0,0,0,
237573,29-07-2016,2016-2017,2016-2017,AIE,RCPT,818633,15GCFC101088,15GCFC101088,Alumni,General,School of Finance & Commerce,B.Com. (Hons),School of Finance,B COM H-2015-16 IV Sem VII,1.72E+11,Fine Fee,0,400,0,0,0,0,0,0,0,
237574,29-07-2016,2016-2017,2016-2017,AIE,RCPT,803653,16CCCE113010,16CCCE113010,Alumni,General,School of Computing Science & Engineering,B.Tech (Hons) Computer Science & Engineering with specialization in Internet of Things (IOT) & Intelligent System,School of Computing Science,B.Tech in CSIO 2016-17 IV Sem VIII,2.22E+11,TUITION FEE,0,149000,0,0,0,0,0,0,0,
237575,29-07-2016,2016-2017,2016-2017,AIE,RCPT,803653,16CCCE113010,16CCCE113010,Alumni,General,School of Computing Science & Engineering,B.Tech (Hons) Computer Science & Engineering with specialization in Internet of Things (IOT) & Intelligent System,School of Computing Science,B.Tech in CSIO 2016-17 IV Sem VIII,2.22E+11,Exam Fee,0,10000,0,0,0,0,0,0,0,
237576,29-07-2016,2016-2017,2016-2017,AIE,RCPT,765578,15CECE204007,15CECE204007,No Information,General,School of Electrical Electronics & Communication Engineering,M.Tech Power System Engineering,School of Electrical  Electronics,Power System Engineering-2016-17 II Sem IV,2.42E+11,Fine Fee,0,400,0,0,0,0,0,0,0,
237577,29-07-2016,2016-2017,2016-2017,AIE,RCPT,753732,16GCOB201123,16GCOB201123,Alumni,General,School of Business,MBA in dual specialization ,School of Business,MBA 2016-2017 II Sem IV,1.32E+11,TUITION FEE,0,149000,0,0,0,0,0,0,0,
237578,29-07-2016,2016-2017,2016-2017,AIE,RCPT,753732,16GCOB201123,16GCOB201123,Alumni,General,School of Business,MBA in dual specialization ,School of Business,MBA 2016-2017 II Sem IV,1.32E+11,Exam Fee,0,10000,0,0,0,0,0,0,0,
237579,29-07-2016,2016-2017,2016-2017,AIE,RCPT,771352,15CCCE104024,15CCCE104024,Alumni,General,School of Computing Science & Engineering,BCA,School of Computing Science,BCA 2016-17 IV Sem VII,2.22E+11,Library BookC Recieved,0,300,0,0,0,0,0,0,0,
237580,29-07-2016,2016-2017,2016-2017,AIE,RCPT,772088,15CCCE101745,15CCCE101745,Alumni,General,School of Computing Science & Engineering,B.Tech/B.Tech (Hons) Computer Science Engineering,School of Computing Science,B.Tech in CSE 2015-16 V Sem IX,2.22E+11,Fine Fee,0,400,0,0,0,0,0,0,0,
237581,29-07-2016,2016-2017,2016-2017,AIE,RCPT,827112,14CCCE105089,14CCCE105089,Alumni,General,School of Computing Science & Engineering,B.Tech (Hons) in Computer Science & Engineering with Specialization in Cloud Computing & Virtualizations,School of Computing Science,B.Tech in CSCC 2014-15 IV Sem VIII,2.22E+11,Fine Fee,0,400,0,0,0,0,0,0,0,
237582,29-07-2016,2016-2017,2016-2017,AIE,RCPT,827112,14CCCE105089,14CCCE105089,Alumni,General,School of Computing Science & Engineering,B.Tech (Hons) in Computer Science & Engineering with Specialization in Cloud Computing & Virtualizations,School of Computing Science,B.Tech in CSCC 2014-15 IV Sem VIII,2.22E+11,Library BookC Recieved,0,400,0,0,0,0,0,0,0,
237583,29-07-2016,2016-2017,2016-2017,AIE,RCPT,772531,15CCCE101702,15CCCE101702,No Information,General,School of Computing Science & Engineering,B.Tech/B.Tech (Hons) Computer Science Engineering,School of Computing Science,B.Tech in CSE 2015-16 III Sem VI,2.22E+11,Fine Fee,0,400,0,0,0,0,0,0,0,
237584,29-07-2016,2016-2017,2016-2017,AIE,RCPT,760326,16GCCE101072,16GCCE101072,Alumni,General,School of Civil Engineering,B.Tech/B.Tech (Hons) Civil Engineering,School of Civil Engineering,B Tech Civil Engineering 2016-17 IV Sem VIII,3.12E+11,TUITION FEE,0,109000,0,0,0,0,0,0,0,
237585,29-07-2016,2016-2017,2016-2017,AIE,RCPT,804561,16CCCE111020,16CCCE111020,Cancelled,General,School of Computing Science & Engineering,Integrated BCA + MCA,School of Computing Science,BCA + MCA 2016-17 III Sem VI,2.22E+11,TUITION FEE,0,77000,0,0,0,0,0,0,0,
237586,29-07-2016,2016-2017,2016-2017,AIE,RCPT,804561,16CCCE111020,16CCCE111020,Cancelled,General,School of Computing Science & Engineering,Integrated BCA + MCA,School of Computing Science,BCA + MCA 2016-17 III Sem VI,2.22E+11,Ajustable_Excess_Amount,0,70900,0,0,0,0,0,0,0,
237587,29-07-2016,2016-2017,2016-2017,AIE,RCPT,804561,16CCCE111020,16CCCE111020,Cancelled,General,School of Computing Science & Engineering,Integrated BCA + MCA,School of Computing Science,BCA + MCA 2016-17 III Sem VI,2.22E+11,Exam Fee,0,10000,0,0,0,0,0,0,0,
237588,29-07-2016,2016-2017,2016-2017,AIE,RCPT,826939,14CCCE106003,14CCCE106003,Alumni,General,School of Computing Science & Engineering,B.Tech (Hons) in Computer Science & Engineering with Specialization in Open Source Software & Open S,School of Computing Science,B.Tech in CSOS 2014-15 IV Sem VIII,2.22E+11,Fine Fee,0,400,0,0,0,0,0,0,0,
237589,29-07-2016,2016-2017,2016-2017,AIE,RCPT,826939,14CCCE106003,14CCCE106003,Alumni,General,School of Computing Science & Engineering,B.Tech (Hons) in Computer Science & Engineering with Specialization in Open Source Software & Open S,School of Computing Science,B.Tech in CSOS 2014-15 IV Sem VIII,2.22E+11,Library BookC Recieved,0,400,0,0,0,0,0,0,0,
237590,29-07-2016,2016-2017,2016-2017,AIE,RCPT,756678,16GCOB101163,16GCOB101163,No Information,General,School of Business,Bachelor of Business Administration,School of Business,Bachelor of Business Administration 2016-17 II Sem IV,1.32E+11,TUITION FEE,0,77000,0,0,0,0,0,0,0,
237591,29-07-2016,2016-2017,2016-2017,AIE,RCPT,756678,16GCOB101163,16GCOB101163,No Information,General,School of Business,Bachelor of Business Administration,School of Business,Bachelor of Business Administration 2016-17 II Sem IV,1.32E+11,Exam Fee,0,10000,0,0,0,0,0,0,0,
237592,29-07-2016,2016-2017,2016-2017,AIE,RCPT,756679,16GCOB101162,16GCOB101162,No Information,General,School of Business,Bachelor of Business Administration,School of Business,BBA 2016-2017 I Sem II,1.32E+11,TUITION FEE,0,25000,0,0,0,0,0,0,0,
237593,29-07-2016,2016-2017,2016-2017,AIE,RCPT,803344,16CCCE114016,16CCCE114016,Alumni,General,School of Computing Science & Engineering,B.Tech (Hons) Computer Science & Engineering with specialisation in Computer Network & Cyber Security,School of Computing Science,B.Tech in CSCN 2016-17 IV Sem VIII,2.22E+11,TUITION FEE,0,94000,0,0,0,0,0,0,0,
237594,29-07-2016,2016-2017,2016-2017,AIE,RCPT,766893,15CECE101022,15CECE101022,Year Back,General,School of Electrical Electronics & Communication Engineering,B.Tech/B.Tech (Hons) Electrical & Electronics Engineering,School of Electrical  Electronics,Electrical and Electronics Engineering-2016-17 III Sem VI,2.42E+11,Library BookC Recieved,0,300,0,0,0,0,0,0,0,
237595,29-07-2016,2016-2017,2016-2017,AIE,RCPT,814055,15CBAC101082,15CBAC101082,Alumni,General,School of Basic & Applied Sciences,B.Sc.(Hons) Forensic Sciences,School of Basic,B.Sc.(Hons) Forensic Sciences 2015-16 III Sem VI,1.82E+11,Fine Fee,0,400,0,0,0,0,0,0,0,
237596,29-07-2016,2016-2017,2016-2017,AIE,RCPT,750526,16GCON101027,16GCON101027,Alumni,General,School of Nursing,B.Sc. (Nursing),School of Nursing,B.Sc.(Nursing) 2016-2017 IV Sem VII,2.72E+11,TUITION FEE,0,80000,0,0,0,0,0,0,0,
237597,29-07-2016,2016-2017,2016-2017,AIE,RCPT,750526,16GCON101027,16GCON101027,Alumni,General,School of Nursing,B.Sc. (Nursing),School of Nursing,B.Sc.(Nursing) 2016-2017 IV Sem VII,2.72E+11,Exam Fee,0,10000,0,0,0,0,0,0,0,
237598,29-07-2016,2016-2017,2016-2017,AIE,RCPT,772337,15CCCE101720,15CCCE101720,Withdrawn,General,School of Computing Science & Engineering,Integrated B.Tech (Chemical Engineering) + MBA,School of Computing Science,B.Tech in CSE 2015-16 IV Sem VII,2.22E+11,Fine Fee,0,400,0,0,0,0,0,0,0,
237599,29-07-2016,2016-2017,2016-2017,AIE,RCPT,756688,16GCOB101161,16GCOB101161,Alumni,General,School of Business,Bachelor of Business Administration,School of Business,Bachelor of Business Administration 2016-17 IV Sem VII,1.32E+11,TUITION FEE,0,60000,0,0,0,0,0,0,0,
237600,29-07-2016,2016-2017,2016-2017,AIE,RCPT,803323,16CCCE114018,16CCCE114018,Alumni,General,School of Computing Science & Engineering,B.Tech (Hons) Computer Science & Engineering with specialisation in Computer Network & Cyber Security,School of Computing Science,B.Tech in CSCN 2016-17 IV Sem VIII,2.22E+11,TUITION FEE,0,139000,0,0,0,0,0,0,0,
237601,29-07-2016,2016-2017,2016-2017,AIE,RCPT,806245,16CCCE105129,16CCCE105129,Alumni,General,School of Computing Science & Engineering,B.Tech (Hons) in Computer Science & Engineering with Specialization in Cloud Computing & Virtualizations,School of Computing Science,B.Tech in CSCC 2016-17 IV Sem VIII,2.22E+11,TUITION FEE,0,170000,0,0,0,0,0,0,0,
237602,29-07-2016,2016-2017,2016-2017,AIE,RCPT,806245,16CCCE105129,16CCCE105129,Alumni,General,School of Computing Science & Engineering,B.Tech (Hons) in Computer Science & Engineering with Specialization in Cloud Computing & Virtualizations,School of Computing Science,B.Tech in CSCC 2016-17 IV Sem VIII,2.22E+11,Exam Fee,0,10000,0,0,0,0,0,0,0,
237603,29-07-2016,2016-2017,2016-2017,AIE,RCPT,748118,16CCME101065,16CCME101065,Alumni,General,School of Mechanical Engineering,B.Tech/B.Tech (Hons) Mechanical Engineering,School of Mechanical Engineering,ME 2016-2017 IV Sem VIII,2.32E+11,TUITION FEE,0,130000,0,0,0,0,0,0,0,
237604,29-07-2016,2016-2017,2016-2017,AIE,RCPT,806236,16CCCE105130,16CCCE105130,No Information,General,School of Computing Science & Engineering,B.Tech (Hons) in Computer Science & Engineering with Specialization in Cloud Computing & Virtualizations,School of Computing Science,B.Tech in CSCC 2016-17 II Sem IV,2.22E+11,TUITION FEE,0,40000,0,0,0,0,0,0,0,
237605,29-07-2016,2016-2017,2016-2017,AIE,RCPT,806236,16CCCE105130,16CCCE105130,No Information,General,School of Computing Science & Engineering,B.Tech (Hons) in Computer Science & Engineering with Specialization in Cloud Computing & Virtualizations,School of Computing Science,B.Tech in CSCC 2016-17 II Sem IV,2.22E+11,Exam Fee,0,10000,0,0,0,0,0,0,0,
237606,29-07-2016,2016-2017,2016-2017,AIE,RCPT,799657,16CMAC102023,16CMAC102023,Alumni,General,School of Medical and Allied Sciences,Bachelor of Pharmacy,School of Medical and Allied Sciences,B.Pharm 2015-16 IV Sem VIII,2.12E+11,TUITION FEE,0,60000,0,0,0,0,0,0,0,
237607,29-07-2016,2016-2017,2016-2017,AIE,RCPT,742525,16CCCE101278,16CCCE101278,Alumni,General,School of Computing Science & Engineering,B.Tech/B.Tech (Hons) Computer Science Engineering,School of Computing Science,B.Tech in CSE 2016-17 IV Sem VIII,2.22E+11,TUITION FEE,0,134000,0,0,0,0,0,0,0,
237608,29-07-2016,2016-2017,2016-2017,AIE,RCPT,814160,15CBAC101064,15CBAC101064,Alumni,General,School of Basic & Applied Sciences,B.Sc.(Hons) Forensic Sciences,School of Basic,B.Sc.(Hons) Forensic Sciences 2015-16 III Sem VI,1.82E+11,Fine Fee,0,400,0,0,0,0,0,0,0,
237609,29-07-2016,2016-2017,2016-2017,AIE,RCPT,814332,15CBAC101037,15CBAC101037,Alumni,General,School of Basic & Applied Sciences,B.Sc.(Hons) Forensic Sciences,School of Basic,B.Sc.(Hons) Forensic Sciences 2015-16 III Sem VI,1.82E+11,Fine Fee,0,400,0,0,0,0,0,0,0,
237610,29-07-2016,2016-2017,2016-2017,AIE,RCPT,814541,15CBAC101003,15CBAC101003,Alumni,General,School of Basic & Applied Sciences,B.Sc.(Hons) Forensic Sciences,School of Basic,B.Sc.(Hons) Forensic Sciences 2015-16 III Sem VI,1.82E+11,Fine Fee,0,400,0,0,0,0,0,0,0,
237611,29-07-2016,2016-2017,2016-2017,AIE,RCPT,822360,15GPTC401031,15GPTC401031,Alumni,General,Gs Polytechnic,Diploma in Mechanical Engineering,Gs Polytechnic,MECHANICAL  ENGINEERING 2015-2016 III Sem VI,3.22E+11,Library Fine Fee,0,210,0,0,0,0,0,0,0,
237612,29-07-2016,2016-2017,2016-2017,AIE,RCPT,771640,15CCCE102002,15CCCE102002,Withdrawn,General,School of Computing Science & Engineering,BCA,School of Computing Science,BCA 2016-17 III Sem V,2.22E+11,Fine Fee,0,400,0,0,0,0,0,0,0,
237613,29-07-2016,2016-2017,2016-2017,AIE,RCPT,766895,15CECE101022,15CECE101022,Year Back,General,School of Electrical Electronics & Communication Engineering,B.Tech/B.Tech (Hons) Electrical & Electronics Engineering,School of Electrical  Electronics,Electrical and Electronics Engineering-2016-17 III Sem VI,2.42E+11,Fine Fee,0,400,0,0,0,0,0,0,0,
237614,29-07-2016,2016-2017,2016-2017,AIE,RCPT,828114,14CCCE104031,14CCCE104031,No Information,General,School of Computing Science & Engineering,BCA,School of Computing Science,BCA 2017-2018 III Sem VI,2.22E+11,Fine Fee,0,400,0,0,0,0,0,0,0,
237615,29-07-2016,2016-2017,2016-2017,AIE,RCPT,752842,16GCOH101027,16GCOH101027,Alumni,General,School of Hospitality,B.Sc (Hotel Management),School of Hospitality,Hospitality Management 2016-2017 IV Sem VII,2.02E+11,TUITION FEE,0,77000,0,0,0,0,0,0,0,
237616,29-07-2016,2016-2017,2016-2017,AIE,RCPT,752842,16GCOH101027,16GCOH101027,Alumni,General,School of Hospitality,B.Sc (Hotel Management),School of Hospitality,Hospitality Management 2016-2017 IV Sem VII,2.02E+11,Exam Fee,0,10000,0,0,0,0,0,0,0,
237617,29-07-2016,2016-2017,2016-2017,AIE,RCPT,814355,15CBAC101033,15CBAC101033,No Information,General,School of Basic & Applied Sciences,B.Sc.(Hons) Forensic Sciences,School of Basic,B.Sc.(Hons) Forensic Sciences 2015-16 III Sem VI,1.82E+11,Fine Fee,0,400,0,0,0,0,0,0,0,
237618,29-07-2016,2016-2017,2016-2017,AIE,RCPT,818634,15GCFC101088,15GCFC101088,Alumni,General,School of Finance & Commerce,B.Com. (Hons),School of Finance,B COM H-2015-16 IV Sem VII,1.72E+11,Fine Fee,0,400,0,0,0,0,0,0,0,
237619,29-07-2016,2016-2017,2016-2017,AIE,RCPT,822846,15CCME101257,15CCME101257,Alumni,General,School of Mechanical Engineering,B.Tech/B.Tech (Hons) Mechanical Engineering,School of Mechanical Engineering,ME 2014-2015 IV Sem VIII,2.32E+11,Fine Fee,0,400,0,0,0,0,0,0,0,
237620,29-07-2016,2016-2017,2016-2017,AIE,RCPT,826611,14CCCE107021,14CCCE107021,Alumni,General,School of Computing Science & Engineering,B.Tech (Hons) in Computer Science & Engineering with Specialization in Business Analytics,School of Computing Science,B.Tech in CSBA 2014-15 IV Sem VIII,2.22E+11,Library BookC Recieved,0,400,0,0,0,0,0,0,0,
237621,29-07-2016,2016-2017,2016-2017,AIE,RCPT,826612,14CCCE107021,14CCCE107021,Alumni,General,School of Computing Science & Engineering,B.Tech (Hons) in Computer Science & Engineering with Specialization in Business Analytics,School of Computing Science,B.Tech in CSBA 2014-15 IV Sem VIII,2.22E+11,Fine Fee,0,400,0,0,0,0,0,0,0,
237622,29-07-2016,2016-2017,2016-2017,AIE,RCPT,804565,16CCCE111019,16CCCE111019,No Information,General,School of Computing Science & Engineering,Integrated BCA + MCA,School of Computing Science,BCA + MCA  2016-17 II Sem IV,2.22E+11,TUITION FEE,0,77000,0,0,0,0,0,0,0,
237623,29-07-2016,2016-2017,2016-2017,AIE,RCPT,804565,16CCCE111019,16CCCE111019,No Information,General,School of Computing Science & Engineering,Integrated BCA + MCA,School of Computing Science,BCA + MCA  2016-17 II Sem IV,2.22E+11,Exam Fee,0,10000,0,0,0,0,0,0,0,
237624,29-07-2016,2016-2017,2016-2017,AIE,RCPT,814131,15CBAC101070,15CBAC101070,Alumni,General,School of Basic & Applied Sciences,B.Sc.(Hons) Forensic Sciences,School of Basic,B.Sc.(Hons) Forensic Sciences 2015-16 III Sem VI,1.82E+11,Fine Fee,0,400,0,0,0,0,0,0,0,
237625,29-07-2016,2016-2017,2016-2017,AIE,RCPT,771186,15CCCE104044,15CCCE104044,Alumni,General,School of Computing Science & Engineering,BCA,School of Computing Science,BCA 2016-17 IV Sem VII,2.22E+11,Library BookC Recieved,0,300,0,0,0,0,0,0,0,
237626,29-07-2016,2016-2017,2016-2017,AIE,RCPT,786372,15CCCE101026,15CCCE101026,Alumni,General,School of Computing Science & Engineering,B.Tech/B.Tech (Hons) Computer Science Engineering,School of Computing Science,B.Tech in CSE 2015-16 V Sem IX,2.22E+11,Fine Fee,0,400,0,0,0,0,0,0,0,
237627,30-07-2016,2016-2017,2016-2017,AIE,RCPT,751887,16GCOL102066,16GCOL102066,Active,General,School of Law,Integrated BA + LLB (Hons.),School of Law,BALLB 2016-2017 V SEM X,1.92E+11,TUITION FEE,0,70000,0,0,0,0,0,0,0,
237628,30-07-2016,2016-2017,2016-2017,AIE,RCPT,739049,16CCCE101527,16CCCE101527,Alumni,General,School of Computing Science & Engineering,B.Tech/B.Tech (Hons) Computer Science Engineering,School of Computing Science,B.Tech in CSE 2016-17 IV Sem VIII,2.22E+11,TUITION FEE,0,139000,0,0,0,0,0,0,0,
237629,30-07-2016,2016-2017,2016-2017,AIE,RCPT,804167,16CCCE112036,16CCCE112036,Alumni,General,School of Electrical Electronics & Communication Engineering,B.Tech/B.Tech (Hons) in Electronics and Communication Engineering with specialisation in Internet of Things(IOT),School of Electrical  Electronics,ELECTRONICS AND COMMUNICATION ENGINEERING-IOT-2016-17 IV Sem VIII,2.22E+11,TUITION FEE,0,149000,0,0,0,0,0,0,0,
237630,30-07-2016,2016-2017,2016-2017,AIE,RCPT,804167,16CCCE112036,16CCCE112036,Alumni,General,School of Electrical Electronics & Communication Engineering,B.Tech/B.Tech (Hons) in Electronics and Communication Engineering with specialisation in Internet of Things(IOT),School of Electrical  Electronics,ELECTRONICS AND COMMUNICATION ENGINEERING-IOT-2016-17 IV Sem VIII,2.22E+11,Exam Fee,0,10000,0,0,0,0,0,0,0,
237631,30-07-2016,2016-2017,2016-2017,AIE,RCPT,740026,16CCCE101453,16CCCE101453,Alumni,General,School of Computing Science & Engineering,B.Tech/B.Tech (Hons) Computer Science Engineering,School of Computing Science,B.Tech in CSE 2016-17 IV Sem VIII,2.22E+11,TUITION FEE,0,79000,0,0,0,0,0,0,0,
237632,30-07-2016,2016-2017,2016-2017,AIE,RCPT,799279,16CMAC103004,16CMAC103004,Alumni,General,School of Medical and Allied Sciences,Bachelor of Optometry,School of Medical and Allied Sciences,B.OPT 2015-16 IV Sem VIII,2.12E+11,TUITION FEE,0,50000,0,0,0,0,0,0,0,
237633,30-07-2016,2016-2017,2016-2017,AIE,RCPT,799279,16CMAC103004,16CMAC103004,Alumni,General,School of Medical and Allied Sciences,Bachelor of Optometry,School of Medical and Allied Sciences,B.OPT 2015-16 IV Sem VIII,2.12E+11,Exam Fee,0,10000,0,0,0,0,0,0,0,
237634,30-07-2016,2016-2017,2016-2017,AIE,RCPT,756665,16GCOB101165,16GCOB101165,Alumni,General,School of Business,Bachelor of Business Administration,School of Business,Bachelor of Business Administration 2016-17 IV Sem VII,1.32E+11,TUITION FEE,0,77000,0,0,0,0,0,0,0,
237635,30-07-2016,2016-2017,2016-2017,AIE,RCPT,756665,16GCOB101165,16GCOB101165,Alumni,General,School of Business,Bachelor of Business Administration,School of Business,Bachelor of Business Administration 2016-17 IV Sem VII,1.32E+11,Exam Fee,0,10000,0,0,0,0,0,0,0,
237636,30-07-2016,2016-2017,2016-2017,AIE,RCPT,756674,16GCOB101164,16GCOB101164,Alumni,General,School of Business,Bachelor of Business Administration,School of Business,Bachelor of Business Administration 2016-17 IV Sem VII,1.32E+11,TUITION FEE,0,77000,0,0,0,0,0,0,0,
237637,30-07-2016,2016-2017,2016-2017,AIE,RCPT,756674,16GCOB101164,16GCOB101164,Alumni,General,School of Business,Bachelor of Business Administration,School of Business,Bachelor of Business Administration 2016-17 IV Sem VII,1.32E+11,Exam Fee,0,10000,0,0,0,0,0,0,0,
237638,30-07-2016,2016-2017,2016-2017,AIE,RCPT,751791,16GCOL102079,16GCOL102079,No Information,General,School of Law,Integrated BA + LLB (Hons.),School of Law,BALLB  2016-2017 II Sem IV,1.92E+11,TUITION FEE,0,100000,0,0,0,0,0,0,0,
237639,30-07-2016,2016-2017,2016-2017,AIE,RCPT,751791,16GCOL102079,16GCOL102079,No Information,General,School of Law,Integrated BA + LLB (Hons.),School of Law,BALLB  2016-2017 II Sem IV,1.92E+11,Exam Fee,0,10000,0,0,0,0,0,0,0,
237640,30-07-2016,2016-2017,2016-2017,AIE,RCPT,747159,16CCME101161,16CCME101161,Alumni,General,School of Mechanical Engineering,B.Tech/B.Tech (Hons) Mechanical Engineering,School of Mechanical Engineering,ME 2016-2017 IV Sem VIII,2.32E+11,TUITION FEE,0,40000,0,0,0,0,0,0,0,
237641,30-07-2016,2016-2017,2016-2017,AIE,RCPT,746448,16CCME205004,16CCME205004,Alumni,General,School of Mechanical Engineering,M.Tech Automobile Engineering,School of Mechanical Engineering,M.Tech Automobile Engineering 2016-2017 II Sem IV,2.32E+11,TUITION FEE,0,77000,0,0,0,0,0,0,0,
237642,30-07-2016,2016-2017,2016-2017,AIE,RCPT,746448,16CCME205004,16CCME205004,Alumni,General,School of Mechanical Engineering,M.Tech Automobile Engineering,School of Mechanical Engineering,M.Tech Automobile Engineering 2016-2017 II Sem IV,2.32E+11,Exam Fee,0,10000,0,0,0,0,0,0,0,
237643,30-07-2016,2016-2017,2016-2017,AIE,RCPT,756651,16GCOB101166,16GCOB101166,Alumni,General,School of Business,Bachelor of Business Administration,School of Business,Bachelor of Business Administration 2016-17 IV Sem VII,1.32E+11,TUITION FEE,0,45000,0,0,0,0,0,0,0,
237644,30-07-2016,2016-2017,2016-2017,AIE,RCPT,750638,16GCON101010,16GCON101010,Alumni,General,School of Nursing,B.Sc. (Nursing),School of Nursing,B.Sc.(Nursing) 2016-2017 IV Sem VII,2.72E+11,TUITION FEE,0,50000,0,0,0,0,0,0,0,
237645,30-07-2016,2016-2017,2016-2017,AIE,RCPT,755030,16GCOB101344,16GCOB101344,Cancelled,General,School of Business,Bachelor of Business Administration,School of Business,Bachelor of Business Administration 2016-17 III Sem VI,2.22E+11,TUITION FEE,0,170000,0,0,0,0,0,0,0,Received from Online Payment
237646,30-07-2016,2016-2017,2016-2017,AIE,RCPT,755030,16GCOB101344,16GCOB101344,Cancelled,General,School of Business,Bachelor of Business Administration,School of Business,Bachelor of Business Administration 2016-17 III Sem VI,2.22E+11,Exam Fee,0,10000,0,0,0,0,0,0,0,Received from Online Payment
237647,30-07-2016,2016-2017,2016-2017,AIE,RCPT,750066,16CAHC102023,16CAHC102023,No Information,General,School of Humanities & Social Sciences,B.A (Hons) Economics,School of Humanities,BA (H) ECONOMICS 2016-17 II Sem IV,1.42E+11,TUITION FEE,0,50000,0,0,0,0,0,0,0,
237648,30-07-2016,2016-2017,2016-2017,AIE,RCPT,750066,16CAHC102023,16CAHC102023,No Information,General,School of Humanities & Social Sciences,B.A (Hons) Economics,School of Humanities,BA (H) ECONOMICS 2016-17 II Sem IV,1.42E+11,Exam Fee,0,10000,0,0,0,0,0,0,0,
237649,30-07-2016,2016-2017,2016-2017,AIE,RCPT,804156,16CCCE112037,16CCCE112037,Alumni,General,School of Computing Science & Engineering,B.Tech (Hons) Computer Science & Engineering with specialisation in Data Analytics,School of Computing Science,B.Tech in CSDA 2016-17 IV Sem VIII,2.22E+11,TUITION FEE,0,149000,0,0,0,0,0,0,0,
237650,30-07-2016,2016-2017,2016-2017,AIE,RCPT,804156,16CCCE112037,16CCCE112037,Alumni,General,School of Computing Science & Engineering,B.Tech (Hons) Computer Science & Engineering with specialisation in Data Analytics,School of Computing Science,B.Tech in CSDA 2016-17 IV Sem VIII,2.22E+11,Exam Fee,0,10000,0,0,0,0,0,0,0,
237651,30-07-2016,2016-2017,2016-2017,AIE,RCPT,758555,16GCFC101067,16GCFC101067,Alumni,General,School of Finance & Commerce,B.Com. (Hons),School of Finance,B COM H-2015-16 IV Sem VII,1.72E+11,TUITION FEE,0,70000,0,0,0,0,0,0,0,
237652,30-07-2016,2016-2017,2016-2017,AIE,RCPT,801367,16CECE103055,16CECE103055,Year Back,General,School of Electrical Electronics & Communication Engineering,B.Tech/B.Tech (Hons) Electronics & Communications Engineering,School of Electrical  Electronics,ELECTRONICS AND COMMUNICATION ENGINEERING-2016-17 III Sem VI,2.42E+11,TUITION FEE,0,30000,0,0,0,0,0,0,0,
237653,30-07-2016,2016-2017,2016-2017,AIE,RCPT,751789,16GCOL102080,16GCOL102080,Active,General,School of Law,Integrated BA + LLB (Hons.),School of Law,BALLB 2016-2017 V SEM X,1.92E+11,TUITION FEE,0,100000,0,0,0,0,0,0,0,
237654,30-07-2016,2016-2017,2016-2017,AIE,RCPT,751789,16GCOL102080,16GCOL102080,Active,General,School of Law,Integrated BA + LLB (Hons.),School of Law,BALLB 2016-2017 V SEM X,1.92E+11,Exam Fee,0,10000,0,0,0,0,0,0,0,
237655,30-07-2016,2016-2017,2016-2017,AIE,RCPT,739457,16CCCE101495,16CCCE101495,Alumni,General,School of Computing Science & Engineering,B.Tech/B.Tech (Hons) Computer Science Engineering,School of Computing Science,B.Tech in CSE 2016-17 IV Sem VIII,2.22E+11,TUITION FEE,0,129000,0,0,0,0,0,0,0,
237656,30-07-2016,2016-2017,2016-2017,AIE,RCPT,801357,16CECE103056,16CECE103056,Withdrawn,General,School of Electrical Electronics & Communication Engineering,B.Tech/B.Tech (Hons) Electronics & Communications Engineering,School of Electrical  Electronics,ELECTRONICS AND COMMUNICATION ENGINEERING-2016-17 III Sem VI,2.42E+11,TUITION FEE,0,149000,0,0,0,0,0,0,0,
237657,30-07-2016,2016-2017,2016-2017,AIE,RCPT,801357,16CECE103056,16CECE103056,Withdrawn,General,School of Electrical Electronics & Communication Engineering,B.Tech/B.Tech (Hons) Electronics & Communications Engineering,School of Electrical  Electronics,ELECTRONICS AND COMMUNICATION ENGINEERING-2016-17 III Sem VI,2.42E+11,Exam Fee,0,10000,0,0,0,0,0,0,0,
237658,30-07-2016,2016-2017,2016-2017,AIE,RCPT,749762,16CAHC105012,16CAHC105012,Alumni,General,School of Humanities & Social Sciences,B.A (Hons) Political Science,School of Humanities,BA (H) POL Science 2016-17 IV Sem VII,1.42E+11,TUITION FEE,0,50000,0,0,0,0,0,0,0,
237659,30-07-2016,2016-2017,2016-2017,AIE,RCPT,749762,16CAHC105012,16CAHC105012,Alumni,General,School of Humanities & Social Sciences,B.A (Hons) Political Science,School of Humanities,BA (H) POL Science 2016-17 IV Sem VII,1.42E+11,Exam Fee,0,10000,0,0,0,0,0,0,0,
237660,30-07-2016,2016-2017,2016-2017,AIE,RCPT,806495,16CCCE105102,16CCCE105102,Alumni,General,School of Computing Science & Engineering,B.Tech (Hons) in Computer Science & Engineering with Specialization in Cloud Computing & Virtualizations,School of Computing Science,B.Tech in CSCC 2016-17 IV Sem VIII,2.22E+11,TUITION FEE,0,100000,0,0,0,0,0,0,0,
237661,30-07-2016,2016-2017,2016-2017,AIE,RCPT,751781,16GCOL102081,16GCOL102081,Active,General,School of Law,Integrated BA + LLB (Hons.),School of Law,BALLB 2016-2017 V SEM X,1.92E+11,TUITION FEE,0,100000,0,0,0,0,0,0,0,
237662,30-07-2016,2016-2017,2016-2017,AIE,RCPT,751781,16GCOL102081,16GCOL102081,Active,General,School of Law,Integrated BA + LLB (Hons.),School of Law,BALLB 2016-2017 V SEM X,1.92E+11,Exam Fee,0,10000,0,0,0,0,0,0,0,
237663,30-07-2016,2016-2017,2016-2017,AIE,RCPT,741150,16CCCE101371,16CCCE101371,Alumni,General,School of Computing Science & Engineering,B.Tech/B.Tech (Hons) Computer Science Engineering,School of Computing Science,B.Tech in CSE 2016-17 IV Sem VIII,2.22E+11,TUITION FEE,0,109000,0,0,0,0,0,0,0,
237664,30-07-2016,2016-2017,2016-2017,AIE,RCPT,801388,16CECE103054,16CECE103054,Alumni,General,School of Electrical Electronics & Communication Engineering,B.Tech/B.Tech (Hons) Electronics & Communications Engineering,School of Electrical  Electronics,ELECTRONICS AND COMMUNICATION ENGINEERING-2016-17 IV Sem VIII,2.42E+11,TUITION FEE,0,149000,0,0,0,0,0,0,0,
237665,30-07-2016,2016-2017,2016-2017,AIE,RCPT,801388,16CECE103054,16CECE103054,Alumni,General,School of Electrical Electronics & Communication Engineering,B.Tech/B.Tech (Hons) Electronics & Communications Engineering,School of Electrical  Electronics,ELECTRONICS AND COMMUNICATION ENGINEERING-2016-17 IV Sem VIII,2.42E+11,Exam Fee,0,10000,0,0,0,0,0,0,0,
237666,30-07-2016,2016-2017,2016-2017,AIE,RCPT,762138,16GPTC404039,16GPTC404039,No Information,General,Gs Polytechnic,Diploma in Civil Engineering,Gs Polytechnic,CIVIL ENGINEERING 2016-2017 II Sem IV,3.22E+11,TUITION FEE,0,35000,0,0,0,0,0,0,0,
237667,30-07-2016,2016-2017,2016-2017,AIE,RCPT,762138,16GPTC404039,16GPTC404039,No Information,General,Gs Polytechnic,Diploma in Civil Engineering,Gs Polytechnic,CIVIL ENGINEERING 2016-2017 II Sem IV,3.22E+11,Exam Fee,0,10000,0,0,0,0,0,0,0,
237668,30-07-2016,2016-2017,2016-2017,AIE,RCPT,862370,12COL201008,12COL201008,Alumni,General,School of Law,Test,School of Design, ,1.92E+11,TUITION FEE,0,100000,0,0,0,0,0,0,0,
237669,30-07-2016,2016-2017,2016-2017,AIE,RCPT,862370,12COL201008,12COL201008,Alumni,General,School of Law,Test,School of Design, ,1.92E+11,Exam Fee,0,10000,0,0,0,0,0,0,0,
237670,30-07-2016,2016-2017,2016-2017,AIE,RCPT,862370,12COL201008,12COL201008,Alumni,General,School of Law,Test,School of Design, ,1.92E+11,Fine Fee,0,8000,0,0,0,0,0,0,0,
237671,30-07-2016,2016-2017,2016-2017,AIE,RCPT,812084,16CCCE101653,16CCCE101653,Alumni,General,School of Computing Science & Engineering,B.Tech/B.Tech (Hons) Computer Science Engineering,School of Computing Science,B.Tech in CSE 2016-17 IV Sem VIII,2.22E+11,TUITION FEE,0,149000,0,0,0,0,0,0,0,
237672,30-07-2016,2016-2017,2016-2017,AIE,RCPT,812084,16CCCE101653,16CCCE101653,Alumni,General,School of Computing Science & Engineering,B.Tech/B.Tech (Hons) Computer Science Engineering,School of Computing Science,B.Tech in CSE 2016-17 IV Sem VIII,2.22E+11,Exam Fee,0,10000,0,0,0,0,0,0,0,
237673,30-07-2016,2016-2017,2016-2017,AIE,RCPT,811994,16CCCE101658,16CCCE101658,Alumni,General,School of Computing Science & Engineering,B.Tech/B.Tech (Hons) Computer Science Engineering,School of Computing Science,B.Tech in CSE 2016-17 IV Sem VIII,2.22E+11,TUITION FEE,0,109000,0,0,0,0,0,0,0,
237674,30-07-2016,2016-2017,2016-2017,AIE,RCPT,758472,16GCFC101078,16GCFC101078,Withdrawn,General,School of Finance & Commerce,B.Com. (Hons),School of Finance,B COM H-2015-16 III Sem V,1.72E+11,TUITION FEE,0,95000,0,0,0,0,0,0,0,
237675,30-07-2016,2016-2017,2016-2017,AIE,RCPT,758472,16GCFC101078,16GCFC101078,Withdrawn,General,School of Finance & Commerce,B.Com. (Hons),School of Finance,B COM H-2015-16 III Sem V,1.72E+11,Exam Fee,0,10000,0,0,0,0,0,0,0,
237676,30-07-2016,2016-2017,2016-2017,AIE,RCPT,811966,16CCCE101660,16CCCE101660,Alumni,General,School of Computing Science & Engineering,B.Tech/B.Tech (Hons) Computer Science Engineering,School of Computing Science,B.Tech in CSE 2016-17 IV Sem VIII,2.22E+11,TUITION FEE,0,50000,0,0,0,0,0,0,0,
237677,30-07-2016,2016-2017,2016-2017,AIE,RCPT,748874,16CBAC203003,16CBAC203003,Alumni,General,School of Basic & Applied Sciences,M. Sc Chemistry,School of Basic,M.Sc. Chemistry 2016-17 II Sem IV,1.82E+11,TUITION FEE,0,46000,0,0,0,0,0,0,0,
237678,30-07-2016,2016-2017,2016-2017,AIE,RCPT,748874,16CBAC203003,16CBAC203003,Alumni,General,School of Basic & Applied Sciences,M. Sc Chemistry,School of Basic,M.Sc. Chemistry 2016-17 II Sem IV,1.82E+11,Exam Fee,0,10000,0,0,0,0,0,0,0,
237679,30-07-2016,2016-2017,2016-2017,AIE,RCPT,742758,16CCCE101261,16CCCE101261,Alumni,General,School of Computing Science & Engineering,B.Tech/B.Tech (Hons) Computer Science Engineering,School of Computing Science,B.Tech in CSE 2016-17 IV Sem VIII,2.22E+11,TUITION FEE,0,109000,0,0,0,0,0,0,0,
237680,30-07-2016,2016-2017,2016-2017,AIE,RCPT,748868,16CBAC203004,16CBAC203004,Alumni,General,School of Basic & Applied Sciences,M. Sc Chemistry,School of Basic,M.Sc. Chemistry 2016-17 II Sem IV,1.82E+11,TUITION FEE,0,40000,0,0,0,0,0,0,0,
237681,30-07-2016,2016-2017,2016-2017,AIE,RCPT,750291,16CAHC101018,16CAHC101018,Alumni,General,School of Humanities & Social Sciences,B.A(Hons) Applied Psychology,School of Humanities,BA (H)Applied Psychology 2016-17 IV Sem VII,1.42E+11,TUITION FEE,0,50000,0,0,0,0,0,0,0,
237682,30-07-2016,2016-2017,2016-2017,AIE,RCPT,750291,16CAHC101018,16CAHC101018,Alumni,General,School of Humanities & Social Sciences,B.A(Hons) Applied Psychology,School of Humanities,BA (H)Applied Psychology 2016-17 IV Sem VII,1.42E+11,Exam Fee,0,10000,0,0,0,0,0,0,0,
237683,30-07-2016,2016-2017,2016-2017,AIE,RCPT,747192,16CCME101159,16CCME101159,Year Back,General,School of Mechanical Engineering,B.Tech/B.Tech (Hons) Mechanical Engineering,School of Mechanical Engineering,ME 2016-2017 II Sem IV,2.32E+11,TUITION FEE,0,40000,0,0,0,0,0,0,0,
237684,30-07-2016,2016-2017,2016-2017,AIE,RCPT,747192,16CCME101159,16CCME101159,Year Back,General,School of Mechanical Engineering,B.Tech/B.Tech (Hons) Mechanical Engineering,School of Mechanical Engineering,ME 2016-2017 II Sem IV,2.32E+11,Exam Fee,0,10000,0,0,0,0,0,0,0,
237685,30-07-2016,2016-2017,2016-2017,AIE,RCPT,739244,16CCCE101513,16CCCE101513,Alumni,General,School of Computing Science & Engineering,B.Tech/B.Tech (Hons) Computer Science Engineering,School of Computing Science,B.Tech in CSE 2016-17 IV Sem VIII,2.22E+11,TUITION FEE,0,139000,0,0,0,0,0,0,0,
237686,30-07-2016,2016-2017,2016-2017,AIE,RCPT,749906,16CAHC103011,16CAHC103011,No Information,General,School of Humanities & Social Sciences,B.A (Hons) English,School of Humanities,BA (H) English 2016-17 II Sem IV,1.42E+11,TUITION FEE,0,50000,0,0,0,0,0,0,0,
237687,30-07-2016,2016-2017,2016-2017,AIE,RCPT,749906,16CAHC103011,16CAHC103011,No Information,General,School of Humanities & Social Sciences,B.A (Hons) English,School of Humanities,BA (H) English 2016-17 II Sem IV,1.42E+11,Exam Fee,0,10000,0,0,0,0,0,0,0,
237688,30-07-2016,2016-2017,2016-2017,AIE,RCPT,753026,16GCOE101001,16GCOE101001,Alumni,General,School of Education,Bachelor of Education (B.Ed.),School of Education,Bachelor of Education-2016-2017 II Sem IV,2.92E+11,TUITION FEE,0,30000,0,0,0,0,0,0,0,
237689,30-07-2016,2016-2017,2016-2017,AIE,RCPT,812039,16CCCE101655,16CCCE101655,Alumni,General,School of Computing Science & Engineering,B.Tech/B.Tech (Hons) Computer Science Engineering,School of Computing Science,B.Tech in CSE 2016-17 IV Sem VIII,2.22E+11,TUITION FEE,0,49000,0,0,0,0,0,0,0,
237690,30-07-2016,2016-2017,2016-2017,AIE,RCPT,806603,16CCCE105091,16CCCE105091,Alumni,General,School of Computing Science & Engineering,B.Tech (Hons) in Computer Science & Engineering with Specialization in Cloud Computing & Virtualizations,School of Computing Science,B.Tech in CSCC 2016-17 IV Sem VIII,2.22E+11,TUITION FEE,0,130000,0,0,0,0,0,0,0,
237691,30-07-2016,2016-2017,2016-2017,AIE,RCPT,759950,16GCCE101108,16GCCE101108,Alumni,General,School of Civil Engineering,B.Tech/B.Tech (Hons) Civil Engineering,School of Civil Engineering,B Tech Civil Engineering 2016-17 IV Sem VIII,3.12E+11,TUITION FEE,0,10000,0,0,0,0,0,0,0,
237692,30-07-2016,2016-2017,2016-2017,AIE,RCPT,747973,16CCME101086,16CCME101086,Alumni,General,School of Mechanical Engineering,B.Tech/B.Tech (Hons) Mechanical Engineering,School of Mechanical Engineering,ME 2016-2017 IV Sem VIII,2.32E+11,TUITION FEE,0,134000,0,0,0,0,0,0,0,
237693,30-07-2016,2016-2017,2016-2017,AIE,RCPT,749901,16CAHC103012,16CAHC103012,Alumni,General,School of Humanities & Social Sciences,B.A (Hons) English,School of Humanities,BA (H) English 2016-17 IV Sem VII,1.42E+11,TUITION FEE,0,50000,0,0,0,0,0,0,0,
237694,30-07-2016,2016-2017,2016-2017,AIE,RCPT,801436,16CECE103049,16CECE103049,No Information,General,School of Electrical Electronics & Communication Engineering,B.Tech/B.Tech (Hons) Electronics & Communications Engineering,School of Electrical  Electronics,B.Tech/B.Tech (Hons) Electronics & Comm. Engineering 2016-2017 I Sem II,2.42E+11,TUITION FEE,0,33000,0,0,0,0,0,0,0,
237695,30-07-2016,2016-2017,2016-2017,AIE,RCPT,812029,16CCCE101656,16CCCE101656,Alumni,General,School of Computing Science & Engineering,B.Tech/B.Tech (Hons) Computer Science Engineering,School of Computing Science,B.Tech in CSE 2016-17 IV Sem VIII,2.22E+11,TUITION FEE,0,149000,0,0,0,0,0,0,0,
237696,30-07-2016,2016-2017,2016-2017,AIE,RCPT,812029,16CCCE101656,16CCCE101656,Alumni,General,School of Computing Science & Engineering,B.Tech/B.Tech (Hons) Computer Science Engineering,School of Computing Science,B.Tech in CSE 2016-17 IV Sem VIII,2.22E+11,Exam Fee,0,10000,0,0,0,0,0,0,0,
237697,30-07-2016,2016-2017,2016-2017,AIE,RCPT,762704,16GPTC401039,16GPTC401039,Withdrawn,General,Gs Polytechnic,Diploma in Mechanical Engineering,Gs Polytechnic,MECHANICAL  ENGINEERING 2016-2017 III Sem V,3.22E+11,TUITION FEE,0,15000,0,0,0,0,0,0,0,
237698,30-07-2016,2016-2017,2016-2017,AIE,RCPT,811942,16CCCE101661,16CCCE101661,Alumni,General,School of Computing Science & Engineering,B.Tech/B.Tech (Hons) Computer Science Engineering,School of Computing Science,B.Tech in CSE 2016-17 IV Sem VIII,2.22E+11,TUITION FEE,0,50000,0,0,0,0,0,0,0,
237699,30-07-2016,2016-2017,2016-2017,AIE,RCPT,756644,16GCOB101167,16GCOB101167,No Information,General,School of Business,Bachelor of Business Administration,School of Business,Bachelor of Business Administration 2016-17 II Sem IV,1.32E+11,TUITION FEE,0,77000,0,0,0,0,0,0,0,
237700,30-07-2016,2016-2017,2016-2017,AIE,RCPT,756644,16GCOB101167,16GCOB101167,No Information,General,School of Business,Bachelor of Business Administration,School of Business,Bachelor of Business Administration 2016-17 II Sem IV,1.32E+11,Exam Fee,0,10000,0,0,0,0,0,0,0,
237701,30-07-2016,2016-2017,2016-2017,AIE,RCPT,812071,16CCCE101654,16CCCE101654,Alumni,General,School of Computing Science & Engineering,B.Tech/B.Tech (Hons) Computer Science Engineering,School of Computing Science,B.Tech in CSE 2016-17 IV Sem VIII,2.22E+11,TUITION FEE,0,149000,0,0,0,0,0,0,0,
237702,30-07-2016,2016-2017,2016-2017,AIE,RCPT,812071,16CCCE101654,16CCCE101654,Alumni,General,School of Computing Science & Engineering,B.Tech/B.Tech (Hons) Computer Science Engineering,School of Computing Science,B.Tech in CSE 2016-17 IV Sem VIII,2.22E+11,Exam Fee,0,10000,0,0,0,0,0,0,0,
237703,30-07-2016,2016-2017,2016-2017,AIE,RCPT,761508,16GPTC407006,16GPTC407006,Alumni,General,Gs Polytechnic,Diploma in Electronics & Communication Engineering,Gs Polytechnic,ELECTRONICS AND COMMUNICATION ENGINEERING 2016-2017 IV Sem VII,3.22E+11,TUITION FEE,0,35000,0,0,0,0,0,0,0,
237704,30-07-2016,2016-2017,2016-2017,AIE,RCPT,761508,16GPTC407006,16GPTC407006,Alumni,General,Gs Polytechnic,Diploma in Electronics & Communication Engineering,Gs Polytechnic,ELECTRONICS AND COMMUNICATION ENGINEERING 2016-2017 IV Sem VII,3.22E+11,Exam Fee,0,10000,0,0,0,0,0,0,0,
237705,30-07-2016,2016-2017,2016-2017,AIE,RCPT,811980,16CCCE101659,16CCCE101659,Alumni,General,School of Computing Science & Engineering,B.Tech/B.Tech (Hons) Computer Science Engineering,School of Computing Science,B.Tech in CSE 2016-17 IV Sem VIII,2.22E+11,TUITION FEE,0,20000,0,0,0,0,0,0,0,
237706,30-07-2016,2016-2017,2016-2017,AIE,RCPT,803206,16CCCE114029,16CCCE114029,Alumni,General,School of Computing Science & Engineering,B.Tech (Hons) Computer Science & Engineering with specialisation in Computer Network & Cyber Security,School of Computing Science,B.Tech in CSCN 2016-17 IV Sem VIII,2.22E+11,TUITION FEE,0,149000,0,0,0,0,0,0,0,
237707,30-07-2016,2016-2017,2016-2017,AIE,RCPT,803206,16CCCE114029,16CCCE114029,Alumni,General,School of Computing Science & Engineering,B.Tech (Hons) Computer Science & Engineering with specialisation in Computer Network & Cyber Security,School of Computing Science,B.Tech in CSCN 2016-17 IV Sem VIII,2.22E+11,Exam Fee,0,10000,0,0,0,0,0,0,0,
237708,30-07-2016,2016-2017,2016-2017,AIE,RCPT,807482,16CCCE105018,16CCCE105018,Alumni,General,School of Computing Science & Engineering,B.Tech (Hons) in Computer Science & Engineering with Specialization in Cloud Computing & Virtualizations,School of Computing Science,B.Tech in CSCC 2016-17 IV Sem VIII,2.22E+11,TUITION FEE,0,109000,0,0,0,0,0,0,0,
237709,30-07-2016,2016-2017,2016-2017,AIE,RCPT,762134,16GPTC404040,16GPTC404040,Alumni,General,Gs Polytechnic,Diploma in Civil Engineering,Gs Polytechnic,CIVIL ENGINEERING 2016-2017 IV Sem VII,3.22E+11,TUITION FEE,0,5000,0,0,0,0,0,0,0,
237710,30-07-2016,2016-2017,2016-2017,AIE,RCPT,759933,16GCCE101109,16GCCE101109,Alumni,General,School of Civil Engineering,B.Tech/B.Tech (Hons) Civil Engineering,School of Civil Engineering,B Tech Civil Engineering 2016-17 IV Sem VIII,3.12E+11,TUITION FEE,0,10000,0,0,0,0,0,0,0,
237711,30-07-2016,2016-2017,2016-2017,AIE,RCPT,991722,16CCCE101652,16CCCE101652,Alumni,General,School of Computing Science & Engineering,B.Tech/B.Tech (Hons) Computer Science Engineering,School of Computing Science,B.Tech in CSE 2016-17 IV Sem VIII,2.22E+11,TUITION FEE,0,149000,0,0,0,0,0,0,0,
237712,30-07-2016,2016-2017,2016-2017,AIE,RCPT,991722,16CCCE101652,16CCCE101652,Alumni,General,School of Computing Science & Engineering,B.Tech/B.Tech (Hons) Computer Science Engineering,School of Computing Science,B.Tech in CSE 2016-17 IV Sem VIII,2.22E+11,Exam Fee,0,10000,0,0,0,0,0,0,0,
237713,30-07-2016,2016-2017,2016-2017,AIE,RCPT,739208,16CCCE101515,16CCCE101515,Alumni,General,School of Computing Science & Engineering,B.Tech/B.Tech (Hons) Computer Science Engineering,School of Computing Science,B.Tech in CSE 2016-17 IV Sem VIII,2.22E+11,TUITION FEE,0,139000,0,0,0,0,0,0,0,
237714,30-07-2016,2016-2017,2016-2017,AIE,RCPT,747183,16CCME101160,16CCME101160,Alumni,General,School of Mechanical Engineering,B.Tech/B.Tech (Hons) Mechanical Engineering,School of Mechanical Engineering,ME 2016-2017 IV Sem VIII,2.32E+11,TUITION FEE,0,149000,0,0,0,0,0,0,0,
237715,30-07-2016,2016-2017,2016-2017,AIE,RCPT,747183,16CCME101160,16CCME101160,Alumni,General,School of Mechanical Engineering,B.Tech/B.Tech (Hons) Mechanical Engineering,School of Mechanical Engineering,ME 2016-2017 IV Sem VIII,2.32E+11,Exam Fee,0,10000,0,0,0,0,0,0,0,
237716,30-07-2016,2016-2017,2016-2017,AIE,RCPT,749372,16CBAC101046,16CBAC101046,Alumni,General,School of Basic & Applied Sciences,B.Sc.(Hons) Forensic Sciences,School of Basic,B.Sc.(Hons) Forensic Sciences IV Sem VII,1.82E+11,TUITION FEE,0,40000,0,0,0,0,0,0,0,
237717,30-07-2016,2016-2017,2016-2017,AIE,RCPT,812018,16CCCE101657,16CCCE101657,Alumni,General,School of Computing Science & Engineering,B.Tech/B.Tech (Hons) Computer Science Engineering,School of Computing Science,B.Tech in CSE 2016-17 IV Sem VIII,2.22E+11,TUITION FEE,0,149000,0,0,0,0,0,0,0,
237718,30-07-2016,2016-2017,2016-2017,AIE,RCPT,812018,16CCCE101657,16CCCE101657,Alumni,General,School of Computing Science & Engineering,B.Tech/B.Tech (Hons) Computer Science Engineering,School of Computing Science,B.Tech in CSE 2016-17 IV Sem VIII,2.22E+11,Exam Fee,0,10000,0,0,0,0,0,0,0,
237719,30-07-2016,2016-2017,2016-2017,AIE,RCPT,742407,16CCCE101285,16CCCE101285,Alumni,General,School of Computing Science & Engineering,B.Tech/B.Tech (Hons) Computer Science Engineering,School of Computing Science,B.Tech in CSE 2016-17 IV Sem VIII,2.22E+11,TUITION FEE,0,10000,0,0,0,0,0,0,0,
237720,30-07-2016,2016-2017,2016-2017,AIE,RCPT,749368,16CBAC101047,16CBAC101047,Alumni,General,School of Basic & Applied Sciences,B.Sc.(Hons) Forensic Sciences,School of Basic,B.Sc.(Hons) Forensic Sciences IV Sem VII,1.82E+11,TUITION FEE,0,50000,0,0,0,0,0,0,0,
237721,30-07-2016,2016-2017,2016-2017,AIE,RCPT,749368,16CBAC101047,16CBAC101047,Alumni,General,School of Basic & Applied Sciences,B.Sc.(Hons) Forensic Sciences,School of Basic,B.Sc.(Hons) Forensic Sciences IV Sem VII,1.82E+11,Exam Fee,0,10000,0,0,0,0,0,0,0,
237722,30-07-2016,2016-2017,2016-2017,AIE,RCPT,750931,16GCOL103069,16GCOL103069,Active,General,School of Law,Integrated BBA + LLB (Hons.),School of Law,BBALLB 2016-2017 V SEM X,1.92E+11,TUITION FEE,0,82000,0,0,0,0,0,0,0,
237723,30-07-2016,2016-2017,2016-2017,AIE,RCPT,750931,16GCOL103069,16GCOL103069,Active,General,School of Law,Integrated BBA + LLB (Hons.),School of Law,BBALLB 2016-2017 V SEM X,1.92E+11,Exam Fee,0,10000,0,0,0,0,0,0,0,
237724,30-07-2016,2016-2017,2016-2017,AIE,RCPT,751042,16GCOL103055,16GCOL103055,No Information,General,School of Law,Test,School of Design, ,1.92E+11,TUITION FEE,0,90000,0,0,0,0,0,0,0,
237725,30-07-2016,2016-2017,2016-2017,AIE,RCPT,750072,16CAHC102022,16CAHC102022,Alumni,General,School of Humanities & Social Sciences,B.A (Hons) Economics,School of Humanities,BA (H) ECONOMICS 2016-17 IV Sem VII,1.42E+11,TUITION FEE,0,50000,0,0,0,0,0,0,0,
237726,30-07-2016,2016-2017,2016-2017,AIE,RCPT,750072,16CAHC102022,16CAHC102022,Alumni,General,School of Humanities & Social Sciences,B.A (Hons) Economics,School of Humanities,BA (H) ECONOMICS 2016-17 IV Sem VII,1.42E+11,Exam Fee,0,10000,0,0,0,0,0,0,0,
237727,30-07-2016,2016-2017,2016-2017,AIE,RCPT,759967,16GCCE101107,16GCCE101107,Alumni,General,School of Civil Engineering,B.Tech/B.Tech (Hons) Civil Engineering,School of Civil Engineering,B Tech Civil Engineering 2016-17 IV Sem VIII,3.12E+11,TUITION FEE,0,80000,0,0,0,0,0,0,0,
237728,30-07-2016,2016-2017,2016-2017,AIE,RCPT,754098,16GCOB201072,16GCOB201072,Alumni,General,School of Business,MBA in dual specialization ,School of Business,MBA 2016-2017 II Sem IV,1.32E+11,TUITION FEE,0,139000,0,0,0,0,0,0,0,
237729,30-07-2016,2016-2017,2016-2017,AIE,RCPT,754098,16GCOB201072,16GCOB201072,Alumni,General,School of Business,MBA in dual specialization ,School of Business,MBA 2016-2017 II Sem IV,1.32E+11,Ajustable_Excess_Amount,0,10000,0,0,0,0,0,0,0,
237730,30-07-2016,2016-2017,2016-2017,AIE,RCPT,761397,16GPTC408012,16GPTC408012,Alumni,General,Gs Polytechnic,Diploma in Electrical Engineering,Gs Polytechnic,ELECTRICAL ENGINEERING 2016-2017 IV Sem VII,3.22E+11,TUITION FEE,0,35000,0,0,0,0,0,0,0,
237731,30-07-2016,2016-2017,2016-2017,AIE,RCPT,761397,16GPTC408012,16GPTC408012,Alumni,General,Gs Polytechnic,Diploma in Electrical Engineering,Gs Polytechnic,ELECTRICAL ENGINEERING 2016-2017 IV Sem VII,3.22E+11,Exam Fee,0,10000,0,0,0,0,0,0,0,
237732,30-07-2016,2016-2017,2016-2017,AIE,RCPT,761707,16GPTC406034,16GPTC406034,Alumni,General,Gs Polytechnic,Diploma in Computer Science & Engineering,Gs Polytechnic,COMPUTER SCIENCE  ENGINEERING 2015-2016 III Sem VI,3.22E+11,TUITION FEE,0,35000,0,0,0,0,0,0,0,
237733,30-07-2016,2016-2017,2016-2017,AIE,RCPT,761707,16GPTC406034,16GPTC406034,Alumni,General,Gs Polytechnic,Diploma in Computer Science & Engineering,Gs Polytechnic,COMPUTER SCIENCE  ENGINEERING 2015-2016 III Sem VI,3.22E+11,Exam Fee,0,10000,0,0,0,0,0,0,0,
237734,31-07-2016,2016-2017,2016-2017,AIE,REVDUE,607544,15GCOA101003,15GCOA101003,No Information,General,School of Architecture,B.Arch,School of Architecture,B.Arch 2015-2016 I Sem II,,TUITION FEE,0,0,0,0,0,175000,0,0,0,DUE REVERCE
237735,31-07-2016,2016-2017,2016-2017,AIE,REVDUE,607544,15GCOA101003,15GCOA101003,No Information,General,School of Architecture,B.Arch,School of Architecture,B.Arch 2015-2016 I Sem II,,Exam Fee,0,0,0,0,0,10000,0,0,0,DUE REVERCE
237736,31-07-2016,2016-2017,2016-2017,AIE,PMT,996146,15GCOA101003,15GCOA101003,No Information,General,School of Architecture,B.Arch,School of Architecture,B.Arch 2015-2016 I Sem II,,TUITION FEE,0,0,0,0,0,0,0,-175000,0,
237737,31-07-2016,2016-2017,2016-2017,AIE,PMT,996146,15GCOA101003,15GCOA101003,No Information,General,School of Architecture,B.Arch,School of Architecture,B.Arch 2015-2016 I Sem II,,Exam Fee,0,0,0,0,0,0,0,-10000,0,
237738,31-07-2016,2016-2017,2016-2017,AIE,RCPT,757324,16GCOB101078,16GCOB101078,Alumni,General,School of Business,Bachelor of Business Administration,School of Business,Bachelor of Business Administration 2016-17 III Sem VI,1.32E+11,TUITION FEE,0,47000,0,0,0,0,0,0,0,
237739,31-07-2016,2016-2017,2016-2017,AIE,RCPT,838798,14GCON101013,14GCON101013,Alumni,General,School of Nursing,B.Sc. (Nursing),School of Nursing,B.Sc.(Nursing) 2015-2016 IV Sem VII,2.72E+11,TUITION FEE,0,30000,0,0,0,0,0,0,0,
237740,31-07-2016,2016-2017,2016-2017,AIE,RCPT,797735,16COCE1010001,16COCE1010001,Active,General,School of Civil Engineering,B.Tech/B.Tech (Hons) Civil Engineering,School of Civil Engineering,B.Tech/B.Tech (Hons) Civil Engineering 2017-2018 IV Sem VIII,2.22E+11,TUITION FEE,0,109000,0,0,0,0,0,0,0,
237741,1/8/2016,2016-2017,2016-2017,AIE,DUE,460564,16CCCE101837,16CCCE101837,Active,General,School of Computing Science & Engineering,B.Tech/B.Tech (Hons) Computer Science Engineering,School of Computing Science,B.Tech in CSE 2016-17 IV Sem VIII,,TUITION FEE,149000,0,0,0,0,0,0,0,0,DUE
237742,1/8/2016,2016-2017,2016-2017,AIE,DUE,460564,16CCCE101837,16CCCE101837,Active,General,School of Computing Science & Engineering,B.Tech/B.Tech (Hons) Computer Science Engineering,School of Computing Science,B.Tech in CSE 2016-17 IV Sem VIII,,Exam Fee,10000,0,0,0,0,0,0,0,0,DUE
237743,1/8/2016,2016-2017,2016-2017,AIE,DUE,460564,16CCCE101837,16CCCE101837,Active,General,School of Computing Science & Engineering,B.Tech/B.Tech (Hons) Computer Science Engineering,School of Computing Science,B.Tech in CSE 2016-17 IV Sem VIII,,Library BookC Recieved,1400,0,0,0,0,0,0,0,0,DUE
237744,1/8/2016,2016-2017,2016-2017,AIE,DUE,460535,16CCCE101830,16CCCE101830,Alumni,General,School of Computing Science & Engineering,B.Tech/B.Tech (Hons) Computer Science Engineering,School of Computing Science,B.Tech in CSE 2016-17 IV Sem VIII,,TUITION FEE,149000,0,0,0,0,0,0,0,0,DUE
237745,1/8/2016,2016-2017,2016-2017,AIE,DUE,460535,16CCCE101830,16CCCE101830,Alumni,General,School of Computing Science & Engineering,B.Tech/B.Tech (Hons) Computer Science Engineering,School of Computing Science,B.Tech in CSE 2016-17 IV Sem VIII,,Exam Fee,10000,0,0,0,0,0,0,0,0,DUE
237746,1/8/2016,2016-2017,2016-2017,AIE,DUE,460535,16CCCE101830,16CCCE101830,Alumni,General,School of Computing Science & Engineering,B.Tech/B.Tech (Hons) Computer Science Engineering,School of Computing Science,B.Tech in CSE 2016-17 IV Sem VIII,,Library BookC Recieved,1899,0,0,0,0,0,0,0,0,DUE
237747,1/8/2016,2016-2017,2016-2017,AIE,DUE,456939,16CCCE101016,16CCCE101016,Withdrawn,General,School of Computing Science & Engineering,B.Tech/B.Tech (Hons) Computer Science Engineering,School of Computing Science,B.Tech in CSE 2016-17 III Sem V,,TUITION FEE,149000,0,0,0,0,0,0,0,0,DUE
237748,1/8/2016,2016-2017,2016-2017,AIE,DUE,456939,16CCCE101016,16CCCE101016,Withdrawn,General,School of Computing Science & Engineering,B.Tech/B.Tech (Hons) Computer Science Engineering,School of Computing Science,B.Tech in CSE 2016-17 III Sem V,,Exam Fee,10000,0,0,0,0,0,0,0,0,DUE
237749,1/8/2016,2016-2017,2016-2017,AIE,DUE,456939,16CCCE101016,16CCCE101016,Withdrawn,General,School of Computing Science & Engineering,B.Tech/B.Tech (Hons) Computer Science Engineering,School of Computing Science,B.Tech in CSE 2016-17 III Sem V,,Library BookC Recieved,1400,0,0,0,0,0,0,0,0,DUE
237750,1/8/2016,2016-2017,2016-2017,AIE,DUE,459482,16CCCE101585,16CCCE101585,Year Back,General,School of Computing Science & Engineering,B.Tech/B.Tech (Hons) Computer Science Engineering,School of Computing Science,B.Tech in CSE 2016-17 II Sem IV,,TUITION FEE,149000,0,0,0,0,0,0,0,0,DUE
237751,1/8/2016,2016-2017,2016-2017,AIE,DUE,459482,16CCCE101585,16CCCE101585,Year Back,General,School of Computing Science & Engineering,B.Tech/B.Tech (Hons) Computer Science Engineering,School of Computing Science,B.Tech in CSE 2016-17 II Sem IV,,Exam Fee,10000,0,0,0,0,0,0,0,0,DUE
237752,1/8/2016,2016-2017,2016-2017,AIE,DUE,459482,16CCCE101585,16CCCE101585,Year Back,General,School of Computing Science & Engineering,B.Tech/B.Tech (Hons) Computer Science Engineering,School of Computing Science,B.Tech in CSE 2016-17 II Sem IV,,Library BookC Recieved,1400,0,0,0,0,0,0,0,0,DUE
237753,1/8/2016,2016-2017,2016-2017,AIE,DUE,456699,16CCME101174,16CCME101174,Alumni,General,School of Mechanical Engineering,B.Tech/B.Tech (Hons) Mechanical Engineering,School of Mechanical Engineering,ME 2016-2017 IV Sem VIII,,TUITION FEE,149000,0,0,0,0,0,0,0,0,DUE
237754,1/8/2016,2016-2017,2016-2017,AIE,DUE,456699,16CCME101174,16CCME101174,Alumni,General,School of Mechanical Engineering,B.Tech/B.Tech (Hons) Mechanical Engineering,School of Mechanical Engineering,ME 2016-2017 IV Sem VIII,,Exam Fee,10000,0,0,0,0,0,0,0,0,DUE
237755,1/8/2016,2016-2017,2016-2017,AIE,DUE,456699,16CCME101174,16CCME101174,Alumni,General,School of Mechanical Engineering,B.Tech/B.Tech (Hons) Mechanical Engineering,School of Mechanical Engineering,ME 2016-2017 IV Sem VIII,,Library BookC Recieved,1899,0,0,0,0,0,0,0,0,DUE
237756,1/8/2016,2016-2017,2016-2017,AIE,DUE,459488,16CCCE101586,16CCCE101586,Alumni,General,School of Computing Science & Engineering,B.Tech/B.Tech (Hons) Computer Science Engineering,School of Computing Science,B.Tech in CSE 2016-17 IV Sem VIII,,TUITION FEE,149000,0,0,0,0,0,0,0,0,DUE
237757,1/8/2016,2016-2017,2016-2017,AIE,DUE,459488,16CCCE101586,16CCCE101586,Alumni,General,School of Computing Science & Engineering,B.Tech/B.Tech (Hons) Computer Science Engineering,School of Computing Science,B.Tech in CSE 2016-17 IV Sem VIII,,Exam Fee,10000,0,0,0,0,0,0,0,0,DUE
237758,1/8/2016,2016-2017,2016-2017,AIE,DUE,459488,16CCCE101586,16CCCE101586,Alumni,General,School of Computing Science & Engineering,B.Tech/B.Tech (Hons) Computer Science Engineering,School of Computing Science,B.Tech in CSE 2016-17 IV Sem VIII,,Library BookC Recieved,1400,0,0,0,0,0,0,0,0,DUE
237759,1/8/2016,2016-2017,2016-2017,AIE,DUE,459494,16CCCE101587,16CCCE101587,Alumni,General,School of Computing Science & Engineering,B.Tech/B.Tech (Hons) Computer Science Engineering,School of Computing Science,B.Tech in CSE 2016-17 IV Sem VIII,,TUITION FEE,149000,0,0,0,0,0,0,0,0,DUE
237760,1/8/2016,2016-2017,2016-2017,AIE,DUE,459494,16CCCE101587,16CCCE101587,Alumni,General,School of Computing Science & Engineering,B.Tech/B.Tech (Hons) Computer Science Engineering,School of Computing Science,B.Tech in CSE 2016-17 IV Sem VIII,,Exam Fee,10000,0,0,0,0,0,0,0,0,DUE
237761,1/8/2016,2016-2017,2016-2017,AIE,DUE,459494,16CCCE101587,16CCCE101587,Alumni,General,School of Computing Science & Engineering,B.Tech/B.Tech (Hons) Computer Science Engineering,School of Computing Science,B.Tech in CSE 2016-17 IV Sem VIII,,Library BookC Recieved,1899,0,0,0,0,0,0,0,0,DUE
237762,1/8/2016,2016-2017,2016-2017,AIE,DUE,460546,16CCCE101833,16CCCE101833,Alumni,General,School of Computing Science & Engineering,B.Tech/B.Tech (Hons) Computer Science Engineering,School of Computing Science,B.Tech in CSE 2016-17 IV Sem VIII,,TUITION FEE,149000,0,0,0,0,0,0,0,0,DUE
237763,1/8/2016,2016-2017,2016-2017,AIE,DUE,460546,16CCCE101833,16CCCE101833,Alumni,General,School of Computing Science & Engineering,B.Tech/B.Tech (Hons) Computer Science Engineering,School of Computing Science,B.Tech in CSE 2016-17 IV Sem VIII,,Exam Fee,10000,0,0,0,0,0,0,0,0,DUE
237764,1/8/2016,2016-2017,2016-2017,AIE,DUE,460546,16CCCE101833,16CCCE101833,Alumni,General,School of Computing Science & Engineering,B.Tech/B.Tech (Hons) Computer Science Engineering,School of Computing Science,B.Tech in CSE 2016-17 IV Sem VIII,,Library BookC Recieved,1400,0,0,0,0,0,0,0,0,DUE
237765,1/8/2016,2016-2017,2016-2017,AIE,DUE,460560,16CCCE101836,16CCCE101836,Alumni,General,School of Computing Science & Engineering,B.Tech/B.Tech (Hons) Computer Science Engineering,School of Computing Science,B.Tech in CSE 2016-17 IV Sem VIII,,TUITION FEE,149000,0,0,0,0,0,0,0,0,DUE
237766,1/8/2016,2016-2017,2016-2017,AIE,DUE,460560,16CCCE101836,16CCCE101836,Alumni,General,School of Computing Science & Engineering,B.Tech/B.Tech (Hons) Computer Science Engineering,School of Computing Science,B.Tech in CSE 2016-17 IV Sem VIII,,Exam Fee,10000,0,0,0,0,0,0,0,0,DUE
237767,1/8/2016,2016-2017,2016-2017,AIE,DUE,460560,16CCCE101836,16CCCE101836,Alumni,General,School of Computing Science & Engineering,B.Tech/B.Tech (Hons) Computer Science Engineering,School of Computing Science,B.Tech in CSE 2016-17 IV Sem VIII,,Library BookC Recieved,1899,0,0,0,0,0,0,0,0,DUE
237768,1/8/2016,2016-2017,2016-2017,AIE,DUE,460555,16CCCE101834,16CCCE101834,Alumni,General,School of Computing Science & Engineering,B.Tech/B.Tech (Hons) Computer Science Engineering,School of Computing Science,B.Tech in CSE 2016-17 IV Sem VIII,,TUITION FEE,149000,0,0,0,0,0,0,0,0,DUE
237769,1/8/2016,2016-2017,2016-2017,AIE,DUE,460555,16CCCE101834,16CCCE101834,Alumni,General,School of Computing Science & Engineering,B.Tech/B.Tech (Hons) Computer Science Engineering,School of Computing Science,B.Tech in CSE 2016-17 IV Sem VIII,,Exam Fee,10000,0,0,0,0,0,0,0,0,DUE
237770,1/8/2016,2016-2017,2016-2017,AIE,DUE,460555,16CCCE101834,16CCCE101834,Alumni,General,School of Computing Science & Engineering,B.Tech/B.Tech (Hons) Computer Science Engineering,School of Computing Science,B.Tech in CSE 2016-17 IV Sem VIII,,Library BookC Recieved,1400,0,0,0,0,0,0,0,0,DUE
237771,1/8/2016,2016-2017,2016-2017,AIE,DUE,460541,16CCCE101832,16CCCE101832,Alumni,General,School of Computing Science & Engineering,B.Tech/B.Tech (Hons) Computer Science Engineering,School of Computing Science,B.Tech in CSE 2016-17 IV Sem VIII,,TUITION FEE,149000,0,0,0,0,0,0,0,0,DUE
237772,1/8/2016,2016-2017,2016-2017,AIE,DUE,460541,16CCCE101832,16CCCE101832,Alumni,General,School of Computing Science & Engineering,B.Tech/B.Tech (Hons) Computer Science Engineering,School of Computing Science,B.Tech in CSE 2016-17 IV Sem VIII,,Exam Fee,10000,0,0,0,0,0,0,0,0,DUE
237773,1/8/2016,2016-2017,2016-2017,AIE,DUE,460541,16CCCE101832,16CCCE101832,Alumni,General,School of Computing Science & Engineering,B.Tech/B.Tech (Hons) Computer Science Engineering,School of Computing Science,B.Tech in CSE 2016-17 IV Sem VIII,,Library BookC Recieved,1899,0,0,0,0,0,0,0,0,DUE
237774,1/8/2016,2016-2017,2016-2017,AIE,DUE,459524,16CCCE101598,16CCCE101598,Alumni,General,School of Computing Science & Engineering,B.Tech/B.Tech (Hons) Computer Science Engineering,School of Computing Science,B.Tech in CSE 2016-17 IV Sem VIII,,TUITION FEE,149000,0,0,0,0,0,0,0,0,DUE
237775,1/8/2016,2016-2017,2016-2017,AIE,DUE,459524,16CCCE101598,16CCCE101598,Alumni,General,School of Computing Science & Engineering,B.Tech/B.Tech (Hons) Computer Science Engineering,School of Computing Science,B.Tech in CSE 2016-17 IV Sem VIII,,Exam Fee,10000,0,0,0,0,0,0,0,0,DUE
237776,1/8/2016,2016-2017,2016-2017,AIE,DUE,459524,16CCCE101598,16CCCE101598,Alumni,General,School of Computing Science & Engineering,B.Tech/B.Tech (Hons) Computer Science Engineering,School of Computing Science,B.Tech in CSE 2016-17 IV Sem VIII,,Library BookC Recieved,1899,0,0,0,0,0,0,0,0,DUE
237777,1/8/2016,2016-2017,2016-2017,AIE,DUE,459553,16CCCE101610,16CCCE101610,Alumni,General,School of Computing Science & Engineering,B.Tech/B.Tech (Hons) Computer Science Engineering,School of Computing Science,B.Tech in CSE 2016-17 IV Sem VIII,,TUITION FEE,149000,0,0,0,0,0,0,0,0,DUE
237778,1/8/2016,2016-2017,2016-2017,AIE,DUE,459553,16CCCE101610,16CCCE101610,Alumni,General,School of Computing Science & Engineering,B.Tech/B.Tech (Hons) Computer Science Engineering,School of Computing Science,B.Tech in CSE 2016-17 IV Sem VIII,,Exam Fee,10000,0,0,0,0,0,0,0,0,DUE
237779,1/8/2016,2016-2017,2016-2017,AIE,DUE,459553,16CCCE101610,16CCCE101610,Alumni,General,School of Computing Science & Engineering,B.Tech/B.Tech (Hons) Computer Science Engineering,School of Computing Science,B.Tech in CSE 2016-17 IV Sem VIII,,Library BookC Recieved,1899,0,0,0,0,0,0,0,0,DUE
237780,1/8/2016,2016-2017,2016-2017,AIE,DUE,459556,16CCCE101611,16CCCE101611,No Information,General,School of Computing Science & Engineering,B.Tech/B.Tech (Hons) Computer Science Engineering,School of Computing Science,B.Tech in CSE 2016-17 II Sem IV,,TUITION FEE,149000,0,0,0,0,0,0,0,0,DUE
237781,1/8/2016,2016-2017,2016-2017,AIE,DUE,459556,16CCCE101611,16CCCE101611,No Information,General,School of Computing Science & Engineering,B.Tech/B.Tech (Hons) Computer Science Engineering,School of Computing Science,B.Tech in CSE 2016-17 II Sem IV,,Exam Fee,10000,0,0,0,0,0,0,0,0,DUE
237782,1/8/2016,2016-2017,2016-2017,AIE,DUE,459556,16CCCE101611,16CCCE101611,No Information,General,School of Computing Science & Engineering,B.Tech/B.Tech (Hons) Computer Science Engineering,School of Computing Science,B.Tech in CSE 2016-17 II Sem IV,,Library BookC Recieved,1400,0,0,0,0,0,0,0,0,DUE
237783,1/8/2016,2016-2017,2016-2017,AIE,DUE,459558,16CCCE101612,16CCCE101612,Alumni,General,School of Computing Science & Engineering,B.Tech/B.Tech (Hons) Computer Science Engineering,School of Computing Science,B.Tech in CSE 2016-17 IV Sem VIII,,TUITION FEE,149000,0,0,0,0,0,0,0,0,DUE
237784,1/8/2016,2016-2017,2016-2017,AIE,DUE,459558,16CCCE101612,16CCCE101612,Alumni,General,School of Computing Science & Engineering,B.Tech/B.Tech (Hons) Computer Science Engineering,School of Computing Science,B.Tech in CSE 2016-17 IV Sem VIII,,Exam Fee,10000,0,0,0,0,0,0,0,0,DUE
237785,1/8/2016,2016-2017,2016-2017,AIE,DUE,459558,16CCCE101612,16CCCE101612,Alumni,General,School of Computing Science & Engineering,B.Tech/B.Tech (Hons) Computer Science Engineering,School of Computing Science,B.Tech in CSE 2016-17 IV Sem VIII,,Library BookC Recieved,1899,0,0,0,0,0,0,0,0,DUE
237786,1/8/2016,2016-2017,2016-2017,AIE,DUE,459558,16CCCE101612,16CCCE101612,Alumni,General,School of Computing Science & Engineering,B.Tech/B.Tech (Hons) Computer Science Engineering,School of Computing Science,B.Tech in CSE 2016-17 IV Sem VIII,,Sport Activity Received,500,0,0,0,0,0,0,0,0,DUE
237787,1/8/2016,2016-2017,2016-2017,AIE,DUE,456707,16CCME101175,16CCME101175,Year Back,General,School of Mechanical Engineering,B.Tech/B.Tech (Hons) Mechanical Engineering,School of Mechanical Engineering,ME 2016-2017 III Sem V,,TUITION FEE,149000,0,0,0,0,0,0,0,0,DUE
237788,1/8/2016,2016-2017,2016-2017,AIE,DUE,456707,16CCME101175,16CCME101175,Year Back,General,School of Mechanical Engineering,B.Tech/B.Tech (Hons) Mechanical Engineering,School of Mechanical Engineering,ME 2016-2017 III Sem V,,Exam Fee,10000,0,0,0,0,0,0,0,0,DUE
237789,1/8/2016,2016-2017,2016-2017,AIE,DUE,456707,16CCME101175,16CCME101175,Year Back,General,School of Mechanical Engineering,B.Tech/B.Tech (Hons) Mechanical Engineering,School of Mechanical Engineering,ME 2016-2017 III Sem V,,Library BookC Recieved,1400,0,0,0,0,0,0,0,0,DUE
237790,1/8/2016,2016-2017,2016-2017,AIE,DUE,460501,16CCCE101823,16CCCE101823,Alumni,General,School of Computing Science & Engineering,B.Tech/B.Tech (Hons) Computer Science Engineering,School of Computing Science,B.Tech in CSE 2016-17 IV Sem VIII,,TUITION FEE,149000,0,0,0,0,0,0,0,0,DUE
237791,1/8/2016,2016-2017,2016-2017,AIE,DUE,460501,16CCCE101823,16CCCE101823,Alumni,General,School of Computing Science & Engineering,B.Tech/B.Tech (Hons) Computer Science Engineering,School of Computing Science,B.Tech in CSE 2016-17 IV Sem VIII,,Exam Fee,10000,0,0,0,0,0,0,0,0,DUE
237792,1/8/2016,2016-2017,2016-2017,AIE,DUE,460501,16CCCE101823,16CCCE101823,Alumni,General,School of Computing Science & Engineering,B.Tech/B.Tech (Hons) Computer Science Engineering,School of Computing Science,B.Tech in CSE 2016-17 IV Sem VIII,,Library BookC Recieved,1899,0,0,0,0,0,0,0,0,DUE
237793,1/8/2016,2016-2017,2016-2017,AIE,DUE,459548,16CCCE101609,16CCCE101609,No Information,General,School of Computing Science & Engineering,B.Tech/B.Tech (Hons) Computer Science Engineering,School of Computing Science,B.Tech in CSE 2016-17 II Sem IV,,TUITION FEE,149000,0,0,0,0,0,0,0,0,DUE
237794,1/8/2016,2016-2017,2016-2017,AIE,DUE,459548,16CCCE101609,16CCCE101609,No Information,General,School of Computing Science & Engineering,B.Tech/B.Tech (Hons) Computer Science Engineering,School of Computing Science,B.Tech in CSE 2016-17 II Sem IV,,Exam Fee,10000,0,0,0,0,0,0,0,0,DUE
237795,1/8/2016,2016-2017,2016-2017,AIE,DUE,459548,16CCCE101609,16CCCE101609,No Information,General,School of Computing Science & Engineering,B.Tech/B.Tech (Hons) Computer Science Engineering,School of Computing Science,B.Tech in CSE 2016-17 II Sem IV,,Library BookC Recieved,1400,0,0,0,0,0,0,0,0,DUE
237796,1/8/2016,2016-2017,2016-2017,AIE,DUE,456922,16CCCE101011,16CCCE101011,Alumni,General,School of Computing Science & Engineering,B.Tech/B.Tech (Hons) Computer Science Engineering,School of Computing Science,B.Tech in CSE 2016-17 IV Sem VIII,,TUITION FEE,149000,0,0,0,0,0,0,0,0,DUE
237797,1/8/2016,2016-2017,2016-2017,AIE,DUE,456922,16CCCE101011,16CCCE101011,Alumni,General,School of Computing Science & Engineering,B.Tech/B.Tech (Hons) Computer Science Engineering,School of Computing Science,B.Tech in CSE 2016-17 IV Sem VIII,,Exam Fee,10000,0,0,0,0,0,0,0,0,DUE
237798,1/8/2016,2016-2017,2016-2017,AIE,DUE,456922,16CCCE101011,16CCCE101011,Alumni,General,School of Computing Science & Engineering,B.Tech/B.Tech (Hons) Computer Science Engineering,School of Computing Science,B.Tech in CSE 2016-17 IV Sem VIII,,Library BookC Recieved,1400,0,0,0,0,0,0,0,0,DUE
237799,1/8/2016,2016-2017,2016-2017,AIE,DUE,459567,16CCCE101613,16CCCE101613,Alumni,General,School of Computing Science & Engineering,B.Tech/B.Tech (Hons) Computer Science Engineering,School of Computing Science,B.Tech in CSE 2016-17 IV Sem VIII,,TUITION FEE,149000,0,0,0,0,0,0,0,0,DUE
237800,1/8/2016,2016-2017,2016-2017,AIE,DUE,459567,16CCCE101613,16CCCE101613,Alumni,General,School of Computing Science & Engineering,B.Tech/B.Tech (Hons) Computer Science Engineering,School of Computing Science,B.Tech in CSE 2016-17 IV Sem VIII,,Exam Fee,10000,0,0,0,0,0,0,0,0,DUE
237801,1/8/2016,2016-2017,2016-2017,AIE,DUE,459567,16CCCE101613,16CCCE101613,Alumni,General,School of Computing Science & Engineering,B.Tech/B.Tech (Hons) Computer Science Engineering,School of Computing Science,B.Tech in CSE 2016-17 IV Sem VIII,,Library BookC Recieved,1400,0,0,0,0,0,0,0,0,DUE
237802,1/8/2016,2016-2017,2016-2017,AIE,DUE,460495,16CCCE101819,16CCCE101819,Withdrawn,General,School of Computing Science & Engineering,B.Tech/B.Tech (Hons) Computer Science Engineering,School of Computing Science,B.Tech in CSE 2016-17 III Sem V,,TUITION FEE,149000,0,0,0,0,0,0,0,0,DUE
237803,1/8/2016,2016-2017,2016-2017,AIE,DUE,460495,16CCCE101819,16CCCE101819,Withdrawn,General,School of Computing Science & Engineering,B.Tech/B.Tech (Hons) Computer Science Engineering,School of Computing Science,B.Tech in CSE 2016-17 III Sem V,,Exam Fee,10000,0,0,0,0,0,0,0,0,DUE
237804,1/8/2016,2016-2017,2016-2017,AIE,DUE,460495,16CCCE101819,16CCCE101819,Withdrawn,General,School of Computing Science & Engineering,B.Tech/B.Tech (Hons) Computer Science Engineering,School of Computing Science,B.Tech in CSE 2016-17 III Sem V,,Library BookC Recieved,1400,0,0,0,0,0,0,0,0,DUE
237805,1/8/2016,2016-2017,2016-2017,AIE,DUE,460475,16CCCE101814,16CCCE101814,Year Back,General,School of Computing Science & Engineering,B.Tech/B.Tech (Hons) Computer Science Engineering,School of Computing Science,B.Tech in CSE 2016-17 III Sem VI,,TUITION FEE,149000,0,0,0,0,0,0,0,0,DUE
237806,1/8/2016,2016-2017,2016-2017,AIE,DUE,460475,16CCCE101814,16CCCE101814,Year Back,General,School of Computing Science & Engineering,B.Tech/B.Tech (Hons) Computer Science Engineering,School of Computing Science,B.Tech in CSE 2016-17 III Sem VI,,Exam Fee,10000,0,0,0,0,0,0,0,0,DUE
237807,1/8/2016,2016-2017,2016-2017,AIE,DUE,460475,16CCCE101814,16CCCE101814,Year Back,General,School of Computing Science & Engineering,B.Tech/B.Tech (Hons) Computer Science Engineering,School of Computing Science,B.Tech in CSE 2016-17 III Sem VI,,Library BookC Recieved,1899,0,0,0,0,0,0,0,0,DUE
237808,1/8/2016,2016-2017,2016-2017,AIE,DUE,456716,16CCME101176,16CCME101176,Active,General,School of Mechanical Engineering,B.Tech/B.Tech (Hons) Mechanical Engineering,School of Mechanical Engineering,B.Tech/B.Tech (Hons) Mechanical Engineering 2017-2018 IV Sem VIII,,TUITION FEE,149000,0,0,0,0,0,0,0,0,DUE
237809,1/8/2016,2016-2017,2016-2017,AIE,DUE,456716,16CCME101176,16CCME101176,Active,General,School of Mechanical Engineering,B.Tech/B.Tech (Hons) Mechanical Engineering,School of Mechanical Engineering,B.Tech/B.Tech (Hons) Mechanical Engineering 2017-2018 IV Sem VIII,,Exam Fee,10000,0,0,0,0,0,0,0,0,DUE
237810,1/8/2016,2016-2017,2016-2017,AIE,DUE,456716,16CCME101176,16CCME101176,Active,General,School of Mechanical Engineering,B.Tech/B.Tech (Hons) Mechanical Engineering,School of Mechanical Engineering,B.Tech/B.Tech (Hons) Mechanical Engineering 2017-2018 IV Sem VIII,,Library BookC Recieved,1899,0,0,0,0,0,0,0,0,DUE
237811,1/8/2016,2016-2017,2016-2017,AIE,DUE,460480,16CCCE101815,16CCCE101815,Alumni,General,School of Computing Science & Engineering,B.Tech/B.Tech (Hons) Computer Science Engineering,School of Computing Science,B.Tech in CSE 2016-17 IV Sem VIII,,TUITION FEE,149000,0,0,0,0,0,0,0,0,DUE
237812,1/8/2016,2016-2017,2016-2017,AIE,DUE,460480,16CCCE101815,16CCCE101815,Alumni,General,School of Computing Science & Engineering,B.Tech/B.Tech (Hons) Computer Science Engineering,School of Computing Science,B.Tech in CSE 2016-17 IV Sem VIII,,Exam Fee,10000,0,0,0,0,0,0,0,0,DUE
237813,1/8/2016,2016-2017,2016-2017,AIE,DUE,460480,16CCCE101815,16CCCE101815,Alumni,General,School of Computing Science & Engineering,B.Tech/B.Tech (Hons) Computer Science Engineering,School of Computing Science,B.Tech in CSE 2016-17 IV Sem VIII,,Library BookC Recieved,1899,0,0,0,0,0,0,0,0,DUE
237814,1/8/2016,2016-2017,2016-2017,AIE,DUE,460483,16CCCE101816,16CCCE101816,No Information,General,School of Computing Science & Engineering,B.Tech/B.Tech (Hons) Computer Science Engineering,School of Computing Science,B.Tech in CSE 2016-17 II Sem IV,,TUITION FEE,149000,0,0,0,0,0,0,0,0,DUE
237815,1/8/2016,2016-2017,2016-2017,AIE,DUE,460483,16CCCE101816,16CCCE101816,No Information,General,School of Computing Science & Engineering,B.Tech/B.Tech (Hons) Computer Science Engineering,School of Computing Science,B.Tech in CSE 2016-17 II Sem IV,,Exam Fee,10000,0,0,0,0,0,0,0,0,DUE
237816,1/8/2016,2016-2017,2016-2017,AIE,DUE,460483,16CCCE101816,16CCCE101816,No Information,General,School of Computing Science & Engineering,B.Tech/B.Tech (Hons) Computer Science Engineering,School of Computing Science,B.Tech in CSE 2016-17 II Sem IV,,Library BookC Recieved,1899,0,0,0,0,0,0,0,0,DUE
237817,1/8/2016,2016-2017,2016-2017,AIE,DUE,459573,16CCCE101614,16CCCE101614,Alumni,General,School of Computing Science & Engineering,B.Tech/B.Tech (Hons) Computer Science Engineering,School of Computing Science,B.Tech in CSE 2016-17 IV Sem VIII,,TUITION FEE,149000,0,0,0,0,0,0,0,0,DUE
237818,1/8/2016,2016-2017,2016-2017,AIE,DUE,459573,16CCCE101614,16CCCE101614,Alumni,General,School of Computing Science & Engineering,B.Tech/B.Tech (Hons) Computer Science Engineering,School of Computing Science,B.Tech in CSE 2016-17 IV Sem VIII,,Exam Fee,10000,0,0,0,0,0,0,0,0,DUE
237819,1/8/2016,2016-2017,2016-2017,AIE,DUE,459573,16CCCE101614,16CCCE101614,Alumni,General,School of Computing Science & Engineering,B.Tech/B.Tech (Hons) Computer Science Engineering,School of Computing Science,B.Tech in CSE 2016-17 IV Sem VIII,,Library BookC Recieved,1400,0,0,0,0,0,0,0,0,DUE
237820,1/8/2016,2016-2017,2016-2017,AIE,DUE,460488,16CCCE101818,16CCCE101818,Alumni,General,School of Computing Science & Engineering,B.Tech/B.Tech (Hons) Computer Science Engineering,School of Computing Science,B.Tech in CSE 2016-17 IV Sem VIII,,TUITION FEE,149000,0,0,0,0,0,0,0,0,DUE
237821,1/8/2016,2016-2017,2016-2017,AIE,DUE,460488,16CCCE101818,16CCCE101818,Alumni,General,School of Computing Science & Engineering,B.Tech/B.Tech (Hons) Computer Science Engineering,School of Computing Science,B.Tech in CSE 2016-17 IV Sem VIII,,Exam Fee,10000,0,0,0,0,0,0,0,0,DUE
237822,1/8/2016,2016-2017,2016-2017,AIE,DUE,460488,16CCCE101818,16CCCE101818,Alumni,General,School of Computing Science & Engineering,B.Tech/B.Tech (Hons) Computer Science Engineering,School of Computing Science,B.Tech in CSE 2016-17 IV Sem VIII,,Library BookC Recieved,1400,0,0,0,0,0,0,0,0,DUE
237823,1/8/2016,2016-2017,2016-2017,AIE,DUE,459546,16CCCE101606,16CCCE101606,No Information,General,School of Computing Science & Engineering,B.Tech/B.Tech (Hons) Computer Science Engineering,School of Computing Science,B.Tech in CSE 2016-17 II Sem IV,,TUITION FEE,149000,0,0,0,0,0,0,0,0,DUE
237824,1/8/2016,2016-2017,2016-2017,AIE,DUE,459546,16CCCE101606,16CCCE101606,No Information,General,School of Computing Science & Engineering,B.Tech/B.Tech (Hons) Computer Science Engineering,School of Computing Science,B.Tech in CSE 2016-17 II Sem IV,,Exam Fee,10000,0,0,0,0,0,0,0,0,DUE
237825,1/8/2016,2016-2017,2016-2017,AIE,DUE,459546,16CCCE101606,16CCCE101606,No Information,General,School of Computing Science & Engineering,B.Tech/B.Tech (Hons) Computer Science Engineering,School of Computing Science,B.Tech in CSE 2016-17 II Sem IV,,Fine Fee,8000,0,0,0,0,0,0,0,0,DUE
237826,1/8/2016,2016-2017,2016-2017,AIE,DUE,459546,16CCCE101606,16CCCE101606,No Information,General,School of Computing Science & Engineering,B.Tech/B.Tech (Hons) Computer Science Engineering,School of Computing Science,B.Tech in CSE 2016-17 II Sem IV,,Library BookC Recieved,1899,0,0,0,0,0,0,0,0,DUE
237827,1/8/2016,2016-2017,2016-2017,AIE,DUE,460506,16CCCE101824,16CCCE101824,Alumni,General,School of Computing Science & Engineering,B.Tech/B.Tech (Hons) Computer Science Engineering,School of Computing Science,B.Tech in CSE 2016-17 IV Sem VIII,,TUITION FEE,149000,0,0,0,0,0,0,0,0,DUE
237828,1/8/2016,2016-2017,2016-2017,AIE,DUE,460506,16CCCE101824,16CCCE101824,Alumni,General,School of Computing Science & Engineering,B.Tech/B.Tech (Hons) Computer Science Engineering,School of Computing Science,B.Tech in CSE 2016-17 IV Sem VIII,,Exam Fee,10000,0,0,0,0,0,0,0,0,DUE
237829,1/8/2016,2016-2017,2016-2017,AIE,DUE,460506,16CCCE101824,16CCCE101824,Alumni,General,School of Computing Science & Engineering,B.Tech/B.Tech (Hons) Computer Science Engineering,School of Computing Science,B.Tech in CSE 2016-17 IV Sem VIII,,Library BookC Recieved,1899,0,0,0,0,0,0,0,0,DUE
237830,1/8/2016,2016-2017,2016-2017,AIE,DUE,459509,16CCCE101594,16CCCE101594,No Information,General,School of Computing Science & Engineering,B.Tech/B.Tech (Hons) Computer Science Engineering,School of Computing Science,B.Tech in CSE 2016-17 II Sem IV,,TUITION FEE,149000,0,0,0,0,0,0,0,0,DUE
237831,1/8/2016,2016-2017,2016-2017,AIE,DUE,459509,16CCCE101594,16CCCE101594,No Information,General,School of Computing Science & Engineering,B.Tech/B.Tech (Hons) Computer Science Engineering,School of Computing Science,B.Tech in CSE 2016-17 II Sem IV,,Exam Fee,10000,0,0,0,0,0,0,0,0,DUE
237832,1/8/2016,2016-2017,2016-2017,AIE,DUE,459509,16CCCE101594,16CCCE101594,No Information,General,School of Computing Science & Engineering,B.Tech/B.Tech (Hons) Computer Science Engineering,School of Computing Science,B.Tech in CSE 2016-17 II Sem IV,,Library BookC Recieved,1400,0,0,0,0,0,0,0,0,DUE
237833,1/8/2016,2016-2017,2016-2017,AIE,DUE,460520,16CCCE101827,16CCCE101827,Alumni,General,School of Computing Science & Engineering,B.Tech/B.Tech (Hons) Computer Science Engineering,School of Computing Science,B.Tech in CSE 2016-17 IV Sem VIII,,TUITION FEE,149000,0,0,0,0,0,0,0,0,DUE
237834,1/8/2016,2016-2017,2016-2017,AIE,DUE,460520,16CCCE101827,16CCCE101827,Alumni,General,School of Computing Science & Engineering,B.Tech/B.Tech (Hons) Computer Science Engineering,School of Computing Science,B.Tech in CSE 2016-17 IV Sem VIII,,Exam Fee,10000,0,0,0,0,0,0,0,0,DUE
237835,1/8/2016,2016-2017,2016-2017,AIE,DUE,460520,16CCCE101827,16CCCE101827,Alumni,General,School of Computing Science & Engineering,B.Tech/B.Tech (Hons) Computer Science Engineering,School of Computing Science,B.Tech in CSE 2016-17 IV Sem VIII,,Library BookC Recieved,1400,0,0,0,0,0,0,0,0,DUE
237836,1/8/2016,2016-2017,2016-2017,AIE,DUE,460520,16CCCE101827,16CCCE101827,Alumni,General,School of Computing Science & Engineering,B.Tech/B.Tech (Hons) Computer Science Engineering,School of Computing Science,B.Tech in CSE 2016-17 IV Sem VIII,,Sport Activity Received,500,0,0,0,0,0,0,0,0,DUE
237837,1/8/2016,2016-2017,2016-2017,AIE,DUE,459514,16CCCE101595,16CCCE101595,Alumni,General,School of Computing Science & Engineering,B.Tech/B.Tech (Hons) Computer Science Engineering,School of Computing Science,B.Tech in CSE 2016-17 IV Sem VIII,,TUITION FEE,149000,0,0,0,0,0,0,0,0,DUE
237838,1/8/2016,2016-2017,2016-2017,AIE,DUE,459514,16CCCE101595,16CCCE101595,Alumni,General,School of Computing Science & Engineering,B.Tech/B.Tech (Hons) Computer Science Engineering,School of Computing Science,B.Tech in CSE 2016-17 IV Sem VIII,,Exam Fee,10000,0,0,0,0,0,0,0,0,DUE
237839,1/8/2016,2016-2017,2016-2017,AIE,DUE,459514,16CCCE101595,16CCCE101595,Alumni,General,School of Computing Science & Engineering,B.Tech/B.Tech (Hons) Computer Science Engineering,School of Computing Science,B.Tech in CSE 2016-17 IV Sem VIII,,Library BookC Recieved,1400,0,0,0,0,0,0,0,0,DUE
237840,1/8/2016,2016-2017,2016-2017,AIE,DUE,460529,16CCCE101829,16CCCE101829,Alumni,General,School of Computing Science & Engineering,B.Tech/B.Tech (Hons) Computer Science Engineering,School of Computing Science,B.Tech in CSE 2016-17 IV Sem VIII,,TUITION FEE,149000,0,0,0,0,0,0,0,0,DUE
237841,1/8/2016,2016-2017,2016-2017,AIE,DUE,460529,16CCCE101829,16CCCE101829,Alumni,General,School of Computing Science & Engineering,B.Tech/B.Tech (Hons) Computer Science Engineering,School of Computing Science,B.Tech in CSE 2016-17 IV Sem VIII,,Exam Fee,10000,0,0,0,0,0,0,0,0,DUE
237842,1/8/2016,2016-2017,2016-2017,AIE,DUE,460529,16CCCE101829,16CCCE101829,Alumni,General,School of Computing Science & Engineering,B.Tech/B.Tech (Hons) Computer Science Engineering,School of Computing Science,B.Tech in CSE 2016-17 IV Sem VIII,,Library BookC Recieved,1899,0,0,0,0,0,0,0,0,DUE
237843,1/8/2016,2016-2017,2016-2017,AIE,DUE,459506,16CCCE101590,16CCCE101590,Alumni,General,School of Computing Science & Engineering,B.Tech/B.Tech (Hons) Computer Science Engineering,School of Computing Science,B.Tech in CSE 2016-17 IV Sem VIII,,TUITION FEE,149000,0,0,0,0,0,0,0,0,DUE
237844,1/8/2016,2016-2017,2016-2017,AIE,DUE,459506,16CCCE101590,16CCCE101590,Alumni,General,School of Computing Science & Engineering,B.Tech/B.Tech (Hons) Computer Science Engineering,School of Computing Science,B.Tech in CSE 2016-17 IV Sem VIII,,Exam Fee,10000,0,0,0,0,0,0,0,0,DUE
237845,1/8/2016,2016-2017,2016-2017,AIE,DUE,459506,16CCCE101590,16CCCE101590,Alumni,General,School of Computing Science & Engineering,B.Tech/B.Tech (Hons) Computer Science Engineering,School of Computing Science,B.Tech in CSE 2016-17 IV Sem VIII,,Library BookC Recieved,1400,0,0,0,0,0,0,0,0,DUE
237846,1/8/2016,2016-2017,2016-2017,AIE,DUE,459498,16CCCE101588,16CCCE101588,No Information,General,School of Computing Science & Engineering,B.Tech/B.Tech (Hons) Computer Science Engineering,School of Computing Science,B.Tech in CSE 2016-17 II Sem IV,,TUITION FEE,149000,0,0,0,0,0,0,0,0,DUE
237847,1/8/2016,2016-2017,2016-2017,AIE,DUE,459498,16CCCE101588,16CCCE101588,No Information,General,School of Computing Science & Engineering,B.Tech/B.Tech (Hons) Computer Science Engineering,School of Computing Science,B.Tech in CSE 2016-17 II Sem IV,,Exam Fee,10000,0,0,0,0,0,0,0,0,DUE
237848,1/8/2016,2016-2017,2016-2017,AIE,DUE,459498,16CCCE101588,16CCCE101588,No Information,General,School of Computing Science & Engineering,B.Tech/B.Tech (Hons) Computer Science Engineering,School of Computing Science,B.Tech in CSE 2016-17 II Sem IV,,Library BookC Recieved,1899,0,0,0,0,0,0,0,0,DUE
237849,1/8/2016,2016-2017,2016-2017,AIE,DUE,459502,16CCCE101589,16CCCE101589,Alumni,General,School of Computing Science & Engineering,B.Tech/B.Tech (Hons) Computer Science Engineering,School of Computing Science,B.Tech in CSE 2016-17 IV Sem VIII,,TUITION FEE,149000,0,0,0,0,0,0,0,0,DUE
237850,1/8/2016,2016-2017,2016-2017,AIE,DUE,459502,16CCCE101589,16CCCE101589,Alumni,General,School of Computing Science & Engineering,B.Tech/B.Tech (Hons) Computer Science Engineering,School of Computing Science,B.Tech in CSE 2016-17 IV Sem VIII,,Exam Fee,10000,0,0,0,0,0,0,0,0,DUE
237851,1/8/2016,2016-2017,2016-2017,AIE,DUE,459502,16CCCE101589,16CCCE101589,Alumni,General,School of Computing Science & Engineering,B.Tech/B.Tech (Hons) Computer Science Engineering,School of Computing Science,B.Tech in CSE 2016-17 IV Sem VIII,,Library BookC Recieved,1899,0,0,0,0,0,0,0,0,DUE
237852,1/8/2016,2016-2017,2016-2017,AIE,DUE,503808,16CCCE105090,16CCCE105090,Alumni,General,School of Computing Science & Engineering,B.Tech (Hons) in Computer Science & Engineering with Specialization in Cloud Computing & Virtualizations,School of Computing Science,B.Tech in CSCC 2016-17 IV Sem VIII,,TUITION FEE,170000,0,0,0,0,0,0,0,0,DUE
237853,1/8/2016,2016-2017,2016-2017,AIE,DUE,503808,16CCCE105090,16CCCE105090,Alumni,General,School of Computing Science & Engineering,B.Tech (Hons) in Computer Science & Engineering with Specialization in Cloud Computing & Virtualizations,School of Computing Science,B.Tech in CSCC 2016-17 IV Sem VIII,,Exam Fee,10000,0,0,0,0,0,0,0,0,DUE
237854,1/8/2016,2016-2017,2016-2017,AIE,DUE,503808,16CCCE105090,16CCCE105090,Alumni,General,School of Computing Science & Engineering,B.Tech (Hons) in Computer Science & Engineering with Specialization in Cloud Computing & Virtualizations,School of Computing Science,B.Tech in CSCC 2016-17 IV Sem VIII,,Library BookC Recieved,1400,0,0,0,0,0,0,0,0,DUE
237855,1/8/2016,2016-2017,2016-2017,AIE,DUE,459519,16CCCE101596,16CCCE101596,Alumni,General,School of Computing Science & Engineering,B.Tech/B.Tech (Hons) Computer Science Engineering,School of Computing Science,B.Tech in CSE 2016-17 IV Sem VIII,,TUITION FEE,149000,0,0,0,0,0,0,0,0,DUE
237856,1/8/2016,2016-2017,2016-2017,AIE,DUE,459519,16CCCE101596,16CCCE101596,Alumni,General,School of Computing Science & Engineering,B.Tech/B.Tech (Hons) Computer Science Engineering,School of Computing Science,B.Tech in CSE 2016-17 IV Sem VIII,,Exam Fee,10000,0,0,0,0,0,0,0,0,DUE
237857,1/8/2016,2016-2017,2016-2017,AIE,DUE,459519,16CCCE101596,16CCCE101596,Alumni,General,School of Computing Science & Engineering,B.Tech/B.Tech (Hons) Computer Science Engineering,School of Computing Science,B.Tech in CSE 2016-17 IV Sem VIII,,Library BookC Recieved,1899,0,0,0,0,0,0,0,0,DUE
237858,1/8/2016,2016-2017,2016-2017,AIE,DUE,459542,16CCCE101604,16CCCE101604,Alumni,General,School of Computing Science & Engineering,B.Tech/B.Tech (Hons) Computer Science Engineering,School of Computing Science,B.Tech in CSE 2016-17 IV Sem VIII,,TUITION FEE,149000,0,0,0,0,0,0,0,0,DUE
237859,1/8/2016,2016-2017,2016-2017,AIE,DUE,459542,16CCCE101604,16CCCE101604,Alumni,General,School of Computing Science & Engineering,B.Tech/B.Tech (Hons) Computer Science Engineering,School of Computing Science,B.Tech in CSE 2016-17 IV Sem VIII,,Exam Fee,10000,0,0,0,0,0,0,0,0,DUE
237860,1/8/2016,2016-2017,2016-2017,AIE,DUE,459542,16CCCE101604,16CCCE101604,Alumni,General,School of Computing Science & Engineering,B.Tech/B.Tech (Hons) Computer Science Engineering,School of Computing Science,B.Tech in CSE 2016-17 IV Sem VIII,,Library BookC Recieved,1899,0,0,0,0,0,0,0,0,DUE
237861,1/8/2016,2016-2017,2016-2017,AIE,DUE,460516,16CCCE101826,16CCCE101826,Alumni,General,School of Computing Science & Engineering,B.Tech/B.Tech (Hons) Computer Science Engineering,School of Computing Science,B.Tech in CSE 2016-17 IV Sem VIII,,TUITION FEE,149000,0,0,0,0,0,0,0,0,DUE
237862,1/8/2016,2016-2017,2016-2017,AIE,DUE,460516,16CCCE101826,16CCCE101826,Alumni,General,School of Computing Science & Engineering,B.Tech/B.Tech (Hons) Computer Science Engineering,School of Computing Science,B.Tech in CSE 2016-17 IV Sem VIII,,Exam Fee,10000,0,0,0,0,0,0,0,0,DUE
237863,1/8/2016,2016-2017,2016-2017,AIE,DUE,460516,16CCCE101826,16CCCE101826,Alumni,General,School of Computing Science & Engineering,B.Tech/B.Tech (Hons) Computer Science Engineering,School of Computing Science,B.Tech in CSE 2016-17 IV Sem VIII,,Library BookC Recieved,1899,0,0,0,0,0,0,0,0,DUE
237864,1/8/2016,2016-2017,2016-2017,AIE,DUE,459538,16CCCE101603,16CCCE101603,Alumni,General,School of Computing Science & Engineering,B.Tech/B.Tech (Hons) Computer Science Engineering,School of Computing Science,B.Tech in CSE 2016-17 IV Sem VIII,,TUITION FEE,149000,0,0,0,0,0,0,0,0,DUE
237865,1/8/2016,2016-2017,2016-2017,AIE,DUE,459538,16CCCE101603,16CCCE101603,Alumni,General,School of Computing Science & Engineering,B.Tech/B.Tech (Hons) Computer Science Engineering,School of Computing Science,B.Tech in CSE 2016-17 IV Sem VIII,,Exam Fee,10000,0,0,0,0,0,0,0,0,DUE
237866,1/8/2016,2016-2017,2016-2017,AIE,DUE,459538,16CCCE101603,16CCCE101603,Alumni,General,School of Computing Science & Engineering,B.Tech/B.Tech (Hons) Computer Science Engineering,School of Computing Science,B.Tech in CSE 2016-17 IV Sem VIII,,Library BookC Recieved,1400,0,0,0,0,0,0,0,0,DUE
237867,1/8/2016,2016-2017,2016-2017,AIE,DUE,459533,16CCCE101601,16CCCE101601,Alumni,General,School of Computing Science & Engineering,B.Tech/B.Tech (Hons) Computer Science Engineering,School of Computing Science,B.Tech in CSE 2016-17 IV Sem VIII,,TUITION FEE,149000,0,0,0,0,0,0,0,0,DUE
237868,1/8/2016,2016-2017,2016-2017,AIE,DUE,459533,16CCCE101601,16CCCE101601,Alumni,General,School of Computing Science & Engineering,B.Tech/B.Tech (Hons) Computer Science Engineering,School of Computing Science,B.Tech in CSE 2016-17 IV Sem VIII,,Exam Fee,10000,0,0,0,0,0,0,0,0,DUE
237869,1/8/2016,2016-2017,2016-2017,AIE,DUE,459533,16CCCE101601,16CCCE101601,Alumni,General,School of Computing Science & Engineering,B.Tech/B.Tech (Hons) Computer Science Engineering,School of Computing Science,B.Tech in CSE 2016-17 IV Sem VIII,,Library BookC Recieved,1400,0,0,0,0,0,0,0,0,DUE
237870,1/8/2016,2016-2017,2016-2017,AIE,DUE,456931,16CCCE101013,16CCCE101013,Withdrawn,General,School of Computing Science & Engineering,B.Tech/B.Tech (Hons) Computer Science Engineering,School of Computing Science,B.Tech in CSE 2016-17 III Sem V,,TUITION FEE,149000,0,0,0,0,0,0,0,0,DUE
237871,1/8/2016,2016-2017,2016-2017,AIE,DUE,456931,16CCCE101013,16CCCE101013,Withdrawn,General,School of Computing Science & Engineering,B.Tech/B.Tech (Hons) Computer Science Engineering,School of Computing Science,B.Tech in CSE 2016-17 III Sem V,,Exam Fee,10000,0,0,0,0,0,0,0,0,DUE
237872,1/8/2016,2016-2017,2016-2017,AIE,DUE,456931,16CCCE101013,16CCCE101013,Withdrawn,General,School of Computing Science & Engineering,B.Tech/B.Tech (Hons) Computer Science Engineering,School of Computing Science,B.Tech in CSE 2016-17 III Sem V,,Library BookC Recieved,1899,0,0,0,0,0,0,0,0,DUE
237873,1/8/2016,2016-2017,2016-2017,AIE,DUE,456927,16CCCE101012,16CCCE101012,Alumni,General,School of Computing Science & Engineering,B.Tech/B.Tech (Hons) Computer Science Engineering,School of Computing Science,B.Tech in CSE 2016-17 IV Sem VIII,,TUITION FEE,149000,0,0,0,0,0,0,0,0,DUE
237874,1/8/2016,2016-2017,2016-2017,AIE,DUE,456927,16CCCE101012,16CCCE101012,Alumni,General,School of Computing Science & Engineering,B.Tech/B.Tech (Hons) Computer Science Engineering,School of Computing Science,B.Tech in CSE 2016-17 IV Sem VIII,,Exam Fee,10000,0,0,0,0,0,0,0,0,DUE
237875,1/8/2016,2016-2017,2016-2017,AIE,DUE,456927,16CCCE101012,16CCCE101012,Alumni,General,School of Computing Science & Engineering,B.Tech/B.Tech (Hons) Computer Science Engineering,School of Computing Science,B.Tech in CSE 2016-17 IV Sem VIII,,Library BookC Recieved,1400,0,0,0,0,0,0,0,0,DUE
237876,1/8/2016,2016-2017,2016-2017,AIE,DUE,456935,16CCCE101014,16CCCE101014,Alumni,General,School of Computing Science & Engineering,B.Tech/B.Tech (Hons) Computer Science Engineering,School of Computing Science,B.Tech in CSE 2016-17 IV Sem VIII,,TUITION FEE,149000,0,0,0,0,0,0,0,0,DUE
237877,1/8/2016,2016-2017,2016-2017,AIE,DUE,456935,16CCCE101014,16CCCE101014,Alumni,General,School of Computing Science & Engineering,B.Tech/B.Tech (Hons) Computer Science Engineering,School of Computing Science,B.Tech in CSE 2016-17 IV Sem VIII,,Exam Fee,10000,0,0,0,0,0,0,0,0,DUE
237878,1/8/2016,2016-2017,2016-2017,AIE,DUE,456935,16CCCE101014,16CCCE101014,Alumni,General,School of Computing Science & Engineering,B.Tech/B.Tech (Hons) Computer Science Engineering,School of Computing Science,B.Tech in CSE 2016-17 IV Sem VIII,,Library BookC Recieved,1899,0,0,0,0,0,0,0,0,DUE
237879,1/8/2016,2016-2017,2016-2017,AIE,DUE,455846,16CBAC101068,16CBAC101068,Alumni,General,School of Basic & Applied Sciences,B.Sc.(Hons) Forensic Sciences,School of Basic,B.Sc.(Hons) Forensic Sciences IV Sem VII,,TUITION FEE,50000,0,0,0,0,0,0,0,0,DUE
237880,1/8/2016,2016-2017,2016-2017,AIE,DUE,455846,16CBAC101068,16CBAC101068,Alumni,General,School of Basic & Applied Sciences,B.Sc.(Hons) Forensic Sciences,School of Basic,B.Sc.(Hons) Forensic Sciences IV Sem VII,,Exam Fee,10000,0,0,0,0,0,0,0,0,DUE
237881,1/8/2016,2016-2017,2016-2017,NRI,DUE,460660,16CCCE101859,16CCCE101859,Active,General,School of Computing Science & Engineering,B.Tech/B.Tech (Hons) Computer Science Engineering,School of Computing Science,B.Tech in CSE 2017-18 IV Sem VIII,,TUITION FEE,210000,0,0,0,0,0,0,0,0,DUE
237882,1/8/2016,2016-2017,2016-2017,NRI,DUE,460660,16CCCE101859,16CCCE101859,Active,General,School of Computing Science & Engineering,B.Tech/B.Tech (Hons) Computer Science Engineering,School of Computing Science,B.Tech in CSE 2017-18 IV Sem VIII,,Exam Fee,12000,0,0,0,0,0,0,0,0,DUE
237883,1/8/2016,2016-2017,2016-2017,NRI,DUE,460660,16CCCE101859,16CCCE101859,Active,General,School of Computing Science & Engineering,B.Tech/B.Tech (Hons) Computer Science Engineering,School of Computing Science,B.Tech in CSE 2017-18 IV Sem VIII,,Library BookC Recieved,1400,0,0,0,0,0,0,0,0,DUE
237884,1/8/2016,2016-2017,2016-2017,AIE,DUE,460656,16CCCE101856,16CCCE101856,Alumni,General,School of Computing Science & Engineering,B.Tech (Hons) Computer Science & Engineering with specialisation in Data Analytics,School of Computing Science,B.Tech in CSDA 2016-17 IV Sem VIII,,TUITION FEE,149000,0,0,0,0,0,0,0,0,DUE
237885,1/8/2016,2016-2017,2016-2017,AIE,DUE,460656,16CCCE101856,16CCCE101856,Alumni,General,School of Computing Science & Engineering,B.Tech (Hons) Computer Science & Engineering with specialisation in Data Analytics,School of Computing Science,B.Tech in CSDA 2016-17 IV Sem VIII,,Exam Fee,10000,0,0,0,0,0,0,0,0,DUE
237886,1/8/2016,2016-2017,2016-2017,AIE,DUE,460656,16CCCE101856,16CCCE101856,Alumni,General,School of Computing Science & Engineering,B.Tech (Hons) Computer Science & Engineering with specialisation in Data Analytics,School of Computing Science,B.Tech in CSDA 2016-17 IV Sem VIII,,Library BookC Recieved,1400,0,0,0,0,0,0,0,0,DUE
237887,1/8/2016,2016-2017,2016-2017,AIE,DUE,456531,16CCME101125,16CCME101125,Alumni,General,School of Mechanical Engineering,B.Tech/B.Tech (Hons) Mechanical Engineering,School of Mechanical Engineering,ME 2016-2017 IV Sem VIII,,TUITION FEE,149000,0,0,0,0,0,0,0,0,DUE
237888,1/8/2016,2016-2017,2016-2017,AIE,DUE,456531,16CCME101125,16CCME101125,Alumni,General,School of Mechanical Engineering,B.Tech/B.Tech (Hons) Mechanical Engineering,School of Mechanical Engineering,ME 2016-2017 IV Sem VIII,,Exam Fee,10000,0,0,0,0,0,0,0,0,DUE
237889,1/8/2016,2016-2017,2016-2017,AIE,DUE,456531,16CCME101125,16CCME101125,Alumni,General,School of Mechanical Engineering,B.Tech/B.Tech (Hons) Mechanical Engineering,School of Mechanical Engineering,ME 2016-2017 IV Sem VIII,,Library BookC Recieved,1400,0,0,0,0,0,0,0,0,DUE
237890,1/8/2016,2016-2017,2016-2017,AIE,DUE,455876,16CBAC101078,16CBAC101078,Alumni,General,School of Basic & Applied Sciences,B.Sc.(Hons) Forensic Sciences,School of Basic,B.Sc.(Hons) Forensic Sciences IV Sem VII,,TUITION FEE,50000,0,0,0,0,0,0,0,0,DUE
237891,1/8/2016,2016-2017,2016-2017,AIE,DUE,455876,16CBAC101078,16CBAC101078,Alumni,General,School of Basic & Applied Sciences,B.Sc.(Hons) Forensic Sciences,School of Basic,B.Sc.(Hons) Forensic Sciences IV Sem VII,,Exam Fee,10000,0,0,0,0,0,0,0,0,DUE
237892,1/8/2016,2016-2017,2016-2017,AIE,DUE,460667,16CCCE101860,16CCCE101860,Alumni,General,School of Computing Science & Engineering,B.Tech (Hons) Computer Science & Engineering with specialisation in Data Analytics,School of Computing Science,B.Tech in CSDA 2016-17 IV Sem VIII,,TUITION FEE,149000,0,0,0,0,0,0,0,0,DUE
237893,1/8/2016,2016-2017,2016-2017,AIE,DUE,460667,16CCCE101860,16CCCE101860,Alumni,General,School of Computing Science & Engineering,B.Tech (Hons) Computer Science & Engineering with specialisation in Data Analytics,School of Computing Science,B.Tech in CSDA 2016-17 IV Sem VIII,,Exam Fee,10000,0,0,0,0,0,0,0,0,DUE
237894,1/8/2016,2016-2017,2016-2017,AIE,DUE,460667,16CCCE101860,16CCCE101860,Alumni,General,School of Computing Science & Engineering,B.Tech (Hons) Computer Science & Engineering with specialisation in Data Analytics,School of Computing Science,B.Tech in CSDA 2016-17 IV Sem VIII,,Library BookC Recieved,1400,0,0,0,0,0,0,0,0,DUE
237895,1/8/2016,2016-2017,2016-2017,AIE,DUE,459441,16CCCE101578,16CCCE101578,Alumni,General,School of Computing Science & Engineering,B.Tech/B.Tech (Hons) Computer Science Engineering,School of Computing Science,B.Tech in CSE 2016-17 IV Sem VIII,,TUITION FEE,149000,0,0,0,0,0,0,0,0,DUE
237896,1/8/2016,2016-2017,2016-2017,AIE,DUE,459441,16CCCE101578,16CCCE101578,Alumni,General,School of Computing Science & Engineering,B.Tech/B.Tech (Hons) Computer Science Engineering,School of Computing Science,B.Tech in CSE 2016-17 IV Sem VIII,,Exam Fee,10000,0,0,0,0,0,0,0,0,DUE
237897,1/8/2016,2016-2017,2016-2017,AIE,DUE,459441,16CCCE101578,16CCCE101578,Alumni,General,School of Computing Science & Engineering,B.Tech/B.Tech (Hons) Computer Science Engineering,School of Computing Science,B.Tech in CSE 2016-17 IV Sem VIII,,Library BookC Recieved,1400,0,0,0,0,0,0,0,0,DUE
237898,1/8/2016,2016-2017,2016-2017,AIE,DUE,459441,16CCCE101578,16CCCE101578,Alumni,General,School of Computing Science & Engineering,B.Tech/B.Tech (Hons) Computer Science Engineering,School of Computing Science,B.Tech in CSE 2016-17 IV Sem VIII,,Sport Activity Received,1500,0,0,0,0,0,0,0,0,DUE
237899,1/8/2016,2016-2017,2016-2017,AIE,DUE,460678,16CCCE101862,16CCCE101862,Alumni,General,School of Computing Science & Engineering,B.Tech/B.Tech (Hons) Computer Science Engineering,School of Computing Science,B.Tech in CSE 2016-17 IV Sem VIII,,TUITION FEE,149000,0,0,0,0,0,0,0,0,DUE
237900,1/8/2016,2016-2017,2016-2017,AIE,DUE,460678,16CCCE101862,16CCCE101862,Alumni,General,School of Computing Science & Engineering,B.Tech/B.Tech (Hons) Computer Science Engineering,School of Computing Science,B.Tech in CSE 2016-17 IV Sem VIII,,Exam Fee,10000,0,0,0,0,0,0,0,0,DUE
237901,1/8/2016,2016-2017,2016-2017,AIE,DUE,460678,16CCCE101862,16CCCE101862,Alumni,General,School of Computing Science & Engineering,B.Tech/B.Tech (Hons) Computer Science Engineering,School of Computing Science,B.Tech in CSE 2016-17 IV Sem VIII,,Library BookC Recieved,1400,0,0,0,0,0,0,0,0,DUE
237902,1/8/2016,2016-2017,2016-2017,AIE,DUE,460670,16CCCE101861,16CCCE101861,Year Back,General,School of Computing Science & Engineering,B.Tech/B.Tech (Hons) Computer Science Engineering,School of Computing Science,B.Tech in CSE 2017-18 II Sem IV,,TUITION FEE,149000,0,0,0,0,0,0,0,0,DUE
237903,1/8/2016,2016-2017,2016-2017,AIE,DUE,460670,16CCCE101861,16CCCE101861,Year Back,General,School of Computing Science & Engineering,B.Tech/B.Tech (Hons) Computer Science Engineering,School of Computing Science,B.Tech in CSE 2017-18 II Sem IV,,Exam Fee,10000,0,0,0,0,0,0,0,0,DUE
237904,1/8/2016,2016-2017,2016-2017,AIE,DUE,460670,16CCCE101861,16CCCE101861,Year Back,General,School of Computing Science & Engineering,B.Tech/B.Tech (Hons) Computer Science Engineering,School of Computing Science,B.Tech in CSE 2017-18 II Sem IV,,Library BookC Recieved,1400,0,0,0,0,0,0,0,0,DUE
237905,1/8/2016,2016-2017,2016-2017,AIE,DUE,459432,16CCCE101577,16CCCE101577,Alumni,General,School of Computing Science & Engineering,B.Tech/B.Tech (Hons) Computer Science Engineering,School of Computing Science,B.Tech in CSE 2016-17 IV Sem VIII,,TUITION FEE,149000,0,0,0,0,0,0,0,0,DUE
237906,1/8/2016,2016-2017,2016-2017,AIE,DUE,459432,16CCCE101577,16CCCE101577,Alumni,General,School of Computing Science & Engineering,B.Tech/B.Tech (Hons) Computer Science Engineering,School of Computing Science,B.Tech in CSE 2016-17 IV Sem VIII,,Exam Fee,10000,0,0,0,0,0,0,0,0,DUE
237907,1/8/2016,2016-2017,2016-2017,AIE,DUE,459432,16CCCE101577,16CCCE101577,Alumni,General,School of Computing Science & Engineering,B.Tech/B.Tech (Hons) Computer Science Engineering,School of Computing Science,B.Tech in CSE 2016-17 IV Sem VIII,,Library BookC Recieved,1899,0,0,0,0,0,0,0,0,DUE
237908,1/8/2016,2016-2017,2016-2017,AIE,DUE,501008,16CBAC101088,16CBAC101088,Alumni,General,School of Basic & Applied Sciences,B.Sc.(Hons) Forensic Sciences,School of Basic,B.Sc.(Hons) Forensic Sciences IV Sem VII,,TUITION FEE,50000,0,0,0,0,0,0,0,0,DUE
237909,1/8/2016,2016-2017,2016-2017,AIE,DUE,501008,16CBAC101088,16CBAC101088,Alumni,General,School of Basic & Applied Sciences,B.Sc.(Hons) Forensic Sciences,School of Basic,B.Sc.(Hons) Forensic Sciences IV Sem VII,,Exam Fee,10000,0,0,0,0,0,0,0,0,DUE
237910,1/8/2016,2016-2017,2016-2017,AIE,DUE,460650,16CCCE101855,16CCCE101855,No Information,General,School of Computing Science & Engineering,B.Tech/B.Tech (Hons) Computer Science Engineering,School of Computing Science,B.Tech in CSE 2016-17 II Sem IV,,TUITION FEE,149000,0,0,0,0,0,0,0,0,DUE
237911,1/8/2016,2016-2017,2016-2017,AIE,DUE,460650,16CCCE101855,16CCCE101855,No Information,General,School of Computing Science & Engineering,B.Tech/B.Tech (Hons) Computer Science Engineering,School of Computing Science,B.Tech in CSE 2016-17 II Sem IV,,Exam Fee,10000,0,0,0,0,0,0,0,0,DUE
237912,1/8/2016,2016-2017,2016-2017,AIE,DUE,460650,16CCCE101855,16CCCE101855,No Information,General,School of Computing Science & Engineering,B.Tech/B.Tech (Hons) Computer Science Engineering,School of Computing Science,B.Tech in CSE 2016-17 II Sem IV,,Library BookC Recieved,1400,0,0,0,0,0,0,0,0,DUE
237913,1/8/2016,2016-2017,2016-2017,AIE,DUE,503767,16CCCE105076,16CCCE105076,Alumni,General,School of Computing Science & Engineering,B.Tech (Hons) in Computer Science & Engineering with Specialization in Cloud Computing & Virtualizations,School of Computing Science,B.Tech in CSCC 2016-17 IV Sem VIII,,TUITION FEE,170000,0,0,0,0,0,0,0,0,DUE
237914,1/8/2016,2016-2017,2016-2017,AIE,DUE,503767,16CCCE105076,16CCCE105076,Alumni,General,School of Computing Science & Engineering,B.Tech (Hons) in Computer Science & Engineering with Specialization in Cloud Computing & Virtualizations,School of Computing Science,B.Tech in CSCC 2016-17 IV Sem VIII,,Exam Fee,10000,0,0,0,0,0,0,0,0,DUE
237915,1/8/2016,2016-2017,2016-2017,AIE,DUE,503767,16CCCE105076,16CCCE105076,Alumni,General,School of Computing Science & Engineering,B.Tech (Hons) in Computer Science & Engineering with Specialization in Cloud Computing & Virtualizations,School of Computing Science,B.Tech in CSCC 2016-17 IV Sem VIII,,Library BookC Recieved,1400,0,0,0,0,0,0,0,0,DUE
237916,1/8/2016,2016-2017,2016-2017,AIE,DUE,456564,16CCME101140,16CCME101140,Alumni,General,School of Mechanical Engineering,B.Tech/B.Tech (Hons) Mechanical Engineering,School of Mechanical Engineering,ME 2016-2017 IV Sem VIII,,TUITION FEE,149000,0,0,0,0,0,0,0,0,DUE
237917,1/8/2016,2016-2017,2016-2017,AIE,DUE,456564,16CCME101140,16CCME101140,Alumni,General,School of Mechanical Engineering,B.Tech/B.Tech (Hons) Mechanical Engineering,School of Mechanical Engineering,ME 2016-2017 IV Sem VIII,,Exam Fee,10000,0,0,0,0,0,0,0,0,DUE
237918,1/8/2016,2016-2017,2016-2017,AIE,DUE,456564,16CCME101140,16CCME101140,Alumni,General,School of Mechanical Engineering,B.Tech/B.Tech (Hons) Mechanical Engineering,School of Mechanical Engineering,ME 2016-2017 IV Sem VIII,,Library BookC Recieved,1400,0,0,0,0,0,0,0,0,DUE
237919,1/8/2016,2016-2017,2016-2017,AIE,DUE,503655,16CCCE105025,16CCCE105025,Alumni,General,School of Computing Science & Engineering,B.Tech (Hons) in Computer Science & Engineering with Specialization in Cloud Computing & Virtualizations,School of Computing Science,B.Tech in CSCC 2016-17 IV Sem VIII,,TUITION FEE,170000,0,0,0,0,0,0,0,0,DUE
237920,1/8/2016,2016-2017,2016-2017,AIE,DUE,503655,16CCCE105025,16CCCE105025,Alumni,General,School of Computing Science & Engineering,B.Tech (Hons) in Computer Science & Engineering with Specialization in Cloud Computing & Virtualizations,School of Computing Science,B.Tech in CSCC 2016-17 IV Sem VIII,,Exam Fee,10000,0,0,0,0,0,0,0,0,DUE
237921,1/8/2016,2016-2017,2016-2017,AIE,DUE,503655,16CCCE105025,16CCCE105025,Alumni,General,School of Computing Science & Engineering,B.Tech (Hons) in Computer Science & Engineering with Specialization in Cloud Computing & Virtualizations,School of Computing Science,B.Tech in CSCC 2016-17 IV Sem VIII,,Library BookC Recieved,1400,0,0,0,0,0,0,0,0,DUE
237922,1/8/2016,2016-2017,2016-2017,AIE,DUE,460642,16CCCE101853,16CCCE101853,Alumni,General,School of Computing Science & Engineering,B.Tech/B.Tech (Hons) Computer Science Engineering,School of Computing Science,B.Tech in CSE 2016-17 IV Sem VIII,,TUITION FEE,149000,0,0,0,0,0,0,0,0,DUE
237923,1/8/2016,2016-2017,2016-2017,AIE,DUE,460642,16CCCE101853,16CCCE101853,Alumni,General,School of Computing Science & Engineering,B.Tech/B.Tech (Hons) Computer Science Engineering,School of Computing Science,B.Tech in CSE 2016-17 IV Sem VIII,,Exam Fee,10000,0,0,0,0,0,0,0,0,DUE
237924,1/8/2016,2016-2017,2016-2017,AIE,DUE,460642,16CCCE101853,16CCCE101853,Alumni,General,School of Computing Science & Engineering,B.Tech/B.Tech (Hons) Computer Science Engineering,School of Computing Science,B.Tech in CSE 2016-17 IV Sem VIII,,Library BookC Recieved,1400,0,0,0,0,0,0,0,0,DUE
237925,1/8/2016,2016-2017,2016-2017,AIE,DUE,459449,16CCCE101580,16CCCE101580,Alumni,General,School of Computing Science & Engineering,B.Tech/B.Tech (Hons) Computer Science Engineering,School of Computing Science,B.Tech in CSE 2016-17 IV Sem VIII,,TUITION FEE,149000,0,0,0,0,0,0,0,0,DUE
237926,1/8/2016,2016-2017,2016-2017,AIE,DUE,459449,16CCCE101580,16CCCE101580,Alumni,General,School of Computing Science & Engineering,B.Tech/B.Tech (Hons) Computer Science Engineering,School of Computing Science,B.Tech in CSE 2016-17 IV Sem VIII,,Exam Fee,10000,0,0,0,0,0,0,0,0,DUE
237927,1/8/2016,2016-2017,2016-2017,AIE,DUE,459449,16CCCE101580,16CCCE101580,Alumni,General,School of Computing Science & Engineering,B.Tech/B.Tech (Hons) Computer Science Engineering,School of Computing Science,B.Tech in CSE 2016-17 IV Sem VIII,,Library BookC Recieved,1400,0,0,0,0,0,0,0,0,DUE
237928,1/8/2016,2016-2017,2016-2017,NRI,DUE,456551,16CCME101133,16CCME101133,Alumni,General,School of Mechanical Engineering,B.Tech/B.Tech (Hons) Mechanical Engineering,School of Mechanical Engineering,ME 2016-2017 IV Sem VIII,,TUITION FEE,210000,0,0,0,0,0,0,0,0,DUE
237929,1/8/2016,2016-2017,2016-2017,NRI,DUE,456551,16CCME101133,16CCME101133,Alumni,General,School of Mechanical Engineering,B.Tech/B.Tech (Hons) Mechanical Engineering,School of Mechanical Engineering,ME 2016-2017 IV Sem VIII,,Exam Fee,12000,0,0,0,0,0,0,0,0,DUE
237930,1/8/2016,2016-2017,2016-2017,NRI,DUE,456551,16CCME101133,16CCME101133,Alumni,General,School of Mechanical Engineering,B.Tech/B.Tech (Hons) Mechanical Engineering,School of Mechanical Engineering,ME 2016-2017 IV Sem VIII,,Library BookC Recieved,1899,0,0,0,0,0,0,0,0,DUE
237931,1/8/2016,2016-2017,2016-2017,AIE,DUE,456542,16CCME101132,16CCME101132,Alumni,General,School of Mechanical Engineering,B.Tech/B.Tech (Hons) Mechanical Engineering,School of Mechanical Engineering,ME 2016-2017 IV Sem VIII,,TUITION FEE,149000,0,0,0,0,0,0,0,0,DUE
237932,1/8/2016,2016-2017,2016-2017,AIE,DUE,456542,16CCME101132,16CCME101132,Alumni,General,School of Mechanical Engineering,B.Tech/B.Tech (Hons) Mechanical Engineering,School of Mechanical Engineering,ME 2016-2017 IV Sem VIII,,Exam Fee,10000,0,0,0,0,0,0,0,0,DUE
237933,1/8/2016,2016-2017,2016-2017,AIE,DUE,456542,16CCME101132,16CCME101132,Alumni,General,School of Mechanical Engineering,B.Tech/B.Tech (Hons) Mechanical Engineering,School of Mechanical Engineering,ME 2016-2017 IV Sem VIII,,Library BookC Recieved,1400,0,0,0,0,0,0,0,0,DUE
237934,1/8/2016,2016-2017,2016-2017,AIE,DUE,455872,16CBAC101077,16CBAC101077,Alumni,General,School of Basic & Applied Sciences,B.Sc.(Hons) Forensic Sciences,School of Basic,B.Sc.(Hons) Forensic Sciences IV Sem VII,,TUITION FEE,50000,0,0,0,0,0,0,0,0,DUE
237935,1/8/2016,2016-2017,2016-2017,AIE,DUE,455872,16CBAC101077,16CBAC101077,Alumni,General,School of Basic & Applied Sciences,B.Sc.(Hons) Forensic Sciences,School of Basic,B.Sc.(Hons) Forensic Sciences IV Sem VII,,Exam Fee,10000,0,0,0,0,0,0,0,0,DUE
237936,1/8/2016,2016-2017,2016-2017,AIE,DUE,456646,16CCME101159,16CCME101159,Year Back,General,School of Mechanical Engineering,B.Tech/B.Tech (Hons) Mechanical Engineering,School of Mechanical Engineering,ME 2016-2017 II Sem IV,,TUITION FEE,149000,0,0,0,0,0,0,0,0,DUE
237937,1/8/2016,2016-2017,2016-2017,AIE,DUE,456646,16CCME101159,16CCME101159,Year Back,General,School of Mechanical Engineering,B.Tech/B.Tech (Hons) Mechanical Engineering,School of Mechanical Engineering,ME 2016-2017 II Sem IV,,Exam Fee,10000,0,0,0,0,0,0,0,0,DUE
237938,1/8/2016,2016-2017,2016-2017,AIE,DUE,456646,16CCME101159,16CCME101159,Year Back,General,School of Mechanical Engineering,B.Tech/B.Tech (Hons) Mechanical Engineering,School of Mechanical Engineering,ME 2016-2017 II Sem IV,,Fine Fee,1600,0,0,0,0,0,0,0,0,DUE
237939,1/8/2016,2016-2017,2016-2017,AIE,DUE,456646,16CCME101159,16CCME101159,Year Back,General,School of Mechanical Engineering,B.Tech/B.Tech (Hons) Mechanical Engineering,School of Mechanical Engineering,ME 2016-2017 II Sem IV,,Library BookC Recieved,1899,0,0,0,0,0,0,0,0,DUE
237940,1/8/2016,2016-2017,2016-2017,AIE,DUE,460646,16CCCE101854,16CCCE101854,Cancelled,General,School of Computing Science & Engineering,B.Tech/B.Tech (Hons) Computer Science Engineering,School of Computing Science,B.Tech in CSE 2017-18 III Sem V,,TUITION FEE,149000,0,0,0,0,0,0,0,0,DUE
237941,1/8/2016,2016-2017,2016-2017,AIE,DUE,460646,16CCCE101854,16CCCE101854,Cancelled,General,School of Computing Science & Engineering,B.Tech/B.Tech (Hons) Computer Science Engineering,School of Computing Science,B.Tech in CSE 2017-18 III Sem V,,Exam Fee,10000,0,0,0,0,0,0,0,0,DUE
237942,1/8/2016,2016-2017,2016-2017,AIE,DUE,460646,16CCCE101854,16CCCE101854,Cancelled,General,School of Computing Science & Engineering,B.Tech/B.Tech (Hons) Computer Science Engineering,School of Computing Science,B.Tech in CSE 2017-18 III Sem V,,Library BookC Recieved,1400,0,0,0,0,0,0,0,0,DUE
237943,1/8/2016,2016-2017,2016-2017,AIE,DUE,457065,16CCCE101047,16CCCE101047,Alumni,General,School of Mechanical Engineering,B.Tech/B.Tech (Hons) Mechanical Engineering,School of Mechanical Engineering,ME 2016-2017 IV Sem VIII,,TUITION FEE,149000,0,0,0,0,0,0,0,0,DUE
237944,1/8/2016,2016-2017,2016-2017,AIE,DUE,457065,16CCCE101047,16CCCE101047,Alumni,General,School of Mechanical Engineering,B.Tech/B.Tech (Hons) Mechanical Engineering,School of Mechanical Engineering,ME 2016-2017 IV Sem VIII,,Exam Fee,10000,0,0,0,0,0,0,0,0,DUE
237945,1/8/2016,2016-2017,2016-2017,AIE,DUE,457065,16CCCE101047,16CCCE101047,Alumni,General,School of Mechanical Engineering,B.Tech/B.Tech (Hons) Mechanical Engineering,School of Mechanical Engineering,ME 2016-2017 IV Sem VIII,,Library BookC Recieved,1899,0,0,0,0,0,0,0,0,DUE
237946,1/8/2016,2016-2017,2016-2017,AIE,DUE,457065,16CCCE101047,16CCCE101047,Alumni,General,School of Mechanical Engineering,B.Tech/B.Tech (Hons) Mechanical Engineering,School of Mechanical Engineering,ME 2016-2017 IV Sem VIII,,Sport Activity Received,500,0,0,0,0,0,0,0,0,DUE
237947,1/8/2016,2016-2017,2016-2017,AIE,DUE,457078,16CCCE101048,16CCCE101048,Alumni,General,School of Computing Science & Engineering,B.Tech/B.Tech (Hons) Computer Science Engineering,School of Computing Science,B.Tech in CSE 2016-17 IV Sem VIII,,TUITION FEE,149000,0,0,0,0,0,0,0,0,DUE
237948,1/8/2016,2016-2017,2016-2017,AIE,DUE,457078,16CCCE101048,16CCCE101048,Alumni,General,School of Computing Science & Engineering,B.Tech/B.Tech (Hons) Computer Science Engineering,School of Computing Science,B.Tech in CSE 2016-17 IV Sem VIII,,Exam Fee,10000,0,0,0,0,0,0,0,0,DUE
237949,1/8/2016,2016-2017,2016-2017,AIE,DUE,457078,16CCCE101048,16CCCE101048,Alumni,General,School of Computing Science & Engineering,B.Tech/B.Tech (Hons) Computer Science Engineering,School of Computing Science,B.Tech in CSE 2016-17 IV Sem VIII,,Library BookC Recieved,1899,0,0,0,0,0,0,0,0,DUE
237950,1/8/2016,2016-2017,2016-2017,AIE,DUE,503678,16CCCE105046,16CCCE105046,Alumni,General,School of Computing Science & Engineering,B.Tech (Hons) in Computer Science & Engineering with Specialization in Cloud Computing & Virtualizations,School of Computing Science,B.Tech in CSCC 2016-17 IV Sem VIII,,TUITION FEE,170000,0,0,0,0,0,0,0,0,DUE
237951,1/8/2016,2016-2017,2016-2017,AIE,DUE,503678,16CCCE105046,16CCCE105046,Alumni,General,School of Computing Science & Engineering,B.Tech (Hons) in Computer Science & Engineering with Specialization in Cloud Computing & Virtualizations,School of Computing Science,B.Tech in CSCC 2016-17 IV Sem VIII,,Exam Fee,10000,0,0,0,0,0,0,0,0,DUE
237952,1/8/2016,2016-2017,2016-2017,AIE,DUE,503678,16CCCE105046,16CCCE105046,Alumni,General,School of Computing Science & Engineering,B.Tech (Hons) in Computer Science & Engineering with Specialization in Cloud Computing & Virtualizations,School of Computing Science,B.Tech in CSCC 2016-17 IV Sem VIII,,Library BookC Recieved,1400,0,0,0,0,0,0,0,0,DUE
237953,1/8/2016,2016-2017,2016-2017,AIE,DUE,503678,16CCCE105046,16CCCE105046,Alumni,General,School of Computing Science & Engineering,B.Tech (Hons) in Computer Science & Engineering with Specialization in Cloud Computing & Virtualizations,School of Computing Science,B.Tech in CSCC 2016-17 IV Sem VIII,,Sport Activity Received,700,0,0,0,0,0,0,0,0,DUE
237954,1/8/2016,2016-2017,2016-2017,AIE,RCPT,761700,16GPTC406035,16GPTC406035,No Information,General,Gs Polytechnic,Diploma in Computer Science & Engineering,Gs Polytechnic,COMPUTER SCIENCE  ENGINEERING 2015-2016 III Sem VI,3.22E+11,TUITION FEE,0,35000,0,0,0,0,0,0,0,
237955,1/8/2016,2016-2017,2016-2017,AIE,RCPT,761700,16GPTC406035,16GPTC406035,No Information,General,Gs Polytechnic,Diploma in Computer Science & Engineering,Gs Polytechnic,COMPUTER SCIENCE  ENGINEERING 2015-2016 III Sem VI,3.22E+11,Exam Fee,0,10000,0,0,0,0,0,0,0,
237956,1/8/2016,2016-2017,2016-2017,AIE,DUE,460709,16CCCE101869,16CCCE101869,Year Back,General,School of Computing Science & Engineering,B.Tech/B.Tech (Hons) Computer Science Engineering,School of Computing Science,B.Tech First Year 2017-2018 I Sem II,,TUITION FEE,149000,0,0,0,0,0,0,0,0,DUE
237957,1/8/2016,2016-2017,2016-2017,AIE,DUE,460709,16CCCE101869,16CCCE101869,Year Back,General,School of Computing Science & Engineering,B.Tech/B.Tech (Hons) Computer Science Engineering,School of Computing Science,B.Tech First Year 2017-2018 I Sem II,,Exam Fee,10000,0,0,0,0,0,0,0,0,DUE
237958,1/8/2016,2016-2017,2016-2017,AIE,DUE,460709,16CCCE101869,16CCCE101869,Year Back,General,School of Computing Science & Engineering,B.Tech/B.Tech (Hons) Computer Science Engineering,School of Computing Science,B.Tech First Year 2017-2018 I Sem II,,Library BookC Recieved,1400,0,0,0,0,0,0,0,0,DUE
237959,1/8/2016,2016-2017,2016-2017,AIE,DUE,456512,16CCME101119,16CCME101119,Alumni,General,School of Computing Science & Engineering,B.Tech/B.Tech (Hons) Computer Science Engineering,School of Computing Science,B.Tech in CSE 2016-17 IV Sem VIII,,TUITION FEE,149000,0,0,0,0,0,0,0,0,DUE
237960,1/8/2016,2016-2017,2016-2017,AIE,DUE,456512,16CCME101119,16CCME101119,Alumni,General,School of Computing Science & Engineering,B.Tech/B.Tech (Hons) Computer Science Engineering,School of Computing Science,B.Tech in CSE 2016-17 IV Sem VIII,,Exam Fee,10000,0,0,0,0,0,0,0,0,DUE
237961,1/8/2016,2016-2017,2016-2017,AIE,DUE,456512,16CCME101119,16CCME101119,Alumni,General,School of Computing Science & Engineering,B.Tech/B.Tech (Hons) Computer Science Engineering,School of Computing Science,B.Tech in CSE 2016-17 IV Sem VIII,,Library BookC Recieved,1899,0,0,0,0,0,0,0,0,DUE
237962,1/8/2016,2016-2017,2016-2017,AIE,DUE,460697,16CCCE101866,16CCCE101866,Alumni,General,School of Computing Science & Engineering,B.Tech/B.Tech (Hons) Computer Science Engineering,School of Computing Science,B.Tech in CSE 2016-17 IV Sem VIII,,TUITION FEE,149000,0,0,0,0,0,0,0,0,DUE
237963,1/8/2016,2016-2017,2016-2017,AIE,DUE,460697,16CCCE101866,16CCCE101866,Alumni,General,School of Computing Science & Engineering,B.Tech/B.Tech (Hons) Computer Science Engineering,School of Computing Science,B.Tech in CSE 2016-17 IV Sem VIII,,Exam Fee,10000,0,0,0,0,0,0,0,0,DUE
237964,1/8/2016,2016-2017,2016-2017,AIE,DUE,460697,16CCCE101866,16CCCE101866,Alumni,General,School of Computing Science & Engineering,B.Tech/B.Tech (Hons) Computer Science Engineering,School of Computing Science,B.Tech in CSE 2016-17 IV Sem VIII,,Library BookC Recieved,1400,0,0,0,0,0,0,0,0,DUE
237965,1/8/2016,2016-2017,2016-2017,AIE,DUE,460713,16CCCE101870,16CCCE101870,No Information,General,School of Computing Science & Engineering,B.Tech/B.Tech (Hons) Computer Science Engineering,School of Computing Science,B.Tech in CSE 2016-17 II Sem IV,,TUITION FEE,170000,0,0,0,0,0,0,0,0,DUE
237966,1/8/2016,2016-2017,2016-2017,AIE,DUE,460713,16CCCE101870,16CCCE101870,No Information,General,School of Computing Science & Engineering,B.Tech/B.Tech (Hons) Computer Science Engineering,School of Computing Science,B.Tech in CSE 2016-17 II Sem IV,,Exam Fee,10000,0,0,0,0,0,0,0,0,DUE
237967,1/8/2016,2016-2017,2016-2017,AIE,DUE,460713,16CCCE101870,16CCCE101870,No Information,General,School of Computing Science & Engineering,B.Tech/B.Tech (Hons) Computer Science Engineering,School of Computing Science,B.Tech in CSE 2016-17 II Sem IV,,Library BookC Recieved,1400,0,0,0,0,0,0,0,0,DUE
237968,1/8/2016,2016-2017,2016-2017,AIE,DUE,455894,16CBAC101082,16CBAC101082,Alumni,General,School of Basic & Applied Sciences,B.Sc.(Hons) Forensic Sciences,School of Basic,B.Sc.(Hons) Forensic Sciences IV Sem VII,,TUITION FEE,50000,0,0,0,0,0,0,0,0,DUE
237969,1/8/2016,2016-2017,2016-2017,AIE,DUE,455894,16CBAC101082,16CBAC101082,Alumni,General,School of Basic & Applied Sciences,B.Sc.(Hons) Forensic Sciences,School of Basic,B.Sc.(Hons) Forensic Sciences IV Sem VII,,Exam Fee,10000,0,0,0,0,0,0,0,0,DUE
237970,1/8/2016,2016-2017,2016-2017,AIE,DUE,494776,15CCME101102,15CCME101102,Withdrawn,General,School of Mechanical Engineering,B.Tech/B.Tech (Hons) Mechanical Engineering,School of Mechanical Engineering,ME 2016-2017 III Sem V,,TUITION FEE,149000,0,0,0,0,0,0,0,0,DUE
237971,1/8/2016,2016-2017,2016-2017,AIE,DUE,494776,15CCME101102,15CCME101102,Withdrawn,General,School of Mechanical Engineering,B.Tech/B.Tech (Hons) Mechanical Engineering,School of Mechanical Engineering,ME 2016-2017 III Sem V,,Exam Fee,10000,0,0,0,0,0,0,0,0,DUE
237972,1/8/2016,2016-2017,2016-2017,AIE,DUE,494776,15CCME101102,15CCME101102,Withdrawn,General,School of Mechanical Engineering,B.Tech/B.Tech (Hons) Mechanical Engineering,School of Mechanical Engineering,ME 2016-2017 III Sem V,,Degree/Convocation/Certificate fee,1000,0,0,0,0,0,0,0,0,DUE
237973,1/8/2016,2016-2017,2016-2017,AIE,DUE,494776,15CCME101102,15CCME101102,Withdrawn,General,School of Mechanical Engineering,B.Tech/B.Tech (Hons) Mechanical Engineering,School of Mechanical Engineering,ME 2016-2017 III Sem V,,Tuition Fee (Back Paper),7200,0,0,0,0,0,0,0,0,DUE
237974,1/8/2016,2016-2017,2016-2017,AIE,DUE,494776,15CCME101102,15CCME101102,Withdrawn,General,School of Mechanical Engineering,B.Tech/B.Tech (Hons) Mechanical Engineering,School of Mechanical Engineering,ME 2016-2017 III Sem V,,Exam Fee (Back Paper),3000,0,0,0,0,0,0,0,0,DUE
237975,1/8/2016,2016-2017,2016-2017,AIE,DUE,494776,15CCME101102,15CCME101102,Withdrawn,General,School of Mechanical Engineering,B.Tech/B.Tech (Hons) Mechanical Engineering,School of Mechanical Engineering,ME 2016-2017 III Sem V,,Reckecking/Scrutiny Fee,1000,0,0,0,0,0,0,0,0,DUE
237976,1/8/2016,2016-2017,2016-2017,AIE,DUE,460725,16CCCE101873,16CCCE101873,Alumni,General,School of Mechanical Engineering,B.Tech/B.Tech (Hons) Mechanical Engineering,School of Mechanical Engineering,ME 2016-2017 IV Sem VIII,,TUITION FEE,149000,0,0,0,0,0,0,0,0,DUE
237977,1/8/2016,2016-2017,2016-2017,AIE,DUE,460725,16CCCE101873,16CCCE101873,Alumni,General,School of Mechanical Engineering,B.Tech/B.Tech (Hons) Mechanical Engineering,School of Mechanical Engineering,ME 2016-2017 IV Sem VIII,,Exam Fee,10000,0,0,0,0,0,0,0,0,DUE
237978,1/8/2016,2016-2017,2016-2017,AIE,DUE,460725,16CCCE101873,16CCCE101873,Alumni,General,School of Mechanical Engineering,B.Tech/B.Tech (Hons) Mechanical Engineering,School of Mechanical Engineering,ME 2016-2017 IV Sem VIII,,Library BookC Recieved,1899,0,0,0,0,0,0,0,0,DUE
237979,1/8/2016,2016-2017,2016-2017,AIE,DUE,460719,16CCCE101872,16CCCE101872,Alumni,General,School of Computing Science & Engineering,B.Tech/B.Tech (Hons) Computer Science Engineering,School of Computing Science,B.Tech in CSE 2016-17 IV Sem VIII,,TUITION FEE,149000,0,0,0,0,0,0,0,0,DUE
237980,1/8/2016,2016-2017,2016-2017,AIE,DUE,460719,16CCCE101872,16CCCE101872,Alumni,General,School of Computing Science & Engineering,B.Tech/B.Tech (Hons) Computer Science Engineering,School of Computing Science,B.Tech in CSE 2016-17 IV Sem VIII,,Exam Fee,10000,0,0,0,0,0,0,0,0,DUE
237981,1/8/2016,2016-2017,2016-2017,AIE,DUE,460719,16CCCE101872,16CCCE101872,Alumni,General,School of Computing Science & Engineering,B.Tech/B.Tech (Hons) Computer Science Engineering,School of Computing Science,B.Tech in CSE 2016-17 IV Sem VIII,,Library BookC Recieved,1899,0,0,0,0,0,0,0,0,DUE
237982,1/8/2016,2016-2017,2016-2017,AIE,DUE,459419,16CCCE101575,16CCCE101575,Alumni,General,School of Computing Science & Engineering,B.Tech/B.Tech (Hons) Computer Science Engineering,School of Computing Science,B.Tech in CSE 2016-17 IV Sem VIII,,TUITION FEE,149000,0,0,0,0,0,0,0,0,DUE
237983,1/8/2016,2016-2017,2016-2017,AIE,DUE,459419,16CCCE101575,16CCCE101575,Alumni,General,School of Computing Science & Engineering,B.Tech/B.Tech (Hons) Computer Science Engineering,School of Computing Science,B.Tech in CSE 2016-17 IV Sem VIII,,Exam Fee,10000,0,0,0,0,0,0,0,0,DUE
237984,1/8/2016,2016-2017,2016-2017,AIE,DUE,459419,16CCCE101575,16CCCE101575,Alumni,General,School of Computing Science & Engineering,B.Tech/B.Tech (Hons) Computer Science Engineering,School of Computing Science,B.Tech in CSE 2016-17 IV Sem VIII,,Library BookC Recieved,1400,0,0,0,0,0,0,0,0,DUE
237985,1/8/2016,2016-2017,2016-2017,AIE,DUE,460689,16CCCE101865,16CCCE101865,Alumni,General,School of Computing Science & Engineering,B.Tech/B.Tech (Hons) Computer Science Engineering,School of Computing Science,B.Tech in CSE 2016-17 IV Sem VIII,,TUITION FEE,149000,0,0,0,0,0,0,0,0,DUE
237986,1/8/2016,2016-2017,2016-2017,AIE,DUE,460689,16CCCE101865,16CCCE101865,Alumni,General,School of Computing Science & Engineering,B.Tech/B.Tech (Hons) Computer Science Engineering,School of Computing Science,B.Tech in CSE 2016-17 IV Sem VIII,,Exam Fee,10000,0,0,0,0,0,0,0,0,DUE
237987,1/8/2016,2016-2017,2016-2017,AIE,DUE,460689,16CCCE101865,16CCCE101865,Alumni,General,School of Computing Science & Engineering,B.Tech/B.Tech (Hons) Computer Science Engineering,School of Computing Science,B.Tech in CSE 2016-17 IV Sem VIII,,Library BookC Recieved,1400,0,0,0,0,0,0,0,0,DUE
237988,1/8/2016,2016-2017,2016-2017,AIE,DUE,456634,16CCME101157,16CCME101157,Cancelled,General,School of Mechanical Engineering,B.Tech/B.Tech (Hons) Mechanical Engineering,School of Mechanical Engineering,ME 2016-2017 III Sem VI,,TUITION FEE,149000,0,0,0,0,0,0,0,0,DUE
237989,1/8/2016,2016-2017,2016-2017,AIE,DUE,456634,16CCME101157,16CCME101157,Cancelled,General,School of Mechanical Engineering,B.Tech/B.Tech (Hons) Mechanical Engineering,School of Mechanical Engineering,ME 2016-2017 III Sem VI,,Exam Fee,10000,0,0,0,0,0,0,0,0,DUE
237990,1/8/2016,2016-2017,2016-2017,AIE,DUE,456634,16CCME101157,16CCME101157,Cancelled,General,School of Mechanical Engineering,B.Tech/B.Tech (Hons) Mechanical Engineering,School of Mechanical Engineering,ME 2016-2017 III Sem VI,,Library BookC Recieved,1400,0,0,0,0,0,0,0,0,DUE
237991,1/8/2016,2016-2017,2016-2017,AIE,DUE,456642,16CCME101158,16CCME101158,Alumni,General,School of Mechanical Engineering,B.Tech/B.Tech (Hons) Mechanical Engineering,School of Mechanical Engineering,ME 2016-2017 IV Sem VIII,,TUITION FEE,149000,0,0,0,0,0,0,0,0,DUE
237992,1/8/2016,2016-2017,2016-2017,AIE,DUE,456642,16CCME101158,16CCME101158,Alumni,General,School of Mechanical Engineering,B.Tech/B.Tech (Hons) Mechanical Engineering,School of Mechanical Engineering,ME 2016-2017 IV Sem VIII,,Exam Fee,10000,0,0,0,0,0,0,0,0,DUE
237993,1/8/2016,2016-2017,2016-2017,AIE,DUE,456642,16CCME101158,16CCME101158,Alumni,General,School of Mechanical Engineering,B.Tech/B.Tech (Hons) Mechanical Engineering,School of Mechanical Engineering,ME 2016-2017 IV Sem VIII,,Library BookC Recieved,1400,0,0,0,0,0,0,0,0,DUE
237994,1/8/2016,2016-2017,2016-2017,AIE,DUE,455886,16CBAC101080,16CBAC101080,Alumni,General,School of Basic & Applied Sciences,B.Sc.(Hons) Forensic Sciences,School of Basic,B.Sc.(Hons) Forensic Sciences IV Sem VII,,TUITION FEE,50000,0,0,0,0,0,0,0,0,DUE
237995,1/8/2016,2016-2017,2016-2017,AIE,DUE,455886,16CBAC101080,16CBAC101080,Alumni,General,School of Basic & Applied Sciences,B.Sc.(Hons) Forensic Sciences,School of Basic,B.Sc.(Hons) Forensic Sciences IV Sem VII,,Exam Fee,10000,0,0,0,0,0,0,0,0,DUE
237996,1/8/2016,2016-2017,2016-2017,AIE,DUE,455882,16CBAC101079,16CBAC101079,Alumni,General,School of Basic & Applied Sciences,B.Sc.(Hons) Forensic Sciences,School of Basic,B.Sc.(Hons) Forensic Sciences IV Sem VII,,TUITION FEE,50000,0,0,0,0,0,0,0,0,DUE
237997,1/8/2016,2016-2017,2016-2017,AIE,DUE,455882,16CBAC101079,16CBAC101079,Alumni,General,School of Basic & Applied Sciences,B.Sc.(Hons) Forensic Sciences,School of Basic,B.Sc.(Hons) Forensic Sciences IV Sem VII,,Exam Fee,10000,0,0,0,0,0,0,0,0,DUE
237998,1/8/2016,2016-2017,2016-2017,AIE,RCPT,761699,16GPTC406036,16GPTC406036,Alumni,General,Gs Polytechnic,Diploma in Computer Science & Engineering,Gs Polytechnic,COMPUTER SCIENCE ENGINEERING 2016-2017 IV Sem VII,3.22E+11,TUITION FEE,0,35000,0,0,0,0,0,0,0,
237999,1/8/2016,2016-2017,2016-2017,AIE,RCPT,761699,16GPTC406036,16GPTC406036,Alumni,General,Gs Polytechnic,Diploma in Computer Science & Engineering,Gs Polytechnic,COMPUTER SCIENCE ENGINEERING 2016-2017 IV Sem VII,3.22E+11,Exam Fee,0,10000,0,0,0,0,0,0,0,
238000,1/8/2016,2016-2017,2016-2017,AIE,DUE,456519,16CCME101122,16CCME101122,Alumni,General,School of Mechanical Engineering,B.Tech/B.Tech (Hons) Mechanical Engineering,School of Mechanical Engineering,ME 2016-2017 IV Sem VIII,,TUITION FEE,149000,0,0,0,0,0,0,0,0,DUE
238001,1/8/2016,2016-2017,2016-2017,AIE,DUE,456519,16CCME101122,16CCME101122,Alumni,General,School of Mechanical Engineering,B.Tech/B.Tech (Hons) Mechanical Engineering,School of Mechanical Engineering,ME 2016-2017 IV Sem VIII,,Exam Fee,10000,0,0,0,0,0,0,0,0,DUE
238002,1/8/2016,2016-2017,2016-2017,AIE,DUE,456519,16CCME101122,16CCME101122,Alumni,General,School of Mechanical Engineering,B.Tech/B.Tech (Hons) Mechanical Engineering,School of Mechanical Engineering,ME 2016-2017 IV Sem VIII,,Fine Fee,1600,0,0,0,0,0,0,0,0,DUE
238003,1/8/2016,2016-2017,2016-2017,AIE,DUE,456519,16CCME101122,16CCME101122,Alumni,General,School of Mechanical Engineering,B.Tech/B.Tech (Hons) Mechanical Engineering,School of Mechanical Engineering,ME 2016-2017 IV Sem VIII,,Library BookC Recieved,1899,0,0,0,0,0,0,0,0,DUE
238004,1/8/2016,2016-2017,2016-2017,AIE,DUE,459424,16CCCE101576,16CCCE101576,Year Back,General,School of Computing Science & Engineering,B.Tech/B.Tech (Hons) Computer Science Engineering,School of Computing Science,B.Tech in CSE 2017-18 II Sem III,,TUITION FEE,149000,0,0,0,0,0,0,0,0,DUE
238005,1/8/2016,2016-2017,2016-2017,AIE,DUE,459424,16CCCE101576,16CCCE101576,Year Back,General,School of Computing Science & Engineering,B.Tech/B.Tech (Hons) Computer Science Engineering,School of Computing Science,B.Tech in CSE 2017-18 II Sem III,,Exam Fee,10000,0,0,0,0,0,0,0,0,DUE
238006,1/8/2016,2016-2017,2016-2017,AIE,DUE,459424,16CCCE101576,16CCCE101576,Year Back,General,School of Computing Science & Engineering,B.Tech/B.Tech (Hons) Computer Science Engineering,School of Computing Science,B.Tech in CSE 2017-18 II Sem III,,Library BookC Recieved,1899,0,0,0,0,0,0,0,0,DUE
238007,1/8/2016,2016-2017,2016-2017,AIE,DUE,455890,16CBAC101081,16CBAC101081,Alumni,General,School of Basic & Applied Sciences,B.Sc.(Hons) Forensic Sciences,School of Basic,B.Sc.(Hons) Forensic Sciences IV Sem VII,,TUITION FEE,50000,0,0,0,0,0,0,0,0,DUE
238008,1/8/2016,2016-2017,2016-2017,AIE,DUE,455890,16CBAC101081,16CBAC101081,Alumni,General,School of Basic & Applied Sciences,B.Sc.(Hons) Forensic Sciences,School of Basic,B.Sc.(Hons) Forensic Sciences IV Sem VII,,Exam Fee,10000,0,0,0,0,0,0,0,0,DUE
238009,1/8/2016,2016-2017,2016-2017,AIE,DUE,455748,16CBAC101043,16CBAC101043,Alumni,General,School of Basic & Applied Sciences,B.Sc.(Hons) Forensic Sciences,School of Basic,B.Sc.(Hons) Forensic Sciences IV Sem VII,,TUITION FEE,50000,0,0,0,0,0,0,0,0,DUE
238010,1/8/2016,2016-2017,2016-2017,AIE,DUE,455748,16CBAC101043,16CBAC101043,Alumni,General,School of Basic & Applied Sciences,B.Sc.(Hons) Forensic Sciences,School of Basic,B.Sc.(Hons) Forensic Sciences IV Sem VII,,Exam Fee,10000,0,0,0,0,0,0,0,0,DUE
238011,1/8/2016,2016-2017,2016-2017,AIE,DUE,460682,16CCCE101864,16CCCE101864,Withdrawn,General,School of Computing Science & Engineering,B.Tech/B.Tech (Hons) Computer Science Engineering,School of Computing Science,B.Tech in CSE 2016-17 III Sem V,,TUITION FEE,149000,0,0,0,0,0,0,0,0,DUE
238012,1/8/2016,2016-2017,2016-2017,AIE,DUE,460682,16CCCE101864,16CCCE101864,Withdrawn,General,School of Computing Science & Engineering,B.Tech/B.Tech (Hons) Computer Science Engineering,School of Computing Science,B.Tech in CSE 2016-17 III Sem V,,Exam Fee,10000,0,0,0,0,0,0,0,0,DUE
238013,1/8/2016,2016-2017,2016-2017,AIE,DUE,460682,16CCCE101864,16CCCE101864,Withdrawn,General,School of Computing Science & Engineering,B.Tech/B.Tech (Hons) Computer Science Engineering,School of Computing Science,B.Tech in CSE 2016-17 III Sem V,,Library BookC Recieved,1400,0,0,0,0,0,0,0,0,DUE
238014,1/8/2016,2016-2017,2016-2017,AIE,DUE,460682,16CCCE101864,16CCCE101864,Withdrawn,General,School of Computing Science & Engineering,B.Tech/B.Tech (Hons) Computer Science Engineering,School of Computing Science,B.Tech in CSE 2016-17 III Sem V,,Sport Activity Received,700,0,0,0,0,0,0,0,0,DUE
238015,1/8/2016,2016-2017,2016-2017,AIE,DUE,460637,16CCCE101851,16CCCE101851,No Information,General,School of Computing Science & Engineering,B.Tech/B.Tech (Hons) Computer Science Engineering,School of Computing Science,B.Tech in CSE 2016-17 II Sem IV,,TUITION FEE,149000,0,0,0,0,0,0,0,0,DUE
238016,1/8/2016,2016-2017,2016-2017,AIE,DUE,460637,16CCCE101851,16CCCE101851,No Information,General,School of Computing Science & Engineering,B.Tech/B.Tech (Hons) Computer Science Engineering,School of Computing Science,B.Tech in CSE 2016-17 II Sem IV,,Exam Fee,10000,0,0,0,0,0,0,0,0,DUE
238017,1/8/2016,2016-2017,2016-2017,AIE,DUE,460637,16CCCE101851,16CCCE101851,No Information,General,School of Computing Science & Engineering,B.Tech/B.Tech (Hons) Computer Science Engineering,School of Computing Science,B.Tech in CSE 2016-17 II Sem IV,,Library BookC Recieved,1400,0,0,0,0,0,0,0,0,DUE
238018,1/8/2016,2016-2017,2016-2017,AIE,DUE,456655,16CCME101161,16CCME101161,Alumni,General,School of Mechanical Engineering,B.Tech/B.Tech (Hons) Mechanical Engineering,School of Mechanical Engineering,ME 2016-2017 IV Sem VIII,,TUITION FEE,149000,0,0,0,0,0,0,0,0,DUE
238019,1/8/2016,2016-2017,2016-2017,AIE,DUE,456655,16CCME101161,16CCME101161,Alumni,General,School of Mechanical Engineering,B.Tech/B.Tech (Hons) Mechanical Engineering,School of Mechanical Engineering,ME 2016-2017 IV Sem VIII,,Exam Fee,10000,0,0,0,0,0,0,0,0,DUE
238020,1/8/2016,2016-2017,2016-2017,AIE,DUE,456655,16CCME101161,16CCME101161,Alumni,General,School of Mechanical Engineering,B.Tech/B.Tech (Hons) Mechanical Engineering,School of Mechanical Engineering,ME 2016-2017 IV Sem VIII,,Library BookC Recieved,1400,0,0,0,0,0,0,0,0,DUE
238021,1/8/2016,2016-2017,2016-2017,AIE,DUE,460588,16CCCE101841,16CCCE101841,Alumni,General,School of Computing Science & Engineering,B.Tech/B.Tech (Hons) Computer Science Engineering,School of Computing Science,B.Tech in CSE 2016-17 IV Sem VIII,,TUITION FEE,149000,0,0,0,0,0,0,0,0,DUE
238022,1/8/2016,2016-2017,2016-2017,AIE,DUE,460588,16CCCE101841,16CCCE101841,Alumni,General,School of Computing Science & Engineering,B.Tech/B.Tech (Hons) Computer Science Engineering,School of Computing Science,B.Tech in CSE 2016-17 IV Sem VIII,,Exam Fee,10000,0,0,0,0,0,0,0,0,DUE
238023,1/8/2016,2016-2017,2016-2017,AIE,DUE,460588,16CCCE101841,16CCCE101841,Alumni,General,School of Computing Science & Engineering,B.Tech/B.Tech (Hons) Computer Science Engineering,School of Computing Science,B.Tech in CSE 2016-17 IV Sem VIII,,Library BookC Recieved,1400,0,0,0,0,0,0,0,0,DUE
238024,1/8/2016,2016-2017,2016-2017,AIE,DUE,456972,16CCCE101027,16CCCE101027,Active,General,School of Computing Science & Engineering,B.Tech/B.Tech (Hons) Computer Science Engineering,School of Computing Science,B.Tech in CSE 2016-17 IV Sem VIII,,TUITION FEE,149000,0,0,0,0,0,0,0,0,DUE
238025,1/8/2016,2016-2017,2016-2017,AIE,DUE,456972,16CCCE101027,16CCCE101027,Active,General,School of Computing Science & Engineering,B.Tech/B.Tech (Hons) Computer Science Engineering,School of Computing Science,B.Tech in CSE 2016-17 IV Sem VIII,,Exam Fee,10000,0,0,0,0,0,0,0,0,DUE
238026,1/8/2016,2016-2017,2016-2017,AIE,DUE,456972,16CCCE101027,16CCCE101027,Active,General,School of Computing Science & Engineering,B.Tech/B.Tech (Hons) Computer Science Engineering,School of Computing Science,B.Tech in CSE 2016-17 IV Sem VIII,,Library BookC Recieved,1400,0,0,0,0,0,0,0,0,DUE
238027,1/8/2016,2016-2017,2016-2017,AIE,DUE,456965,16CCCE101026,16CCCE101026,Alumni,General,School of Computing Science & Engineering,B.Tech/B.Tech (Hons) Computer Science Engineering,School of Computing Science,B.Tech in CSE 2016-17 IV Sem VIII,,TUITION FEE,149000,0,0,0,0,0,0,0,0,DUE
238028,1/8/2016,2016-2017,2016-2017,AIE,DUE,456965,16CCCE101026,16CCCE101026,Alumni,General,School of Computing Science & Engineering,B.Tech/B.Tech (Hons) Computer Science Engineering,School of Computing Science,B.Tech in CSE 2016-17 IV Sem VIII,,Exam Fee,10000,0,0,0,0,0,0,0,0,DUE
238029,1/8/2016,2016-2017,2016-2017,AIE,DUE,456965,16CCCE101026,16CCCE101026,Alumni,General,School of Computing Science & Engineering,B.Tech/B.Tech (Hons) Computer Science Engineering,School of Computing Science,B.Tech in CSE 2016-17 IV Sem VIII,,Library BookC Recieved,1899,0,0,0,0,0,0,0,0,DUE
238030,1/8/2016,2016-2017,2016-2017,AIE,DUE,456965,16CCCE101026,16CCCE101026,Alumni,General,School of Computing Science & Engineering,B.Tech/B.Tech (Hons) Computer Science Engineering,School of Computing Science,B.Tech in CSE 2016-17 IV Sem VIII,,Sport Activity Received,1400,0,0,0,0,0,0,0,0,DUE
238031,1/8/2016,2016-2017,2016-2017,AIE,DUE,459460,16CCCE101582,16CCCE101582,Alumni,General,School of Computing Science & Engineering,B.Tech/B.Tech (Hons) Computer Science Engineering,School of Computing Science,B.Tech in CSE 2016-17 IV Sem VIII,,TUITION FEE,149000,0,0,0,0,0,0,0,0,DUE
238032,1/8/2016,2016-2017,2016-2017,AIE,DUE,459460,16CCCE101582,16CCCE101582,Alumni,General,School of Computing Science & Engineering,B.Tech/B.Tech (Hons) Computer Science Engineering,School of Computing Science,B.Tech in CSE 2016-17 IV Sem VIII,,Exam Fee,10000,0,0,0,0,0,0,0,0,DUE
238033,1/8/2016,2016-2017,2016-2017,AIE,DUE,459460,16CCCE101582,16CCCE101582,Alumni,General,School of Computing Science & Engineering,B.Tech/B.Tech (Hons) Computer Science Engineering,School of Computing Science,B.Tech in CSE 2016-17 IV Sem VIII,,Library BookC Recieved,1899,0,0,0,0,0,0,0,0,DUE
238034,1/8/2016,2016-2017,2016-2017,AIE,DUE,460591,16CCCE101842,16CCCE101842,No Information,General,School of Computing Science & Engineering,B.Tech/B.Tech (Hons) Computer Science Engineering,School of Computing Science,B.Tech in CSE 2016-17 II Sem IV,,TUITION FEE,149000,0,0,0,0,0,0,0,0,DUE
238035,1/8/2016,2016-2017,2016-2017,AIE,DUE,460591,16CCCE101842,16CCCE101842,No Information,General,School of Computing Science & Engineering,B.Tech/B.Tech (Hons) Computer Science Engineering,School of Computing Science,B.Tech in CSE 2016-17 II Sem IV,,Exam Fee,10000,0,0,0,0,0,0,0,0,DUE
238036,1/8/2016,2016-2017,2016-2017,AIE,DUE,460591,16CCCE101842,16CCCE101842,No Information,General,School of Computing Science & Engineering,B.Tech/B.Tech (Hons) Computer Science Engineering,School of Computing Science,B.Tech in CSE 2016-17 II Sem IV,,Library BookC Recieved,1400,0,0,0,0,0,0,0,0,DUE
238037,1/8/2016,2016-2017,2016-2017,AIE,DUE,500965,16CBAC101027,16CBAC101027,Alumni,General,School of Basic & Applied Sciences,B.Sc.(Hons) Forensic Sciences,School of Basic,B.Sc.(Hons) Forensic Sciences IV Sem VII,,TUITION FEE,50000,0,0,0,0,0,0,0,0,DUE
238038,1/8/2016,2016-2017,2016-2017,AIE,DUE,500965,16CBAC101027,16CBAC101027,Alumni,General,School of Basic & Applied Sciences,B.Sc.(Hons) Forensic Sciences,School of Basic,B.Sc.(Hons) Forensic Sciences IV Sem VII,,Exam Fee,10000,0,0,0,0,0,0,0,0,DUE
238039,1/8/2016,2016-2017,2016-2017,AIE,DUE,493357,15GCOL102006,15GCOL102006,Active,General,School of Law,Integrated BA + LLB (Hons.),School of Law,BALLB 2016-2017 V SEM X,,TUITION FEE,100000,0,0,0,0,0,0,0,0,DUE
238040,1/8/2016,2016-2017,2016-2017,AIE,DUE,493357,15GCOL102006,15GCOL102006,Active,General,School of Law,Integrated BA + LLB (Hons.),School of Law,BALLB 2016-2017 V SEM X,,Exam Fee,10000,0,0,0,0,0,0,0,0,DUE
238041,1/8/2016,2016-2017,2016-2017,AIE,DUE,493357,15GCOL102006,15GCOL102006,Active,General,School of Law,Integrated BA + LLB (Hons.),School of Law,BALLB 2016-2017 V SEM X,,Fine Fee,6400,0,0,0,0,0,0,0,0,DUE
238042,1/8/2016,2016-2017,2016-2017,AIE,DUE,493357,15GCOL102006,15GCOL102006,Active,General,School of Law,Integrated BA + LLB (Hons.),School of Law,BALLB 2016-2017 V SEM X,,Tuition Fee (Back Paper),16200,0,0,0,0,0,0,0,0,DUE
238043,1/8/2016,2016-2017,2016-2017,AIE,DUE,493357,15GCOL102006,15GCOL102006,Active,General,School of Law,Integrated BA + LLB (Hons.),School of Law,BALLB 2016-2017 V SEM X,,Exam Fee (Back Paper),6000,0,0,0,0,0,0,0,0,DUE
238044,1/8/2016,2016-2017,2016-2017,AIE,DUE,493357,15GCOL102006,15GCOL102006,Active,General,School of Law,Integrated BA + LLB (Hons.),School of Law,BALLB 2016-2017 V SEM X,,Reckecking/Scrutiny Fee,5000,0,0,0,0,0,0,0,0,DUE
238045,1/8/2016,2016-2017,2016-2017,AIE,DUE,456990,16CCCE101029,16CCCE101029,Alumni,General,School of Computing Science & Engineering,B.Tech/B.Tech (Hons) Computer Science Engineering,School of Computing Science,B.Tech in CSE 2016-17 IV Sem VIII,,TUITION FEE,149000,0,0,0,0,0,0,0,0,DUE
238046,1/8/2016,2016-2017,2016-2017,AIE,DUE,456990,16CCCE101029,16CCCE101029,Alumni,General,School of Computing Science & Engineering,B.Tech/B.Tech (Hons) Computer Science Engineering,School of Computing Science,B.Tech in CSE 2016-17 IV Sem VIII,,Exam Fee,10000,0,0,0,0,0,0,0,0,DUE
238047,1/8/2016,2016-2017,2016-2017,AIE,DUE,456990,16CCCE101029,16CCCE101029,Alumni,General,School of Computing Science & Engineering,B.Tech/B.Tech (Hons) Computer Science Engineering,School of Computing Science,B.Tech in CSE 2016-17 IV Sem VIII,,Library BookC Recieved,1899,0,0,0,0,0,0,0,0,DUE
238048,1/8/2016,2016-2017,2016-2017,AIE,DUE,460595,16CCCE101843,16CCCE101843,Alumni,General,School of Computing Science & Engineering,B.Tech/B.Tech (Hons) Computer Science Engineering,School of Computing Science,B.Tech in CSE 2016-17 IV Sem VIII,,TUITION FEE,149000,0,0,0,0,0,0,0,0,DUE
238049,1/8/2016,2016-2017,2016-2017,AIE,DUE,460595,16CCCE101843,16CCCE101843,Alumni,General,School of Computing Science & Engineering,B.Tech/B.Tech (Hons) Computer Science Engineering,School of Computing Science,B.Tech in CSE 2016-17 IV Sem VIII,,Exam Fee,10000,0,0,0,0,0,0,0,0,DUE
238050,1/8/2016,2016-2017,2016-2017,AIE,DUE,460595,16CCCE101843,16CCCE101843,Alumni,General,School of Computing Science & Engineering,B.Tech/B.Tech (Hons) Computer Science Engineering,School of Computing Science,B.Tech in CSE 2016-17 IV Sem VIII,,Library BookC Recieved,1400,0,0,0,0,0,0,0,0,DUE
238051,1/8/2016,2016-2017,2016-2017,AIE,DUE,456984,16CCCE101028,16CCCE101028,Alumni,General,School of Computing Science & Engineering,B.Tech/B.Tech (Hons) Computer Science Engineering,School of Computing Science,B.Tech in CSE 2016-17 IV Sem VIII,,TUITION FEE,149000,0,0,0,0,0,0,0,0,DUE
238052,1/8/2016,2016-2017,2016-2017,AIE,DUE,456984,16CCCE101028,16CCCE101028,Alumni,General,School of Computing Science & Engineering,B.Tech/B.Tech (Hons) Computer Science Engineering,School of Computing Science,B.Tech in CSE 2016-17 IV Sem VIII,,Exam Fee,10000,0,0,0,0,0,0,0,0,DUE
238053,1/8/2016,2016-2017,2016-2017,AIE,DUE,456984,16CCCE101028,16CCCE101028,Alumni,General,School of Computing Science & Engineering,B.Tech/B.Tech (Hons) Computer Science Engineering,School of Computing Science,B.Tech in CSE 2016-17 IV Sem VIII,,Library BookC Recieved,1899,0,0,0,0,0,0,0,0,DUE
238054,1/8/2016,2016-2017,2016-2017,AIE,DUE,455838,16CBAC101067,16CBAC101067,Alumni,General,School of Basic & Applied Sciences,B.Sc.(Hons) Forensic Sciences,School of Basic,B.Sc.(Hons) Forensic Sciences IV Sem VII,,TUITION FEE,50000,0,0,0,0,0,0,0,0,DUE
238055,1/8/2016,2016-2017,2016-2017,AIE,DUE,455838,16CBAC101067,16CBAC101067,Alumni,General,School of Basic & Applied Sciences,B.Sc.(Hons) Forensic Sciences,School of Basic,B.Sc.(Hons) Forensic Sciences IV Sem VII,,Exam Fee,10000,0,0,0,0,0,0,0,0,DUE
238056,1/8/2016,2016-2017,2016-2017,AIE,DUE,455834,16CBAC101066,16CBAC101066,Alumni,General,School of Basic & Applied Sciences,B.Sc.(Hons) Forensic Sciences,School of Basic,B.Sc.(Hons) Forensic Sciences IV Sem VII,,TUITION FEE,50000,0,0,0,0,0,0,0,0,DUE
238057,1/8/2016,2016-2017,2016-2017,AIE,DUE,455834,16CBAC101066,16CBAC101066,Alumni,General,School of Basic & Applied Sciences,B.Sc.(Hons) Forensic Sciences,School of Basic,B.Sc.(Hons) Forensic Sciences IV Sem VII,,Exam Fee,10000,0,0,0,0,0,0,0,0,DUE
238058,1/8/2016,2016-2017,2016-2017,AIE,DUE,456689,16CCME101172,16CCME101172,Alumni,General,School of Mechanical Engineering,B.Tech/B.Tech (Hons) Mechanical Engineering,School of Mechanical Engineering,ME 2016-2017 IV Sem VIII,,TUITION FEE,149000,0,0,0,0,0,0,0,0,DUE
238059,1/8/2016,2016-2017,2016-2017,AIE,DUE,456689,16CCME101172,16CCME101172,Alumni,General,School of Mechanical Engineering,B.Tech/B.Tech (Hons) Mechanical Engineering,School of Mechanical Engineering,ME 2016-2017 IV Sem VIII,,Exam Fee,10000,0,0,0,0,0,0,0,0,DUE
238060,1/8/2016,2016-2017,2016-2017,AIE,DUE,456689,16CCME101172,16CCME101172,Alumni,General,School of Mechanical Engineering,B.Tech/B.Tech (Hons) Mechanical Engineering,School of Mechanical Engineering,ME 2016-2017 IV Sem VIII,,Library BookC Recieved,1400,0,0,0,0,0,0,0,0,DUE
238061,1/8/2016,2016-2017,2016-2017,AIE,DUE,460583,16CCCE101840,16CCCE101840,Alumni,General,School of Computing Science & Engineering,B.Tech/B.Tech (Hons) Computer Science Engineering,School of Computing Science,B.Tech in CSE 2016-17 IV Sem VIII,,TUITION FEE,149000,0,0,0,0,0,0,0,0,DUE
238062,1/8/2016,2016-2017,2016-2017,AIE,DUE,460583,16CCCE101840,16CCCE101840,Alumni,General,School of Computing Science & Engineering,B.Tech/B.Tech (Hons) Computer Science Engineering,School of Computing Science,B.Tech in CSE 2016-17 IV Sem VIII,,Exam Fee,10000,0,0,0,0,0,0,0,0,DUE
238063,1/8/2016,2016-2017,2016-2017,AIE,DUE,460583,16CCCE101840,16CCCE101840,Alumni,General,School of Computing Science & Engineering,B.Tech/B.Tech (Hons) Computer Science Engineering,School of Computing Science,B.Tech in CSE 2016-17 IV Sem VIII,,Library BookC Recieved,1400,0,0,0,0,0,0,0,0,DUE
238064,1/8/2016,2016-2017,2016-2017,AIE,DUE,456953,16CCCE101019,16CCCE101019,Alumni,General,School of Computing Science & Engineering,B.Tech/B.Tech (Hons) Computer Science Engineering,School of Computing Science,B.Tech in CSE 2016-17 IV Sem VIII,,TUITION FEE,149000,0,0,0,0,0,0,0,0,DUE
238065,1/8/2016,2016-2017,2016-2017,AIE,DUE,456953,16CCCE101019,16CCCE101019,Alumni,General,School of Computing Science & Engineering,B.Tech/B.Tech (Hons) Computer Science Engineering,School of Computing Science,B.Tech in CSE 2016-17 IV Sem VIII,,Exam Fee,10000,0,0,0,0,0,0,0,0,DUE
238066,1/8/2016,2016-2017,2016-2017,AIE,DUE,456953,16CCCE101019,16CCCE101019,Alumni,General,School of Computing Science & Engineering,B.Tech/B.Tech (Hons) Computer Science Engineering,School of Computing Science,B.Tech in CSE 2016-17 IV Sem VIII,,Library BookC Recieved,1899,0,0,0,0,0,0,0,0,DUE
238067,1/8/2016,2016-2017,2016-2017,AIE,DUE,456945,16CCCE101017,16CCCE101017,Alumni,General,School of Computing Science & Engineering,B.Tech/B.Tech (Hons) Computer Science Engineering,School of Computing Science,B.Tech in CSE 2016-17 IV Sem VIII,,TUITION FEE,149000,0,0,0,0,0,0,0,0,DUE
238068,1/8/2016,2016-2017,2016-2017,AIE,DUE,456945,16CCCE101017,16CCCE101017,Alumni,General,School of Computing Science & Engineering,B.Tech/B.Tech (Hons) Computer Science Engineering,School of Computing Science,B.Tech in CSE 2016-17 IV Sem VIII,,Exam Fee,10000,0,0,0,0,0,0,0,0,DUE
238069,1/8/2016,2016-2017,2016-2017,AIE,DUE,456945,16CCCE101017,16CCCE101017,Alumni,General,School of Computing Science & Engineering,B.Tech/B.Tech (Hons) Computer Science Engineering,School of Computing Science,B.Tech in CSE 2016-17 IV Sem VIII,,Library BookC Recieved,1899,0,0,0,0,0,0,0,0,DUE
238070,1/8/2016,2016-2017,2016-2017,AIE,DUE,459475,16CCCE101584,16CCCE101584,Active,General,School of Computing Science & Engineering,B.Tech/B.Tech (Hons) Computer Science Engineering,School of Computing Science,B.Tech in CSE 2016-17 IV Sem VIII,,TUITION FEE,149000,0,0,0,0,0,0,0,0,DUE
238071,1/8/2016,2016-2017,2016-2017,AIE,DUE,459475,16CCCE101584,16CCCE101584,Active,General,School of Computing Science & Engineering,B.Tech/B.Tech (Hons) Computer Science Engineering,School of Computing Science,B.Tech in CSE 2016-17 IV Sem VIII,,Exam Fee,10000,0,0,0,0,0,0,0,0,DUE
238072,1/8/2016,2016-2017,2016-2017,AIE,DUE,459475,16CCCE101584,16CCCE101584,Active,General,School of Computing Science & Engineering,B.Tech/B.Tech (Hons) Computer Science Engineering,School of Computing Science,B.Tech in CSE 2016-17 IV Sem VIII,,Library BookC Recieved,1400,0,0,0,0,0,0,0,0,DUE
238073,1/8/2016,2016-2017,2016-2017,AIE,DUE,459475,16CCCE101584,16CCCE101584,Active,General,School of Computing Science & Engineering,B.Tech/B.Tech (Hons) Computer Science Engineering,School of Computing Science,B.Tech in CSE 2016-17 IV Sem VIII,,Sport Activity Received,1400,0,0,0,0,0,0,0,0,DUE
238074,1/8/2016,2016-2017,2016-2017,AIE,DUE,456577,16CCME101142,16CCME101142,Alumni,General,School of Mechanical Engineering,B.Tech/B.Tech (Hons) Mechanical Engineering,School of Mechanical Engineering,ME 2016-2017 IV Sem VIII,,TUITION FEE,149000,0,0,0,0,0,0,0,0,DUE
238075,1/8/2016,2016-2017,2016-2017,AIE,DUE,456577,16CCME101142,16CCME101142,Alumni,General,School of Mechanical Engineering,B.Tech/B.Tech (Hons) Mechanical Engineering,School of Mechanical Engineering,ME 2016-2017 IV Sem VIII,,Exam Fee,10000,0,0,0,0,0,0,0,0,DUE
238076,1/8/2016,2016-2017,2016-2017,AIE,DUE,456577,16CCME101142,16CCME101142,Alumni,General,School of Mechanical Engineering,B.Tech/B.Tech (Hons) Mechanical Engineering,School of Mechanical Engineering,ME 2016-2017 IV Sem VIII,,Library BookC Recieved,1400,0,0,0,0,0,0,0,0,DUE
238077,1/8/2016,2016-2017,2016-2017,AIE,DUE,456960,16CCCE101022,16CCCE101022,Alumni,General,School of Computing Science & Engineering,B.Tech (Hons) Computer Science & Engineering with specialisation in Computer Network & Cyber Security,School of Computing Science,B.Tech in CSCN 2016-17 IV Sem VIII,,TUITION FEE,149000,0,0,0,0,0,0,0,0,DUE
238078,1/8/2016,2016-2017,2016-2017,AIE,DUE,456960,16CCCE101022,16CCCE101022,Alumni,General,School of Computing Science & Engineering,B.Tech (Hons) Computer Science & Engineering with specialisation in Computer Network & Cyber Security,School of Computing Science,B.Tech in CSCN 2016-17 IV Sem VIII,,Exam Fee,10000,0,0,0,0,0,0,0,0,DUE
238079,1/8/2016,2016-2017,2016-2017,AIE,DUE,456960,16CCCE101022,16CCCE101022,Alumni,General,School of Computing Science & Engineering,B.Tech (Hons) Computer Science & Engineering with specialisation in Computer Network & Cyber Security,School of Computing Science,B.Tech in CSCN 2016-17 IV Sem VIII,,Library BookC Recieved,1400,0,0,0,0,0,0,0,0,DUE
238080,1/8/2016,2016-2017,2016-2017,AIE,DUE,455830,16CBAC101064,16CBAC101064,Alumni,General,School of Basic & Applied Sciences,B.Sc.(Hons) Forensic Sciences,School of Basic,B.Sc.(Hons) Forensic Sciences IV Sem VII,,TUITION FEE,50000,0,0,0,0,0,0,0,0,DUE
238081,1/8/2016,2016-2017,2016-2017,AIE,DUE,455830,16CBAC101064,16CBAC101064,Alumni,General,School of Basic & Applied Sciences,B.Sc.(Hons) Forensic Sciences,School of Basic,B.Sc.(Hons) Forensic Sciences IV Sem VII,,Exam Fee,10000,0,0,0,0,0,0,0,0,DUE
238082,1/8/2016,2016-2017,2016-2017,AIE,DUE,459467,16CCCE101583,16CCCE101583,Alumni,General,School of Computing Science & Engineering,B.Tech/B.Tech (Hons) Computer Science Engineering,School of Computing Science,B.Tech in CSE 2016-17 IV Sem VIII,,TUITION FEE,149000,0,0,0,0,0,0,0,0,DUE
238083,1/8/2016,2016-2017,2016-2017,AIE,DUE,459467,16CCCE101583,16CCCE101583,Alumni,General,School of Computing Science & Engineering,B.Tech/B.Tech (Hons) Computer Science Engineering,School of Computing Science,B.Tech in CSE 2016-17 IV Sem VIII,,Exam Fee,10000,0,0,0,0,0,0,0,0,DUE
238084,1/8/2016,2016-2017,2016-2017,AIE,DUE,459467,16CCCE101583,16CCCE101583,Alumni,General,School of Computing Science & Engineering,B.Tech/B.Tech (Hons) Computer Science Engineering,School of Computing Science,B.Tech in CSE 2016-17 IV Sem VIII,,Library BookC Recieved,1899,0,0,0,0,0,0,0,0,DUE
238085,1/8/2016,2016-2017,2016-2017,AIE,DUE,501003,16CBAC101087,16CBAC101087,Alumni,General,School of Basic & Applied Sciences,B.Sc.(Hons) Forensic Sciences,School of Basic,B.Sc.(Hons) Forensic Sciences IV Sem VII,,TUITION FEE,50000,0,0,0,0,0,0,0,0,DUE
238086,1/8/2016,2016-2017,2016-2017,AIE,DUE,501003,16CBAC101087,16CBAC101087,Alumni,General,School of Basic & Applied Sciences,B.Sc.(Hons) Forensic Sciences,School of Basic,B.Sc.(Hons) Forensic Sciences IV Sem VII,,Exam Fee,10000,0,0,0,0,0,0,0,0,DUE
238087,1/8/2016,2016-2017,2016-2017,AIE,DUE,456675,16CCME101171,16CCME101171,Alumni,General,School of Mechanical Engineering,B.Tech/B.Tech (Hons) Mechanical Engineering,School of Mechanical Engineering,ME 2016-2017 IV Sem VIII,,TUITION FEE,149000,0,0,0,0,0,0,0,0,DUE
238088,1/8/2016,2016-2017,2016-2017,AIE,DUE,456675,16CCME101171,16CCME101171,Alumni,General,School of Mechanical Engineering,B.Tech/B.Tech (Hons) Mechanical Engineering,School of Mechanical Engineering,ME 2016-2017 IV Sem VIII,,Exam Fee,10000,0,0,0,0,0,0,0,0,DUE
238089,1/8/2016,2016-2017,2016-2017,AIE,DUE,456675,16CCME101171,16CCME101171,Alumni,General,School of Mechanical Engineering,B.Tech/B.Tech (Hons) Mechanical Engineering,School of Mechanical Engineering,ME 2016-2017 IV Sem VIII,,Library BookC Recieved,1899,0,0,0,0,0,0,0,0,DUE
238090,1/8/2016,2016-2017,2016-2017,AIE,DUE,456675,16CCME101171,16CCME101171,Alumni,General,School of Mechanical Engineering,B.Tech/B.Tech (Hons) Mechanical Engineering,School of Mechanical Engineering,ME 2016-2017 IV Sem VIII,,Sport Activity Received,700,0,0,0,0,0,0,0,0,DUE
238091,1/8/2016,2016-2017,2016-2017,AIE,DUE,460634,16CCCE101850,16CCCE101850,Alumni,General,School of Computing Science & Engineering,B.Tech/B.Tech (Hons) Computer Science Engineering,School of Computing Science,B.Tech in CSE 2016-17 IV Sem VIII,,TUITION FEE,149000,0,0,0,0,0,0,0,0,DUE
238092,1/8/2016,2016-2017,2016-2017,AIE,DUE,460634,16CCCE101850,16CCCE101850,Alumni,General,School of Computing Science & Engineering,B.Tech/B.Tech (Hons) Computer Science Engineering,School of Computing Science,B.Tech in CSE 2016-17 IV Sem VIII,,Exam Fee,10000,0,0,0,0,0,0,0,0,DUE
238093,1/8/2016,2016-2017,2016-2017,AIE,DUE,460634,16CCCE101850,16CCCE101850,Alumni,General,School of Computing Science & Engineering,B.Tech/B.Tech (Hons) Computer Science Engineering,School of Computing Science,B.Tech in CSE 2016-17 IV Sem VIII,,Library BookC Recieved,1400,0,0,0,0,0,0,0,0,DUE
238094,1/8/2016,2016-2017,2016-2017,AIE,DUE,457040,16CCCE101043,16CCCE101043,Alumni,General,School of Computing Science & Engineering,B.Tech/B.Tech (Hons) Computer Science Engineering,School of Computing Science,B.Tech in CSE 2016-17 IV Sem VIII,,TUITION FEE,149000,0,0,0,0,0,0,0,0,DUE
238095,1/8/2016,2016-2017,2016-2017,AIE,DUE,457040,16CCCE101043,16CCCE101043,Alumni,General,School of Computing Science & Engineering,B.Tech/B.Tech (Hons) Computer Science Engineering,School of Computing Science,B.Tech in CSE 2016-17 IV Sem VIII,,Exam Fee,10000,0,0,0,0,0,0,0,0,DUE
238096,1/8/2016,2016-2017,2016-2017,AIE,DUE,457040,16CCCE101043,16CCCE101043,Alumni,General,School of Computing Science & Engineering,B.Tech/B.Tech (Hons) Computer Science Engineering,School of Computing Science,B.Tech in CSE 2016-17 IV Sem VIII,,Library BookC Recieved,1899,0,0,0,0,0,0,0,0,DUE
238097,1/8/2016,2016-2017,2016-2017,AIE,DUE,459453,16CCCE101581,16CCCE101581,No Information,General,School of Computing Science & Engineering,B.Tech/B.Tech (Hons) Computer Science Engineering,School of Computing Science,B.Tech in CSE 2016-17 II Sem IV,,TUITION FEE,149000,0,0,0,0,0,0,0,0,DUE
238098,1/8/2016,2016-2017,2016-2017,AIE,DUE,459453,16CCCE101581,16CCCE101581,No Information,General,School of Computing Science & Engineering,B.Tech/B.Tech (Hons) Computer Science Engineering,School of Computing Science,B.Tech in CSE 2016-17 II Sem IV,,Exam Fee,10000,0,0,0,0,0,0,0,0,DUE
238099,1/8/2016,2016-2017,2016-2017,AIE,DUE,459453,16CCCE101581,16CCCE101581,No Information,General,School of Computing Science & Engineering,B.Tech/B.Tech (Hons) Computer Science Engineering,School of Computing Science,B.Tech in CSE 2016-17 II Sem IV,,Fine Fee,1400,0,0,0,0,0,0,0,0,DUE
238100,1/8/2016,2016-2017,2016-2017,AIE,DUE,459453,16CCCE101581,16CCCE101581,No Information,General,School of Computing Science & Engineering,B.Tech/B.Tech (Hons) Computer Science Engineering,School of Computing Science,B.Tech in CSE 2016-17 II Sem IV,,Library BookC Recieved,1400,0,0,0,0,0,0,0,0,DUE
238101,1/8/2016,2016-2017,2016-2017,AIE,DUE,460621,16CCCE101848,16CCCE101848,Active,General,School of Computing Science & Engineering,B.Tech/B.Tech (Hons) Computer Science Engineering,School of Computing Science,B.Tech in CSE 2017-18 IV Sem VIII,,TUITION FEE,149000,0,0,0,0,0,0,0,0,DUE
238102,1/8/2016,2016-2017,2016-2017,AIE,DUE,460621,16CCCE101848,16CCCE101848,Active,General,School of Computing Science & Engineering,B.Tech/B.Tech (Hons) Computer Science Engineering,School of Computing Science,B.Tech in CSE 2017-18 IV Sem VIII,,Exam Fee,10000,0,0,0,0,0,0,0,0,DUE
238103,1/8/2016,2016-2017,2016-2017,AIE,DUE,460621,16CCCE101848,16CCCE101848,Active,General,School of Computing Science & Engineering,B.Tech/B.Tech (Hons) Computer Science Engineering,School of Computing Science,B.Tech in CSE 2017-18 IV Sem VIII,,Fine Fee,4000,0,0,0,0,0,0,0,0,DUE
238104,1/8/2016,2016-2017,2016-2017,AIE,DUE,460621,16CCCE101848,16CCCE101848,Active,General,School of Computing Science & Engineering,B.Tech/B.Tech (Hons) Computer Science Engineering,School of Computing Science,B.Tech in CSE 2017-18 IV Sem VIII,,Library BookC Recieved,1400,0,0,0,0,0,0,0,0,DUE
238105,1/8/2016,2016-2017,2016-2017,AIE,DUE,455868,16CBAC101075,16CBAC101075,Alumni,General,School of Basic & Applied Sciences,B.Sc.(Hons) Forensic Sciences,School of Basic,B.Sc.(Hons) Forensic Sciences IV Sem VII,,TUITION FEE,50000,0,0,0,0,0,0,0,0,DUE
238106,1/8/2016,2016-2017,2016-2017,AIE,DUE,455868,16CBAC101075,16CBAC101075,Alumni,General,School of Basic & Applied Sciences,B.Sc.(Hons) Forensic Sciences,School of Basic,B.Sc.(Hons) Forensic Sciences IV Sem VII,,Exam Fee,10000,0,0,0,0,0,0,0,0,DUE
238107,1/8/2016,2016-2017,2016-2017,AIE,DUE,456668,16CCME101164,16CCME101164,Active,General,School of Mechanical Engineering,B.Tech/B.Tech (Hons) Mechanical Engineering,School of Mechanical Engineering,ME 2016-2017 IV Sem VIII,,TUITION FEE,149000,0,0,0,0,0,0,0,0,DUE
238108,1/8/2016,2016-2017,2016-2017,AIE,DUE,456668,16CCME101164,16CCME101164,Active,General,School of Mechanical Engineering,B.Tech/B.Tech (Hons) Mechanical Engineering,School of Mechanical Engineering,ME 2016-2017 IV Sem VIII,,Exam Fee,10000,0,0,0,0,0,0,0,0,DUE
238109,1/8/2016,2016-2017,2016-2017,AIE,DUE,456668,16CCME101164,16CCME101164,Active,General,School of Mechanical Engineering,B.Tech/B.Tech (Hons) Mechanical Engineering,School of Mechanical Engineering,ME 2016-2017 IV Sem VIII,,Library BookC Recieved,1899,0,0,0,0,0,0,0,0,DUE
238110,1/8/2016,2016-2017,2016-2017,AIE,DUE,455754,16CBAC101044,16CBAC101044,Alumni,General,School of Basic & Applied Sciences,B.Sc.(Hons) Forensic Sciences,School of Basic,B.Sc.(Hons) Forensic Sciences IV Sem VII,,TUITION FEE,50000,0,0,0,0,0,0,0,0,DUE
238111,1/8/2016,2016-2017,2016-2017,AIE,DUE,455754,16CBAC101044,16CBAC101044,Alumni,General,School of Basic & Applied Sciences,B.Sc.(Hons) Forensic Sciences,School of Basic,B.Sc.(Hons) Forensic Sciences IV Sem VII,,Exam Fee,10000,0,0,0,0,0,0,0,0,DUE
238112,1/8/2016,2016-2017,2016-2017,AIE,DUE,457055,16CCCE101046,16CCCE101046,Alumni,General,School of Computing Science & Engineering,B.Tech/B.Tech (Hons) Computer Science Engineering,School of Computing Science,B.Tech in CSE 2016-17 IV Sem VIII,,TUITION FEE,149000,0,0,0,0,0,0,0,0,DUE
238113,1/8/2016,2016-2017,2016-2017,AIE,DUE,457055,16CCCE101046,16CCCE101046,Alumni,General,School of Computing Science & Engineering,B.Tech/B.Tech (Hons) Computer Science Engineering,School of Computing Science,B.Tech in CSE 2016-17 IV Sem VIII,,Exam Fee,10000,0,0,0,0,0,0,0,0,DUE
238114,1/8/2016,2016-2017,2016-2017,AIE,DUE,457055,16CCCE101046,16CCCE101046,Alumni,General,School of Computing Science & Engineering,B.Tech/B.Tech (Hons) Computer Science Engineering,School of Computing Science,B.Tech in CSE 2016-17 IV Sem VIII,,Library BookC Recieved,1899,0,0,0,0,0,0,0,0,DUE
238115,1/8/2016,2016-2017,2016-2017,AIE,DUE,457055,16CCCE101046,16CCCE101046,Alumni,General,School of Computing Science & Engineering,B.Tech/B.Tech (Hons) Computer Science Engineering,School of Computing Science,B.Tech in CSE 2016-17 IV Sem VIII,,Sport Activity Received,500,0,0,0,0,0,0,0,0,DUE
238116,1/8/2016,2016-2017,2016-2017,AIE,DUE,457050,16CCCE101044,16CCCE101044,Alumni,General,School of Computing Science & Engineering,B.Tech/B.Tech (Hons) Computer Science Engineering,School of Computing Science,B.Tech in CSE 2016-17 IV Sem VIII,,TUITION FEE,149000,0,0,0,0,0,0,0,0,DUE
238117,1/8/2016,2016-2017,2016-2017,AIE,DUE,457050,16CCCE101044,16CCCE101044,Alumni,General,School of Computing Science & Engineering,B.Tech/B.Tech (Hons) Computer Science Engineering,School of Computing Science,B.Tech in CSE 2016-17 IV Sem VIII,,Exam Fee,10000,0,0,0,0,0,0,0,0,DUE
238118,1/8/2016,2016-2017,2016-2017,AIE,DUE,457050,16CCCE101044,16CCCE101044,Alumni,General,School of Computing Science & Engineering,B.Tech/B.Tech (Hons) Computer Science Engineering,School of Computing Science,B.Tech in CSE 2016-17 IV Sem VIII,,Library BookC Recieved,1899,0,0,0,0,0,0,0,0,DUE
238119,1/8/2016,2016-2017,2016-2017,AIE,DUE,501193,16CCME101055,16CCME101055,Alumni,General,School of Mechanical Engineering,B.Tech/B.Tech (Hons) Mechanical Engineering,School of Mechanical Engineering,ME 2016-2017 IV Sem VIII,,TUITION FEE,149000,0,0,0,0,0,0,0,0,DUE
238120,1/8/2016,2016-2017,2016-2017,AIE,DUE,501193,16CCME101055,16CCME101055,Alumni,General,School of Mechanical Engineering,B.Tech/B.Tech (Hons) Mechanical Engineering,School of Mechanical Engineering,ME 2016-2017 IV Sem VIII,,Exam Fee,10000,0,0,0,0,0,0,0,0,DUE
238121,1/8/2016,2016-2017,2016-2017,AIE,DUE,501193,16CCME101055,16CCME101055,Alumni,General,School of Mechanical Engineering,B.Tech/B.Tech (Hons) Mechanical Engineering,School of Mechanical Engineering,ME 2016-2017 IV Sem VIII,,Library BookC Recieved,1899,0,0,0,0,0,0,0,0,DUE
238122,1/8/2016,2016-2017,2016-2017,AIE,DUE,501193,16CCME101055,16CCME101055,Alumni,General,School of Mechanical Engineering,B.Tech/B.Tech (Hons) Mechanical Engineering,School of Mechanical Engineering,ME 2016-2017 IV Sem VIII,,Sport Activity Received,1500,0,0,0,0,0,0,0,0,DUE
238123,1/8/2016,2016-2017,2016-2017,AIE,DUE,460616,16CCCE101847,16CCCE101847,Withdrawn,General,School of Computing Science & Engineering,B.Tech/B.Tech (Hons) Computer Science Engineering,School of Computing Science,B.Tech in CSE 2016-17 III Sem V,,TUITION FEE,149000,0,0,0,0,0,0,0,0,DUE
238124,1/8/2016,2016-2017,2016-2017,AIE,DUE,460616,16CCCE101847,16CCCE101847,Withdrawn,General,School of Computing Science & Engineering,B.Tech/B.Tech (Hons) Computer Science Engineering,School of Computing Science,B.Tech in CSE 2016-17 III Sem V,,Exam Fee,10000,0,0,0,0,0,0,0,0,DUE
238125,1/8/2016,2016-2017,2016-2017,AIE,DUE,460616,16CCCE101847,16CCCE101847,Withdrawn,General,School of Computing Science & Engineering,B.Tech/B.Tech (Hons) Computer Science Engineering,School of Computing Science,B.Tech in CSE 2016-17 III Sem V,,Library BookC Recieved,1400,0,0,0,0,0,0,0,0,DUE
238126,1/8/2016,2016-2017,2016-2017,AIE,DUE,455863,16CBAC101073,16CBAC101073,Alumni,General,School of Basic & Applied Sciences,B.Sc.(Hons) Forensic Sciences,School of Basic,B.Sc.(Hons) Forensic Sciences IV Sem VII,,TUITION FEE,50000,0,0,0,0,0,0,0,0,DUE
238127,1/8/2016,2016-2017,2016-2017,AIE,DUE,455863,16CBAC101073,16CBAC101073,Alumni,General,School of Basic & Applied Sciences,B.Sc.(Hons) Forensic Sciences,School of Basic,B.Sc.(Hons) Forensic Sciences IV Sem VII,,Exam Fee,10000,0,0,0,0,0,0,0,0,DUE
238128,1/8/2016,2016-2017,2016-2017,AIE,DUE,457002,16CCCE101034,16CCCE101034,Alumni,General,School of Computing Science & Engineering,B.Tech/B.Tech (Hons) Computer Science Engineering,School of Computing Science,B.Tech in CSE 2016-17 IV Sem VIII,,TUITION FEE,149000,0,0,0,0,0,0,0,0,DUE
238129,1/8/2016,2016-2017,2016-2017,AIE,DUE,457002,16CCCE101034,16CCCE101034,Alumni,General,School of Computing Science & Engineering,B.Tech/B.Tech (Hons) Computer Science Engineering,School of Computing Science,B.Tech in CSE 2016-17 IV Sem VIII,,Exam Fee,10000,0,0,0,0,0,0,0,0,DUE
238130,1/8/2016,2016-2017,2016-2017,AIE,DUE,457002,16CCCE101034,16CCCE101034,Alumni,General,School of Computing Science & Engineering,B.Tech/B.Tech (Hons) Computer Science Engineering,School of Computing Science,B.Tech in CSE 2016-17 IV Sem VIII,,Library BookC Recieved,1899,0,0,0,0,0,0,0,0,DUE
238131,1/8/2016,2016-2017,2016-2017,AIE,DUE,456994,16CCCE101030,16CCCE101030,Withdrawn,General,School of Computing Science & Engineering,B.Tech/B.Tech (Hons) Computer Science Engineering,School of Computing Science,B.Tech First Year 2017-2018 I Sem II,,TUITION FEE,149000,0,0,0,0,0,0,0,0,DUE
238132,1/8/2016,2016-2017,2016-2017,AIE,DUE,456994,16CCCE101030,16CCCE101030,Withdrawn,General,School of Computing Science & Engineering,B.Tech/B.Tech (Hons) Computer Science Engineering,School of Computing Science,B.Tech First Year 2017-2018 I Sem II,,Exam Fee,10000,0,0,0,0,0,0,0,0,DUE
238133,1/8/2016,2016-2017,2016-2017,AIE,DUE,456994,16CCCE101030,16CCCE101030,Withdrawn,General,School of Computing Science & Engineering,B.Tech/B.Tech (Hons) Computer Science Engineering,School of Computing Science,B.Tech First Year 2017-2018 I Sem II,,Library BookC Recieved,1400,0,0,0,0,0,0,0,0,DUE
238134,1/8/2016,2016-2017,2016-2017,AIE,DUE,460605,16CCCE101844,16CCCE101844,Alumni,General,School of Computing Science & Engineering,B.Tech/B.Tech (Hons) Computer Science Engineering,School of Computing Science,B.Tech in CSE 2016-17 IV Sem VIII,,TUITION FEE,149000,0,0,0,0,0,0,0,0,DUE
238135,1/8/2016,2016-2017,2016-2017,AIE,DUE,460605,16CCCE101844,16CCCE101844,Alumni,General,School of Computing Science & Engineering,B.Tech/B.Tech (Hons) Computer Science Engineering,School of Computing Science,B.Tech in CSE 2016-17 IV Sem VIII,,Exam Fee,10000,0,0,0,0,0,0,0,0,DUE
238136,1/8/2016,2016-2017,2016-2017,AIE,DUE,460605,16CCCE101844,16CCCE101844,Alumni,General,School of Computing Science & Engineering,B.Tech/B.Tech (Hons) Computer Science Engineering,School of Computing Science,B.Tech in CSE 2016-17 IV Sem VIII,,Library BookC Recieved,1400,0,0,0,0,0,0,0,0,DUE
238137,1/8/2016,2016-2017,2016-2017,AIE,DUE,455852,16CBAC101070,16CBAC101070,Alumni,General,School of Basic & Applied Sciences,B.Sc.(Hons) Forensic Sciences,School of Basic,B.Sc.(Hons) Forensic Sciences IV Sem VII,,TUITION FEE,50000,0,0,0,0,0,0,0,0,DUE
238138,1/8/2016,2016-2017,2016-2017,AIE,DUE,455852,16CBAC101070,16CBAC101070,Alumni,General,School of Basic & Applied Sciences,B.Sc.(Hons) Forensic Sciences,School of Basic,B.Sc.(Hons) Forensic Sciences IV Sem VII,,Exam Fee,10000,0,0,0,0,0,0,0,0,DUE
238139,1/8/2016,2016-2017,2016-2017,AIE,DUE,457010,16CCCE101036,16CCCE101036,Alumni,General,School of Computing Science & Engineering,B.Tech/B.Tech (Hons) Computer Science Engineering,School of Computing Science,B.Tech in CSE 2016-17 IV Sem VIII,,TUITION FEE,149000,0,0,0,0,0,0,0,0,DUE
238140,1/8/2016,2016-2017,2016-2017,AIE,DUE,457010,16CCCE101036,16CCCE101036,Alumni,General,School of Computing Science & Engineering,B.Tech/B.Tech (Hons) Computer Science Engineering,School of Computing Science,B.Tech in CSE 2016-17 IV Sem VIII,,Exam Fee,10000,0,0,0,0,0,0,0,0,DUE
238141,1/8/2016,2016-2017,2016-2017,AIE,DUE,457010,16CCCE101036,16CCCE101036,Alumni,General,School of Computing Science & Engineering,B.Tech/B.Tech (Hons) Computer Science Engineering,School of Computing Science,B.Tech in CSE 2016-17 IV Sem VIII,,Library BookC Recieved,1899,0,0,0,0,0,0,0,0,DUE
238142,1/8/2016,2016-2017,2016-2017,AIE,DUE,457020,16CCCE101037,16CCCE101037,Alumni,General,School of Computing Science & Engineering,B.Tech/B.Tech (Hons) Computer Science Engineering,School of Computing Science,B.Tech in CSE 2016-17 IV Sem VIII,,TUITION FEE,149000,0,0,0,0,0,0,0,0,DUE
238143,1/8/2016,2016-2017,2016-2017,AIE,DUE,457020,16CCCE101037,16CCCE101037,Alumni,General,School of Computing Science & Engineering,B.Tech/B.Tech (Hons) Computer Science Engineering,School of Computing Science,B.Tech in CSE 2016-17 IV Sem VIII,,Exam Fee,10000,0,0,0,0,0,0,0,0,DUE
238144,1/8/2016,2016-2017,2016-2017,AIE,DUE,457020,16CCCE101037,16CCCE101037,Alumni,General,School of Computing Science & Engineering,B.Tech/B.Tech (Hons) Computer Science Engineering,School of Computing Science,B.Tech in CSE 2016-17 IV Sem VIII,,Library BookC Recieved,1899,0,0,0,0,0,0,0,0,DUE
238145,1/8/2016,2016-2017,2016-2017,AIE,DUE,457032,16CCCE101040,16CCCE101040,Alumni,General,School of Computing Science & Engineering,B.Tech/B.Tech (Hons) Computer Science Engineering,School of Computing Science,B.Tech in CSE 2016-17 IV Sem VIII,,TUITION FEE,149000,0,0,0,0,0,0,0,0,DUE
238146,1/8/2016,2016-2017,2016-2017,AIE,DUE,457032,16CCCE101040,16CCCE101040,Alumni,General,School of Computing Science & Engineering,B.Tech/B.Tech (Hons) Computer Science Engineering,School of Computing Science,B.Tech in CSE 2016-17 IV Sem VIII,,Exam Fee,10000,0,0,0,0,0,0,0,0,DUE
238147,1/8/2016,2016-2017,2016-2017,AIE,DUE,457032,16CCCE101040,16CCCE101040,Alumni,General,School of Computing Science & Engineering,B.Tech/B.Tech (Hons) Computer Science Engineering,School of Computing Science,B.Tech in CSE 2016-17 IV Sem VIII,,Library BookC Recieved,1899,0,0,0,0,0,0,0,0,DUE
238148,1/8/2016,2016-2017,2016-2017,AIE,DUE,460610,16CCCE101846,16CCCE101846,Alumni,General,School of Computing Science & Engineering,B.Tech/B.Tech (Hons) Computer Science Engineering,School of Computing Science,B.Tech in CSE 2016-17 IV Sem VIII,,TUITION FEE,149000,0,0,0,0,0,0,0,0,DUE
238149,1/8/2016,2016-2017,2016-2017,AIE,DUE,460610,16CCCE101846,16CCCE101846,Alumni,General,School of Computing Science & Engineering,B.Tech/B.Tech (Hons) Computer Science Engineering,School of Computing Science,B.Tech in CSE 2016-17 IV Sem VIII,,Exam Fee,10000,0,0,0,0,0,0,0,0,DUE
238150,1/8/2016,2016-2017,2016-2017,AIE,DUE,460610,16CCCE101846,16CCCE101846,Alumni,General,School of Computing Science & Engineering,B.Tech/B.Tech (Hons) Computer Science Engineering,School of Computing Science,B.Tech in CSE 2016-17 IV Sem VIII,,Library BookC Recieved,1400,0,0,0,0,0,0,0,0,DUE
238151,1/8/2016,2016-2017,2016-2017,AIE,DUE,460610,16CCCE101846,16CCCE101846,Alumni,General,School of Computing Science & Engineering,B.Tech/B.Tech (Hons) Computer Science Engineering,School of Computing Science,B.Tech in CSE 2016-17 IV Sem VIII,,Sport Activity Received,700,0,0,0,0,0,0,0,0,DUE
238152,1/8/2016,2016-2017,2016-2017,AIE,DUE,455856,16CBAC101072,16CBAC101072,Alumni,General,School of Basic & Applied Sciences,B.Sc.(Hons) Forensic Sciences,School of Basic,B.Sc.(Hons) Forensic Sciences IV Sem VII,,TUITION FEE,50000,0,0,0,0,0,0,0,0,DUE
238153,1/8/2016,2016-2017,2016-2017,AIE,DUE,455856,16CBAC101072,16CBAC101072,Alumni,General,School of Basic & Applied Sciences,B.Sc.(Hons) Forensic Sciences,School of Basic,B.Sc.(Hons) Forensic Sciences IV Sem VII,,Exam Fee,10000,0,0,0,0,0,0,0,0,DUE
238154,1/8/2016,2016-2017,2016-2017,AIE,DUE,460577,16CCCE101838,16CCCE101838,Active,General,School of Computing Science & Engineering,B.Tech/B.Tech (Hons) Computer Science Engineering,School of Computing Science,B.Tech in CSE 2016-17 IV Sem VIII,,TUITION FEE,149000,0,0,0,0,0,0,0,0,DUE
238155,1/8/2016,2016-2017,2016-2017,AIE,DUE,460577,16CCCE101838,16CCCE101838,Active,General,School of Computing Science & Engineering,B.Tech/B.Tech (Hons) Computer Science Engineering,School of Computing Science,B.Tech in CSE 2016-17 IV Sem VIII,,Exam Fee,10000,0,0,0,0,0,0,0,0,DUE
238156,1/8/2016,2016-2017,2016-2017,AIE,DUE,460577,16CCCE101838,16CCCE101838,Active,General,School of Computing Science & Engineering,B.Tech/B.Tech (Hons) Computer Science Engineering,School of Computing Science,B.Tech in CSE 2016-17 IV Sem VIII,,Library BookC Recieved,1899,0,0,0,0,0,0,0,0,DUE
238157,1/8/2016,2016-2017,2016-2017,AIE,DUE,459585,16CCCE101616,16CCCE101616,Alumni,General,School of Computing Science & Engineering,B.Tech/B.Tech (Hons) Computer Science Engineering,School of Computing Science,B.Tech in CSE 2016-17 IV Sem VIII,,TUITION FEE,149000,0,0,0,0,0,0,0,0,DUE
238158,1/8/2016,2016-2017,2016-2017,AIE,DUE,459585,16CCCE101616,16CCCE101616,Alumni,General,School of Computing Science & Engineering,B.Tech/B.Tech (Hons) Computer Science Engineering,School of Computing Science,B.Tech in CSE 2016-17 IV Sem VIII,,Exam Fee,10000,0,0,0,0,0,0,0,0,DUE
238159,1/8/2016,2016-2017,2016-2017,AIE,DUE,459585,16CCCE101616,16CCCE101616,Alumni,General,School of Computing Science & Engineering,B.Tech/B.Tech (Hons) Computer Science Engineering,School of Computing Science,B.Tech in CSE 2016-17 IV Sem VIII,,Library BookC Recieved,1899,0,0,0,0,0,0,0,0,DUE
238160,1/8/2016,2016-2017,2016-2017,AIE,DUE,459852,16CCCE101683,16CCCE101683,Alumni,General,School of Computing Science & Engineering,B.Tech/B.Tech (Hons) Computer Science Engineering,School of Computing Science,B.Tech in CSE 2016-17 IV Sem VIII,,TUITION FEE,149000,0,0,0,0,0,0,0,0,DUE
238161,1/8/2016,2016-2017,2016-2017,AIE,DUE,459852,16CCCE101683,16CCCE101683,Alumni,General,School of Computing Science & Engineering,B.Tech/B.Tech (Hons) Computer Science Engineering,School of Computing Science,B.Tech in CSE 2016-17 IV Sem VIII,,Exam Fee,10000,0,0,0,0,0,0,0,0,DUE
238162,1/8/2016,2016-2017,2016-2017,AIE,DUE,459852,16CCCE101683,16CCCE101683,Alumni,General,School of Computing Science & Engineering,B.Tech/B.Tech (Hons) Computer Science Engineering,School of Computing Science,B.Tech in CSE 2016-17 IV Sem VIII,,Library BookC Recieved,1400,0,0,0,0,0,0,0,0,DUE
238163,1/8/2016,2016-2017,2016-2017,AIE,DUE,455768,16CBAC101047,16CBAC101047,Alumni,General,School of Basic & Applied Sciences,B.Sc.(Hons) Forensic Sciences,School of Basic,B.Sc.(Hons) Forensic Sciences IV Sem VII,,TUITION FEE,50000,0,0,0,0,0,0,0,0,DUE
238164,1/8/2016,2016-2017,2016-2017,AIE,DUE,455768,16CBAC101047,16CBAC101047,Alumni,General,School of Basic & Applied Sciences,B.Sc.(Hons) Forensic Sciences,School of Basic,B.Sc.(Hons) Forensic Sciences IV Sem VII,,Exam Fee,10000,0,0,0,0,0,0,0,0,DUE
238165,1/8/2016,2016-2017,2016-2017,AIE,DUE,460200,16CCCE101755,16CCCE101755,Alumni,General,School of Computing Science & Engineering,B.Tech/B.Tech (Hons) Computer Science Engineering,School of Computing Science,B.Tech in CSE 2016-17 IV Sem VIII,,TUITION FEE,149000,0,0,0,0,0,0,0,0,DUE
238166,1/8/2016,2016-2017,2016-2017,AIE,DUE,460200,16CCCE101755,16CCCE101755,Alumni,General,School of Computing Science & Engineering,B.Tech/B.Tech (Hons) Computer Science Engineering,School of Computing Science,B.Tech in CSE 2016-17 IV Sem VIII,,Exam Fee,10000,0,0,0,0,0,0,0,0,DUE
238167,1/8/2016,2016-2017,2016-2017,AIE,DUE,460200,16CCCE101755,16CCCE101755,Alumni,General,School of Computing Science & Engineering,B.Tech/B.Tech (Hons) Computer Science Engineering,School of Computing Science,B.Tech in CSE 2016-17 IV Sem VIII,,Library BookC Recieved,1899,0,0,0,0,0,0,0,0,DUE
238168,1/8/2016,2016-2017,2016-2017,AIE,DUE,459859,16CCCE101685,16CCCE101685,Alumni,General,School of Computing Science & Engineering,B.Tech/B.Tech (Hons) Computer Science Engineering,School of Computing Science,B.Tech in CSE 2016-17 IV Sem VIII,,TUITION FEE,149000,0,0,0,0,0,0,0,0,DUE
238169,1/8/2016,2016-2017,2016-2017,AIE,DUE,459859,16CCCE101685,16CCCE101685,Alumni,General,School of Computing Science & Engineering,B.Tech/B.Tech (Hons) Computer Science Engineering,School of Computing Science,B.Tech in CSE 2016-17 IV Sem VIII,,Exam Fee,10000,0,0,0,0,0,0,0,0,DUE
238170,1/8/2016,2016-2017,2016-2017,AIE,DUE,459859,16CCCE101685,16CCCE101685,Alumni,General,School of Computing Science & Engineering,B.Tech/B.Tech (Hons) Computer Science Engineering,School of Computing Science,B.Tech in CSE 2016-17 IV Sem VIII,,Library BookC Recieved,1899,0,0,0,0,0,0,0,0,DUE
238171,1/8/2016,2016-2017,2016-2017,AIE,DUE,459867,16CCCE101686,16CCCE101686,Alumni,General,School of Computing Science & Engineering,B.Tech/B.Tech (Hons) Computer Science Engineering,School of Computing Science,B.Tech in CSE 2016-17 IV Sem VIII,,TUITION FEE,149000,0,0,0,0,0,0,0,0,DUE
238172,1/8/2016,2016-2017,2016-2017,AIE,DUE,459867,16CCCE101686,16CCCE101686,Alumni,General,School of Computing Science & Engineering,B.Tech/B.Tech (Hons) Computer Science Engineering,School of Computing Science,B.Tech in CSE 2016-17 IV Sem VIII,,Exam Fee,10000,0,0,0,0,0,0,0,0,DUE
238173,1/8/2016,2016-2017,2016-2017,AIE,DUE,459867,16CCCE101686,16CCCE101686,Alumni,General,School of Computing Science & Engineering,B.Tech/B.Tech (Hons) Computer Science Engineering,School of Computing Science,B.Tech in CSE 2016-17 IV Sem VIII,,Library BookC Recieved,1899,0,0,0,0,0,0,0,0,DUE
238174,1/8/2016,2016-2017,2016-2017,AIE,DUE,460208,16CCCE101757,16CCCE101757,Alumni,General,School of Computing Science & Engineering,B.Tech/B.Tech (Hons) Computer Science Engineering,School of Computing Science,B.Tech in CSE 2016-17 IV Sem VIII,,TUITION FEE,149000,0,0,0,0,0,0,0,0,DUE
238175,1/8/2016,2016-2017,2016-2017,AIE,DUE,460208,16CCCE101757,16CCCE101757,Alumni,General,School of Computing Science & Engineering,B.Tech/B.Tech (Hons) Computer Science Engineering,School of Computing Science,B.Tech in CSE 2016-17 IV Sem VIII,,Exam Fee,10000,0,0,0,0,0,0,0,0,DUE
238176,1/8/2016,2016-2017,2016-2017,AIE,DUE,460208,16CCCE101757,16CCCE101757,Alumni,General,School of Computing Science & Engineering,B.Tech/B.Tech (Hons) Computer Science Engineering,School of Computing Science,B.Tech in CSE 2016-17 IV Sem VIII,,Library BookC Recieved,1899,0,0,0,0,0,0,0,0,DUE
238177,1/8/2016,2016-2017,2016-2017,AIE,DUE,459841,16CCCE101677,16CCCE101677,Alumni,General,School of Computing Science & Engineering,B.Tech/B.Tech (Hons) Computer Science Engineering,School of Computing Science,B.Tech in CSE 2016-17 IV Sem VIII,,TUITION FEE,149000,0,0,0,0,0,0,0,0,DUE
238178,1/8/2016,2016-2017,2016-2017,AIE,DUE,459841,16CCCE101677,16CCCE101677,Alumni,General,School of Computing Science & Engineering,B.Tech/B.Tech (Hons) Computer Science Engineering,School of Computing Science,B.Tech in CSE 2016-17 IV Sem VIII,,Exam Fee,10000,0,0,0,0,0,0,0,0,DUE
238179,1/8/2016,2016-2017,2016-2017,AIE,DUE,459841,16CCCE101677,16CCCE101677,Alumni,General,School of Computing Science & Engineering,B.Tech/B.Tech (Hons) Computer Science Engineering,School of Computing Science,B.Tech in CSE 2016-17 IV Sem VIII,,Library BookC Recieved,1899,0,0,0,0,0,0,0,0,DUE
238180,1/8/2016,2016-2017,2016-2017,AIE,DUE,460229,16CCCE101760,16CCCE101760,Alumni,General,School of Computing Science & Engineering,B.Tech/B.Tech (Hons) Computer Science Engineering,School of Computing Science,B.Tech in CSE 2016-17 IV Sem VIII,,TUITION FEE,149000,0,0,0,0,0,0,0,0,DUE
238181,1/8/2016,2016-2017,2016-2017,AIE,DUE,460229,16CCCE101760,16CCCE101760,Alumni,General,School of Computing Science & Engineering,B.Tech/B.Tech (Hons) Computer Science Engineering,School of Computing Science,B.Tech in CSE 2016-17 IV Sem VIII,,Exam Fee,10000,0,0,0,0,0,0,0,0,DUE
238182,1/8/2016,2016-2017,2016-2017,AIE,DUE,460229,16CCCE101760,16CCCE101760,Alumni,General,School of Computing Science & Engineering,B.Tech/B.Tech (Hons) Computer Science Engineering,School of Computing Science,B.Tech in CSE 2016-17 IV Sem VIII,,Library BookC Recieved,1899,0,0,0,0,0,0,0,0,DUE
238183,1/8/2016,2016-2017,2016-2017,AIE,DUE,459826,16CCCE101671,16CCCE101671,Alumni,General,School of Computing Science & Engineering,B.Tech/B.Tech (Hons) Computer Science Engineering,School of Computing Science,B.Tech in CSE 2016-17 IV Sem VIII,,TUITION FEE,149000,0,0,0,0,0,0,0,0,DUE
238184,1/8/2016,2016-2017,2016-2017,AIE,DUE,459826,16CCCE101671,16CCCE101671,Alumni,General,School of Computing Science & Engineering,B.Tech/B.Tech (Hons) Computer Science Engineering,School of Computing Science,B.Tech in CSE 2016-17 IV Sem VIII,,Exam Fee,10000,0,0,0,0,0,0,0,0,DUE
238185,1/8/2016,2016-2017,2016-2017,AIE,DUE,459826,16CCCE101671,16CCCE101671,Alumni,General,School of Computing Science & Engineering,B.Tech/B.Tech (Hons) Computer Science Engineering,School of Computing Science,B.Tech in CSE 2016-17 IV Sem VIII,,Library BookC Recieved,1899,0,0,0,0,0,0,0,0,DUE
238186,1/8/2016,2016-2017,2016-2017,AIE,DUE,460220,16CCCE101759,16CCCE101759,Alumni,General,School of Computing Science & Engineering,B.Tech/B.Tech (Hons) Computer Science Engineering,School of Computing Science,B.Tech in CSE 2016-17 IV Sem VIII,,TUITION FEE,149000,0,0,0,0,0,0,0,0,DUE
238187,1/8/2016,2016-2017,2016-2017,AIE,DUE,460220,16CCCE101759,16CCCE101759,Alumni,General,School of Computing Science & Engineering,B.Tech/B.Tech (Hons) Computer Science Engineering,School of Computing Science,B.Tech in CSE 2016-17 IV Sem VIII,,Exam Fee,10000,0,0,0,0,0,0,0,0,DUE
238188,1/8/2016,2016-2017,2016-2017,AIE,DUE,460220,16CCCE101759,16CCCE101759,Alumni,General,School of Computing Science & Engineering,B.Tech/B.Tech (Hons) Computer Science Engineering,School of Computing Science,B.Tech in CSE 2016-17 IV Sem VIII,,Library BookC Recieved,1400,0,0,0,0,0,0,0,0,DUE
238189,1/8/2016,2016-2017,2016-2017,AIE,DUE,459830,16CCCE101674,16CCCE101674,Withdrawn,General,School of Computing Science & Engineering,B.Tech/B.Tech (Hons) Computer Science Engineering,School of Computing Science,B.Tech in CSE 2016-17 III Sem V,,TUITION FEE,149000,0,0,0,0,0,0,0,0,DUE
238190,1/8/2016,2016-2017,2016-2017,AIE,DUE,459830,16CCCE101674,16CCCE101674,Withdrawn,General,School of Computing Science & Engineering,B.Tech/B.Tech (Hons) Computer Science Engineering,School of Computing Science,B.Tech in CSE 2016-17 III Sem V,,Exam Fee,10000,0,0,0,0,0,0,0,0,DUE
238191,1/8/2016,2016-2017,2016-2017,AIE,DUE,459830,16CCCE101674,16CCCE101674,Withdrawn,General,School of Computing Science & Engineering,B.Tech/B.Tech (Hons) Computer Science Engineering,School of Computing Science,B.Tech in CSE 2016-17 III Sem V,,Library BookC Recieved,1899,0,0,0,0,0,0,0,0,DUE
238192,1/8/2016,2016-2017,2016-2017,AIE,DUE,460215,16CCCE101758,16CCCE101758,Alumni,General,School of Computing Science & Engineering,B.Tech/B.Tech (Hons) Computer Science Engineering,School of Computing Science,B.Tech in CSE 2016-17 IV Sem VIII,,TUITION FEE,149000,0,0,0,0,0,0,0,0,DUE
238193,1/8/2016,2016-2017,2016-2017,AIE,DUE,460215,16CCCE101758,16CCCE101758,Alumni,General,School of Computing Science & Engineering,B.Tech/B.Tech (Hons) Computer Science Engineering,School of Computing Science,B.Tech in CSE 2016-17 IV Sem VIII,,Exam Fee,10000,0,0,0,0,0,0,0,0,DUE
238194,1/8/2016,2016-2017,2016-2017,AIE,DUE,460215,16CCCE101758,16CCCE101758,Alumni,General,School of Computing Science & Engineering,B.Tech/B.Tech (Hons) Computer Science Engineering,School of Computing Science,B.Tech in CSE 2016-17 IV Sem VIII,,Library BookC Recieved,1899,0,0,0,0,0,0,0,0,DUE
238195,1/8/2016,2016-2017,2016-2017,AIE,DUE,459874,16CCCE101687,16CCCE101687,Alumni,General,School of Computing Science & Engineering,B.Tech/B.Tech (Hons) Computer Science Engineering,School of Computing Science,B.Tech in CSE 2016-17 IV Sem VIII,,TUITION FEE,149000,0,0,0,0,0,0,0,0,DUE
238196,1/8/2016,2016-2017,2016-2017,AIE,DUE,459874,16CCCE101687,16CCCE101687,Alumni,General,School of Computing Science & Engineering,B.Tech/B.Tech (Hons) Computer Science Engineering,School of Computing Science,B.Tech in CSE 2016-17 IV Sem VIII,,Exam Fee,10000,0,0,0,0,0,0,0,0,DUE
238197,1/8/2016,2016-2017,2016-2017,AIE,DUE,459874,16CCCE101687,16CCCE101687,Alumni,General,School of Computing Science & Engineering,B.Tech/B.Tech (Hons) Computer Science Engineering,School of Computing Science,B.Tech in CSE 2016-17 IV Sem VIII,,Library BookC Recieved,1899,0,0,0,0,0,0,0,0,DUE
238198,1/8/2016,2016-2017,2016-2017,AIE,DUE,459879,16CCCE101688,16CCCE101688,Alumni,General,School of Computing Science & Engineering,B.Tech/B.Tech (Hons) Computer Science Engineering,School of Computing Science,B.Tech in CSE 2016-17 IV Sem VIII,,TUITION FEE,149000,0,0,0,0,0,0,0,0,DUE
238199,1/8/2016,2016-2017,2016-2017,AIE,DUE,459879,16CCCE101688,16CCCE101688,Alumni,General,School of Computing Science & Engineering,B.Tech/B.Tech (Hons) Computer Science Engineering,School of Computing Science,B.Tech in CSE 2016-17 IV Sem VIII,,Exam Fee,10000,0,0,0,0,0,0,0,0,DUE
238200,1/8/2016,2016-2017,2016-2017,AIE,DUE,459879,16CCCE101688,16CCCE101688,Alumni,General,School of Computing Science & Engineering,B.Tech/B.Tech (Hons) Computer Science Engineering,School of Computing Science,B.Tech in CSE 2016-17 IV Sem VIII,,Library BookC Recieved,1899,0,0,0,0,0,0,0,0,DUE
238201,1/8/2016,2016-2017,2016-2017,AIE,DUE,459911,16CCCE101692,16CCCE101692,Alumni,General,School of Computing Science & Engineering,B.Tech/B.Tech (Hons) Computer Science Engineering,School of Computing Science,B.Tech in CSE 2016-17 IV Sem VIII,,TUITION FEE,149000,0,0,0,0,0,0,0,0,DUE
238202,1/8/2016,2016-2017,2016-2017,AIE,DUE,459911,16CCCE101692,16CCCE101692,Alumni,General,School of Computing Science & Engineering,B.Tech/B.Tech (Hons) Computer Science Engineering,School of Computing Science,B.Tech in CSE 2016-17 IV Sem VIII,,Exam Fee,10000,0,0,0,0,0,0,0,0,DUE
238203,1/8/2016,2016-2017,2016-2017,AIE,DUE,459911,16CCCE101692,16CCCE101692,Alumni,General,School of Computing Science & Engineering,B.Tech/B.Tech (Hons) Computer Science Engineering,School of Computing Science,B.Tech in CSE 2016-17 IV Sem VIII,,Library BookC Recieved,1899,0,0,0,0,0,0,0,0,DUE
238204,1/8/2016,2016-2017,2016-2017,AIE,DUE,456844,16CCME105003,16CCME105003,Alumni,General,School of Mechanical Engineering,B.Tech/B.Tech (Hons) Automobile Engineering,School of Mechanical Engineering,AE 2016-2017 IV Sem VIII,,TUITION FEE,149000,0,0,0,0,0,0,0,0,DUE
238205,1/8/2016,2016-2017,2016-2017,AIE,DUE,456844,16CCME105003,16CCME105003,Alumni,General,School of Mechanical Engineering,B.Tech/B.Tech (Hons) Automobile Engineering,School of Mechanical Engineering,AE 2016-2017 IV Sem VIII,,Exam Fee,10000,0,0,0,0,0,0,0,0,DUE
238206,1/8/2016,2016-2017,2016-2017,AIE,DUE,456844,16CCME105003,16CCME105003,Alumni,General,School of Mechanical Engineering,B.Tech/B.Tech (Hons) Automobile Engineering,School of Mechanical Engineering,AE 2016-2017 IV Sem VIII,,Library BookC Recieved,1400,0,0,0,0,0,0,0,0,DUE
238207,1/8/2016,2016-2017,2016-2017,AIE,DUE,459915,16CCCE101693,16CCCE101693,Withdrawn,General,School of Computing Science & Engineering,B.Tech/B.Tech (Hons) Computer Science Engineering,School of Computing Science,B.Tech in CSE 2016-17 III Sem V,,TUITION FEE,149000,0,0,0,0,0,0,0,0,DUE
238208,1/8/2016,2016-2017,2016-2017,AIE,DUE,459915,16CCCE101693,16CCCE101693,Withdrawn,General,School of Computing Science & Engineering,B.Tech/B.Tech (Hons) Computer Science Engineering,School of Computing Science,B.Tech in CSE 2016-17 III Sem V,,Exam Fee,10000,0,0,0,0,0,0,0,0,DUE
238209,1/8/2016,2016-2017,2016-2017,AIE,DUE,459915,16CCCE101693,16CCCE101693,Withdrawn,General,School of Computing Science & Engineering,B.Tech/B.Tech (Hons) Computer Science Engineering,School of Computing Science,B.Tech in CSE 2016-17 III Sem V,,Fine Fee,400,0,0,0,0,0,0,0,0,DUE
238210,1/8/2016,2016-2017,2016-2017,AIE,DUE,459915,16CCCE101693,16CCCE101693,Withdrawn,General,School of Computing Science & Engineering,B.Tech/B.Tech (Hons) Computer Science Engineering,School of Computing Science,B.Tech in CSE 2016-17 III Sem V,,Library BookC Recieved,1899,0,0,0,0,0,0,0,0,DUE
238211,1/8/2016,2016-2017,2016-2017,AIE,DUE,459923,16CCCE101694,16CCCE101694,Alumni,General,School of Computing Science & Engineering,B.Tech/B.Tech (Hons) Computer Science Engineering,School of Computing Science,B.Tech in CSE 2016-17 IV Sem VIII,,TUITION FEE,149000,0,0,0,0,0,0,0,0,DUE
238212,1/8/2016,2016-2017,2016-2017,AIE,DUE,459923,16CCCE101694,16CCCE101694,Alumni,General,School of Computing Science & Engineering,B.Tech/B.Tech (Hons) Computer Science Engineering,School of Computing Science,B.Tech in CSE 2016-17 IV Sem VIII,,Exam Fee,10000,0,0,0,0,0,0,0,0,DUE
238213,1/8/2016,2016-2017,2016-2017,AIE,DUE,459923,16CCCE101694,16CCCE101694,Alumni,General,School of Computing Science & Engineering,B.Tech/B.Tech (Hons) Computer Science Engineering,School of Computing Science,B.Tech in CSE 2016-17 IV Sem VIII,,Library BookC Recieved,1899,0,0,0,0,0,0,0,0,DUE
238214,1/8/2016,2016-2017,2016-2017,AIE,DUE,459928,16CCCE101695,16CCCE101695,Alumni,General,School of Computing Science & Engineering,B.Tech/B.Tech (Hons) Computer Science Engineering,School of Computing Science,B.Tech in CSE 2016-17 IV Sem VIII,,TUITION FEE,149000,0,0,0,0,0,0,0,0,DUE
238215,1/8/2016,2016-2017,2016-2017,AIE,DUE,459928,16CCCE101695,16CCCE101695,Alumni,General,School of Computing Science & Engineering,B.Tech/B.Tech (Hons) Computer Science Engineering,School of Computing Science,B.Tech in CSE 2016-17 IV Sem VIII,,Exam Fee,10000,0,0,0,0,0,0,0,0,DUE
238216,1/8/2016,2016-2017,2016-2017,AIE,DUE,459928,16CCCE101695,16CCCE101695,Alumni,General,School of Computing Science & Engineering,B.Tech/B.Tech (Hons) Computer Science Engineering,School of Computing Science,B.Tech in CSE 2016-17 IV Sem VIII,,Library BookC Recieved,1899,0,0,0,0,0,0,0,0,DUE
238217,1/8/2016,2016-2017,2016-2017,AIE,DUE,460189,16CCCE101753,16CCCE101753,Alumni,General,School of Computing Science & Engineering,B.Tech/B.Tech (Hons) Computer Science Engineering,School of Computing Science,B.Tech in CSE 2016-17 IV Sem VIII,,TUITION FEE,149000,0,0,0,0,0,0,0,0,DUE
238218,1/8/2016,2016-2017,2016-2017,AIE,DUE,460189,16CCCE101753,16CCCE101753,Alumni,General,School of Computing Science & Engineering,B.Tech/B.Tech (Hons) Computer Science Engineering,School of Computing Science,B.Tech in CSE 2016-17 IV Sem VIII,,Exam Fee,10000,0,0,0,0,0,0,0,0,DUE
238219,1/8/2016,2016-2017,2016-2017,AIE,DUE,460189,16CCCE101753,16CCCE101753,Alumni,General,School of Computing Science & Engineering,B.Tech/B.Tech (Hons) Computer Science Engineering,School of Computing Science,B.Tech in CSE 2016-17 IV Sem VIII,,Library BookC Recieved,1400,0,0,0,0,0,0,0,0,DUE
238220,1/8/2016,2016-2017,2016-2017,AIE,DUE,460194,16CCCE101754,16CCCE101754,Alumni,General,School of Computing Science & Engineering,B.Tech/B.Tech (Hons) Computer Science Engineering,School of Computing Science,B.Tech in CSE 2016-17 IV Sem VIII,,TUITION FEE,149000,0,0,0,0,0,0,0,0,DUE
238221,1/8/2016,2016-2017,2016-2017,AIE,DUE,460194,16CCCE101754,16CCCE101754,Alumni,General,School of Computing Science & Engineering,B.Tech/B.Tech (Hons) Computer Science Engineering,School of Computing Science,B.Tech in CSE 2016-17 IV Sem VIII,,Exam Fee,10000,0,0,0,0,0,0,0,0,DUE
238222,1/8/2016,2016-2017,2016-2017,AIE,DUE,460194,16CCCE101754,16CCCE101754,Alumni,General,School of Computing Science & Engineering,B.Tech/B.Tech (Hons) Computer Science Engineering,School of Computing Science,B.Tech in CSE 2016-17 IV Sem VIII,,Library BookC Recieved,1899,0,0,0,0,0,0,0,0,DUE
238223,1/8/2016,2016-2017,2016-2017,AIE,DUE,459884,16CCCE101689,16CCCE101689,Alumni,General,School of Computing Science & Engineering,B.Tech/B.Tech (Hons) Computer Science Engineering,School of Computing Science,B.Tech in CSE 2016-17 IV Sem VIII,,TUITION FEE,149000,0,0,0,0,0,0,0,0,DUE
238224,1/8/2016,2016-2017,2016-2017,AIE,DUE,459884,16CCCE101689,16CCCE101689,Alumni,General,School of Computing Science & Engineering,B.Tech/B.Tech (Hons) Computer Science Engineering,School of Computing Science,B.Tech in CSE 2016-17 IV Sem VIII,,Exam Fee,10000,0,0,0,0,0,0,0,0,DUE
238225,1/8/2016,2016-2017,2016-2017,AIE,DUE,459884,16CCCE101689,16CCCE101689,Alumni,General,School of Computing Science & Engineering,B.Tech/B.Tech (Hons) Computer Science Engineering,School of Computing Science,B.Tech in CSE 2016-17 IV Sem VIII,,Library BookC Recieved,1400,0,0,0,0,0,0,0,0,DUE
238226,1/8/2016,2016-2017,2016-2017,AIE,DUE,459884,16CCCE101689,16CCCE101689,Alumni,General,School of Computing Science & Engineering,B.Tech/B.Tech (Hons) Computer Science Engineering,School of Computing Science,B.Tech in CSE 2016-17 IV Sem VIII,,Sport Activity Received,700,0,0,0,0,0,0,0,0,DUE
238227,1/8/2016,2016-2017,2016-2017,AIE,DUE,459895,16CCCE101690,16CCCE101690,Withdrawn,General,School of Computing Science & Engineering,B.Tech/B.Tech (Hons) Computer Science Engineering,School of Computing Science,B.Tech in CSE 2016-17 III Sem V,,TUITION FEE,149000,0,0,0,0,0,0,0,0,DUE
238228,1/8/2016,2016-2017,2016-2017,AIE,DUE,459895,16CCCE101690,16CCCE101690,Withdrawn,General,School of Computing Science & Engineering,B.Tech/B.Tech (Hons) Computer Science Engineering,School of Computing Science,B.Tech in CSE 2016-17 III Sem V,,Exam Fee,10000,0,0,0,0,0,0,0,0,DUE
238229,1/8/2016,2016-2017,2016-2017,AIE,DUE,459895,16CCCE101690,16CCCE101690,Withdrawn,General,School of Computing Science & Engineering,B.Tech/B.Tech (Hons) Computer Science Engineering,School of Computing Science,B.Tech in CSE 2016-17 III Sem V,,Library BookC Recieved,1899,0,0,0,0,0,0,0,0,DUE
238230,1/8/2016,2016-2017,2016-2017,AIE,DUE,456858,16CCME105009,16CCME105009,Withdrawn,General,School of Mechanical Engineering,B.Tech/B.Tech (Hons) Automobile Engineering,School of Mechanical Engineering,AE 2016-2017 III Sem V,,TUITION FEE,149000,0,0,0,0,0,0,0,0,DUE
238231,1/8/2016,2016-2017,2016-2017,AIE,DUE,456858,16CCME105009,16CCME105009,Withdrawn,General,School of Mechanical Engineering,B.Tech/B.Tech (Hons) Automobile Engineering,School of Mechanical Engineering,AE 2016-2017 III Sem V,,Exam Fee,10000,0,0,0,0,0,0,0,0,DUE
238232,1/8/2016,2016-2017,2016-2017,AIE,DUE,456858,16CCME105009,16CCME105009,Withdrawn,General,School of Mechanical Engineering,B.Tech/B.Tech (Hons) Automobile Engineering,School of Mechanical Engineering,AE 2016-2017 III Sem V,,Library BookC Recieved,2398,0,0,0,0,0,0,0,0,DUE
238233,1/8/2016,2016-2017,2016-2017,AIE,DUE,459902,16CCCE101691,16CCCE101691,Alumni,General,School of Computing Science & Engineering,B.Tech/B.Tech (Hons) Computer Science Engineering,School of Computing Science,B.Tech in CSE 2016-17 IV Sem VIII,,TUITION FEE,149000,0,0,0,0,0,0,0,0,DUE
238234,1/8/2016,2016-2017,2016-2017,AIE,DUE,459902,16CCCE101691,16CCCE101691,Alumni,General,School of Computing Science & Engineering,B.Tech/B.Tech (Hons) Computer Science Engineering,School of Computing Science,B.Tech in CSE 2016-17 IV Sem VIII,,Exam Fee,10000,0,0,0,0,0,0,0,0,DUE
238235,1/8/2016,2016-2017,2016-2017,AIE,DUE,459902,16CCCE101691,16CCCE101691,Alumni,General,School of Computing Science & Engineering,B.Tech/B.Tech (Hons) Computer Science Engineering,School of Computing Science,B.Tech in CSE 2016-17 IV Sem VIII,,Library BookC Recieved,1899,0,0,0,0,0,0,0,0,DUE
238236,1/8/2016,2016-2017,2016-2017,AIE,DUE,503798,16CCCE105087,16CCCE105087,Alumni,General,School of Computing Science & Engineering,B.Tech (Hons) in Computer Science & Engineering with Specialization in Cloud Computing & Virtualizations,School of Computing Science,B.Tech in CSCC 2016-17 IV Sem VIII,,TUITION FEE,170000,0,0,0,0,0,0,0,0,DUE
238237,1/8/2016,2016-2017,2016-2017,AIE,DUE,503798,16CCCE105087,16CCCE105087,Alumni,General,School of Computing Science & Engineering,B.Tech (Hons) in Computer Science & Engineering with Specialization in Cloud Computing & Virtualizations,School of Computing Science,B.Tech in CSCC 2016-17 IV Sem VIII,,Exam Fee,10000,0,0,0,0,0,0,0,0,DUE
238238,1/8/2016,2016-2017,2016-2017,AIE,DUE,503798,16CCCE105087,16CCCE105087,Alumni,General,School of Computing Science & Engineering,B.Tech (Hons) in Computer Science & Engineering with Specialization in Cloud Computing & Virtualizations,School of Computing Science,B.Tech in CSCC 2016-17 IV Sem VIII,,Library BookC Recieved,1400,0,0,0,0,0,0,0,0,DUE
238239,1/8/2016,2016-2017,2016-2017,AIE,DUE,459821,16CCCE101670,16CCCE101670,Alumni,General,School of Computing Science & Engineering,B.Tech/B.Tech (Hons) Computer Science Engineering,School of Computing Science,B.Tech in CSE 2016-17 IV Sem VIII,,TUITION FEE,149000,0,0,0,0,0,0,0,0,DUE
238240,1/8/2016,2016-2017,2016-2017,AIE,DUE,459821,16CCCE101670,16CCCE101670,Alumni,General,School of Computing Science & Engineering,B.Tech/B.Tech (Hons) Computer Science Engineering,School of Computing Science,B.Tech in CSE 2016-17 IV Sem VIII,,Exam Fee,10000,0,0,0,0,0,0,0,0,DUE
238241,1/8/2016,2016-2017,2016-2017,AIE,DUE,459821,16CCCE101670,16CCCE101670,Alumni,General,School of Computing Science & Engineering,B.Tech/B.Tech (Hons) Computer Science Engineering,School of Computing Science,B.Tech in CSE 2016-17 IV Sem VIII,,Library BookC Recieved,1899,0,0,0,0,0,0,0,0,DUE
238242,1/8/2016,2016-2017,2016-2017,AIE,DUE,459767,16CCCE101660,16CCCE101660,Alumni,General,School of Computing Science & Engineering,B.Tech/B.Tech (Hons) Computer Science Engineering,School of Computing Science,B.Tech in CSE 2016-17 IV Sem VIII,,TUITION FEE,149000,0,0,0,0,0,0,0,0,DUE
238243,1/8/2016,2016-2017,2016-2017,AIE,DUE,459767,16CCCE101660,16CCCE101660,Alumni,General,School of Computing Science & Engineering,B.Tech/B.Tech (Hons) Computer Science Engineering,School of Computing Science,B.Tech in CSE 2016-17 IV Sem VIII,,Exam Fee,10000,0,0,0,0,0,0,0,0,DUE
238244,1/8/2016,2016-2017,2016-2017,AIE,DUE,459767,16CCCE101660,16CCCE101660,Alumni,General,School of Computing Science & Engineering,B.Tech/B.Tech (Hons) Computer Science Engineering,School of Computing Science,B.Tech in CSE 2016-17 IV Sem VIII,,Library BookC Recieved,1899,0,0,0,0,0,0,0,0,DUE
238245,1/8/2016,2016-2017,2016-2017,AIE,DUE,459757,16CCCE101658,16CCCE101658,Alumni,General,School of Computing Science & Engineering,B.Tech/B.Tech (Hons) Computer Science Engineering,School of Computing Science,B.Tech in CSE 2016-17 IV Sem VIII,,TUITION FEE,149000,0,0,0,0,0,0,0,0,DUE
238246,1/8/2016,2016-2017,2016-2017,AIE,DUE,459757,16CCCE101658,16CCCE101658,Alumni,General,School of Computing Science & Engineering,B.Tech/B.Tech (Hons) Computer Science Engineering,School of Computing Science,B.Tech in CSE 2016-17 IV Sem VIII,,Exam Fee,10000,0,0,0,0,0,0,0,0,DUE
238247,1/8/2016,2016-2017,2016-2017,AIE,DUE,459757,16CCCE101658,16CCCE101658,Alumni,General,School of Computing Science & Engineering,B.Tech/B.Tech (Hons) Computer Science Engineering,School of Computing Science,B.Tech in CSE 2016-17 IV Sem VIII,,Library BookC Recieved,1899,0,0,0,0,0,0,0,0,DUE
238248,1/8/2016,2016-2017,2016-2017,AIE,DUE,459775,16CCCE101661,16CCCE101661,Alumni,General,School of Computing Science & Engineering,B.Tech/B.Tech (Hons) Computer Science Engineering,School of Computing Science,B.Tech in CSE 2016-17 IV Sem VIII,,TUITION FEE,149000,0,0,0,0,0,0,0,0,DUE
238249,1/8/2016,2016-2017,2016-2017,AIE,DUE,459775,16CCCE101661,16CCCE101661,Alumni,General,School of Computing Science & Engineering,B.Tech/B.Tech (Hons) Computer Science Engineering,School of Computing Science,B.Tech in CSE 2016-17 IV Sem VIII,,Exam Fee,10000,0,0,0,0,0,0,0,0,DUE
238250,1/8/2016,2016-2017,2016-2017,AIE,DUE,459775,16CCCE101661,16CCCE101661,Alumni,General,School of Computing Science & Engineering,B.Tech/B.Tech (Hons) Computer Science Engineering,School of Computing Science,B.Tech in CSE 2016-17 IV Sem VIII,,Library BookC Recieved,1899,0,0,0,0,0,0,0,0,DUE
238251,1/8/2016,2016-2017,2016-2017,AIE,DUE,459781,16CCCE101662,16CCCE101662,Alumni,General,School of Computing Science & Engineering,B.Tech/B.Tech (Hons) Computer Science Engineering,School of Computing Science,B.Tech in CSE 2016-17 IV Sem VIII,,TUITION FEE,149000,0,0,0,0,0,0,0,0,DUE
238252,1/8/2016,2016-2017,2016-2017,AIE,DUE,459781,16CCCE101662,16CCCE101662,Alumni,General,School of Computing Science & Engineering,B.Tech/B.Tech (Hons) Computer Science Engineering,School of Computing Science,B.Tech in CSE 2016-17 IV Sem VIII,,Exam Fee,10000,0,0,0,0,0,0,0,0,DUE
238253,1/8/2016,2016-2017,2016-2017,AIE,DUE,459781,16CCCE101662,16CCCE101662,Alumni,General,School of Computing Science & Engineering,B.Tech/B.Tech (Hons) Computer Science Engineering,School of Computing Science,B.Tech in CSE 2016-17 IV Sem VIII,,Library BookC Recieved,1899,0,0,0,0,0,0,0,0,DUE
238254,1/8/2016,2016-2017,2016-2017,AIE,DUE,456588,16CCME101143,16CCME101143,Alumni,General,School of Mechanical Engineering,B.Tech/B.Tech (Hons) Mechanical Engineering,School of Mechanical Engineering,ME 2016-2017 IV Sem VIII,,TUITION FEE,149000,0,0,0,0,0,0,0,0,DUE
238255,1/8/2016,2016-2017,2016-2017,AIE,DUE,456588,16CCME101143,16CCME101143,Alumni,General,School of Mechanical Engineering,B.Tech/B.Tech (Hons) Mechanical Engineering,School of Mechanical Engineering,ME 2016-2017 IV Sem VIII,,Exam Fee,10000,0,0,0,0,0,0,0,0,DUE
238256,1/8/2016,2016-2017,2016-2017,AIE,DUE,456588,16CCME101143,16CCME101143,Alumni,General,School of Mechanical Engineering,B.Tech/B.Tech (Hons) Mechanical Engineering,School of Mechanical Engineering,ME 2016-2017 IV Sem VIII,,Library BookC Recieved,1899,0,0,0,0,0,0,0,0,DUE
238257,1/8/2016,2016-2017,2016-2017,AIE,DUE,460275,16CCCE101769,16CCCE101769,Alumni,General,School of Computing Science & Engineering,B.Tech/B.Tech (Hons) Computer Science Engineering,School of Computing Science,B.Tech in CSE 2016-17 IV Sem VIII,,TUITION FEE,149000,0,0,0,0,0,0,0,0,DUE
238258,1/8/2016,2016-2017,2016-2017,AIE,DUE,460275,16CCCE101769,16CCCE101769,Alumni,General,School of Computing Science & Engineering,B.Tech/B.Tech (Hons) Computer Science Engineering,School of Computing Science,B.Tech in CSE 2016-17 IV Sem VIII,,Exam Fee,10000,0,0,0,0,0,0,0,0,DUE
238259,1/8/2016,2016-2017,2016-2017,AIE,DUE,460275,16CCCE101769,16CCCE101769,Alumni,General,School of Computing Science & Engineering,B.Tech/B.Tech (Hons) Computer Science Engineering,School of Computing Science,B.Tech in CSE 2016-17 IV Sem VIII,,Library BookC Recieved,1899,0,0,0,0,0,0,0,0,DUE
238260,1/8/2016,2016-2017,2016-2017,AIE,DUE,459752,16CCCE101655,16CCCE101655,Alumni,General,School of Computing Science & Engineering,B.Tech/B.Tech (Hons) Computer Science Engineering,School of Computing Science,B.Tech in CSE 2016-17 IV Sem VIII,,TUITION FEE,149000,0,0,0,0,0,0,0,0,DUE
238261,1/8/2016,2016-2017,2016-2017,AIE,DUE,459752,16CCCE101655,16CCCE101655,Alumni,General,School of Computing Science & Engineering,B.Tech/B.Tech (Hons) Computer Science Engineering,School of Computing Science,B.Tech in CSE 2016-17 IV Sem VIII,,Exam Fee,10000,0,0,0,0,0,0,0,0,DUE
238262,1/8/2016,2016-2017,2016-2017,AIE,DUE,459752,16CCCE101655,16CCCE101655,Alumni,General,School of Computing Science & Engineering,B.Tech/B.Tech (Hons) Computer Science Engineering,School of Computing Science,B.Tech in CSE 2016-17 IV Sem VIII,,Library BookC Recieved,1899,0,0,0,0,0,0,0,0,DUE
238263,1/8/2016,2016-2017,2016-2017,AIE,DUE,460281,16CCCE101770,16CCCE101770,Alumni,General,School of Computing Science & Engineering,B.Tech/B.Tech (Hons) Computer Science Engineering,School of Computing Science,B.Tech in CSE 2016-17 IV Sem VIII,,TUITION FEE,149000,0,0,0,0,0,0,0,0,DUE
238264,1/8/2016,2016-2017,2016-2017,AIE,DUE,460281,16CCCE101770,16CCCE101770,Alumni,General,School of Computing Science & Engineering,B.Tech/B.Tech (Hons) Computer Science Engineering,School of Computing Science,B.Tech in CSE 2016-17 IV Sem VIII,,Exam Fee,10000,0,0,0,0,0,0,0,0,DUE
238265,1/8/2016,2016-2017,2016-2017,AIE,DUE,460281,16CCCE101770,16CCCE101770,Alumni,General,School of Computing Science & Engineering,B.Tech/B.Tech (Hons) Computer Science Engineering,School of Computing Science,B.Tech in CSE 2016-17 IV Sem VIII,,Library BookC Recieved,1400,0,0,0,0,0,0,0,0,DUE
238266,1/8/2016,2016-2017,2016-2017,AIE,DUE,456862,16CCME107001,16CCME107001,Alumni,General,School of Mechanical Engineering,B.Tech/B.Tech (Hons) Mechanical Engineering,School of Mechanical Engineering,ME 2016-2017 IV Sem VIII,,TUITION FEE,149000,0,0,0,0,0,0,0,0,DUE
238267,1/8/2016,2016-2017,2016-2017,AIE,DUE,456862,16CCME107001,16CCME107001,Alumni,General,School of Mechanical Engineering,B.Tech/B.Tech (Hons) Mechanical Engineering,School of Mechanical Engineering,ME 2016-2017 IV Sem VIII,,Exam Fee,10000,0,0,0,0,0,0,0,0,DUE
238268,1/8/2016,2016-2017,2016-2017,AIE,DUE,456862,16CCME107001,16CCME107001,Alumni,General,School of Mechanical Engineering,B.Tech/B.Tech (Hons) Mechanical Engineering,School of Mechanical Engineering,ME 2016-2017 IV Sem VIII,,Library BookC Recieved,1899,0,0,0,0,0,0,0,0,DUE
238269,1/8/2016,2016-2017,2016-2017,AIE,DUE,459739,16CCCE101654,16CCCE101654,Alumni,General,School of Computing Science & Engineering,B.Tech/B.Tech (Hons) Computer Science Engineering,School of Computing Science,B.Tech in CSE 2016-17 IV Sem VIII,,TUITION FEE,149000,0,0,0,0,0,0,0,0,DUE
238270,1/8/2016,2016-2017,2016-2017,AIE,DUE,459739,16CCCE101654,16CCCE101654,Alumni,General,School of Computing Science & Engineering,B.Tech/B.Tech (Hons) Computer Science Engineering,School of Computing Science,B.Tech in CSE 2016-17 IV Sem VIII,,Exam Fee,10000,0,0,0,0,0,0,0,0,DUE
238271,1/8/2016,2016-2017,2016-2017,AIE,DUE,459739,16CCCE101654,16CCCE101654,Alumni,General,School of Computing Science & Engineering,B.Tech/B.Tech (Hons) Computer Science Engineering,School of Computing Science,B.Tech in CSE 2016-17 IV Sem VIII,,Library BookC Recieved,1899,0,0,0,0,0,0,0,0,DUE
238272,1/8/2016,2016-2017,2016-2017,AIE,DUE,459739,16CCCE101654,16CCCE101654,Alumni,General,School of Computing Science & Engineering,B.Tech/B.Tech (Hons) Computer Science Engineering,School of Computing Science,B.Tech in CSE 2016-17 IV Sem VIII,,Sport Activity Received,700,0,0,0,0,0,0,0,0,DUE
238273,1/8/2016,2016-2017,2016-2017,AIE,DUE,503787,16CCCE105083,16CCCE105083,Alumni,General,School of Computing Science & Engineering,B.Tech (Hons) in Computer Science & Engineering with Specialization in Cloud Computing & Virtualizations,School of Computing Science,B.Tech in CSCC 2016-17 IV Sem VIII,,TUITION FEE,170000,0,0,0,0,0,0,0,0,DUE
238274,1/8/2016,2016-2017,2016-2017,AIE,DUE,503787,16CCCE105083,16CCCE105083,Alumni,General,School of Computing Science & Engineering,B.Tech (Hons) in Computer Science & Engineering with Specialization in Cloud Computing & Virtualizations,School of Computing Science,B.Tech in CSCC 2016-17 IV Sem VIII,,Exam Fee,10000,0,0,0,0,0,0,0,0,DUE
238275,1/8/2016,2016-2017,2016-2017,AIE,DUE,503787,16CCCE105083,16CCCE105083,Alumni,General,School of Computing Science & Engineering,B.Tech (Hons) in Computer Science & Engineering with Specialization in Cloud Computing & Virtualizations,School of Computing Science,B.Tech in CSCC 2016-17 IV Sem VIII,,Library BookC Recieved,1400,0,0,0,0,0,0,0,0,DUE
238276,1/8/2016,2016-2017,2016-2017,AIE,DUE,459789,16CCCE101663,16CCCE101663,Alumni,General,School of Computing Science & Engineering,B.Tech/B.Tech (Hons) Computer Science Engineering,School of Computing Science,B.Tech in CSE 2016-17 IV Sem VIII,,TUITION FEE,149000,0,0,0,0,0,0,0,0,DUE
238277,1/8/2016,2016-2017,2016-2017,AIE,DUE,459789,16CCCE101663,16CCCE101663,Alumni,General,School of Computing Science & Engineering,B.Tech/B.Tech (Hons) Computer Science Engineering,School of Computing Science,B.Tech in CSE 2016-17 IV Sem VIII,,Exam Fee,10000,0,0,0,0,0,0,0,0,DUE
238278,1/8/2016,2016-2017,2016-2017,AIE,DUE,459789,16CCCE101663,16CCCE101663,Alumni,General,School of Computing Science & Engineering,B.Tech/B.Tech (Hons) Computer Science Engineering,School of Computing Science,B.Tech in CSE 2016-17 IV Sem VIII,,Library BookC Recieved,1899,0,0,0,0,0,0,0,0,DUE
238279,1/8/2016,2016-2017,2016-2017,AIE,DUE,459799,16CCCE101664,16CCCE101664,Alumni,General,School of Computing Science & Engineering,B.Tech/B.Tech (Hons) Computer Science Engineering,School of Computing Science,B.Tech in CSE 2016-17 IV Sem VIII,,TUITION FEE,149000,0,0,0,0,0,0,0,0,DUE
238280,1/8/2016,2016-2017,2016-2017,AIE,DUE,459799,16CCCE101664,16CCCE101664,Alumni,General,School of Computing Science & Engineering,B.Tech/B.Tech (Hons) Computer Science Engineering,School of Computing Science,B.Tech in CSE 2016-17 IV Sem VIII,,Exam Fee,10000,0,0,0,0,0,0,0,0,DUE
238281,1/8/2016,2016-2017,2016-2017,AIE,DUE,459799,16CCCE101664,16CCCE101664,Alumni,General,School of Computing Science & Engineering,B.Tech/B.Tech (Hons) Computer Science Engineering,School of Computing Science,B.Tech in CSE 2016-17 IV Sem VIII,,Library BookC Recieved,1899,0,0,0,0,0,0,0,0,DUE
238282,1/8/2016,2016-2017,2016-2017,AIE,DUE,460241,16CCCE101763,16CCCE101763,No Information,General,School of Computing Science & Engineering,B.Tech/B.Tech (Hons) Computer Science Engineering,School of Computing Science,B.Tech in CSE 2016-17 II Sem IV,,TUITION FEE,149000,0,0,0,0,0,0,0,0,DUE
238283,1/8/2016,2016-2017,2016-2017,AIE,DUE,460241,16CCCE101763,16CCCE101763,No Information,General,School of Computing Science & Engineering,B.Tech/B.Tech (Hons) Computer Science Engineering,School of Computing Science,B.Tech in CSE 2016-17 II Sem IV,,Exam Fee,10000,0,0,0,0,0,0,0,0,DUE
238284,1/8/2016,2016-2017,2016-2017,AIE,DUE,460241,16CCCE101763,16CCCE101763,No Information,General,School of Computing Science & Engineering,B.Tech/B.Tech (Hons) Computer Science Engineering,School of Computing Science,B.Tech in CSE 2016-17 II Sem IV,,Library BookC Recieved,1899,0,0,0,0,0,0,0,0,DUE
238285,1/8/2016,2016-2017,2016-2017,AIE,DUE,459413,16CCCE101574,16CCCE101574,Alumni,General,School of Computing Science & Engineering,B.Tech/B.Tech (Hons) Computer Science Engineering,School of Computing Science,B.Tech in CSE 2016-17 IV Sem VIII,,TUITION FEE,149000,0,0,0,0,0,0,0,0,DUE
238286,1/8/2016,2016-2017,2016-2017,AIE,DUE,459413,16CCCE101574,16CCCE101574,Alumni,General,School of Computing Science & Engineering,B.Tech/B.Tech (Hons) Computer Science Engineering,School of Computing Science,B.Tech in CSE 2016-17 IV Sem VIII,,Exam Fee,10000,0,0,0,0,0,0,0,0,DUE
238287,1/8/2016,2016-2017,2016-2017,AIE,DUE,459413,16CCCE101574,16CCCE101574,Alumni,General,School of Computing Science & Engineering,B.Tech/B.Tech (Hons) Computer Science Engineering,School of Computing Science,B.Tech in CSE 2016-17 IV Sem VIII,,Fine Fee,800,0,0,0,0,0,0,0,0,DUE
238288,1/8/2016,2016-2017,2016-2017,AIE,DUE,459413,16CCCE101574,16CCCE101574,Alumni,General,School of Computing Science & Engineering,B.Tech/B.Tech (Hons) Computer Science Engineering,School of Computing Science,B.Tech in CSE 2016-17 IV Sem VIII,,Library BookC Recieved,1400,0,0,0,0,0,0,0,0,DUE
238289,1/8/2016,2016-2017,2016-2017,AIE,DUE,459811,16CCCE101669,16CCCE101669,Alumni,General,School of Computing Science & Engineering,B.Tech/B.Tech (Hons) Computer Science Engineering,School of Computing Science,B.Tech in CSE 2016-17 IV Sem VIII,,TUITION FEE,149000,0,0,0,0,0,0,0,0,DUE
238290,1/8/2016,2016-2017,2016-2017,AIE,DUE,459811,16CCCE101669,16CCCE101669,Alumni,General,School of Computing Science & Engineering,B.Tech/B.Tech (Hons) Computer Science Engineering,School of Computing Science,B.Tech in CSE 2016-17 IV Sem VIII,,Exam Fee,10000,0,0,0,0,0,0,0,0,DUE
238291,1/8/2016,2016-2017,2016-2017,AIE,DUE,459811,16CCCE101669,16CCCE101669,Alumni,General,School of Computing Science & Engineering,B.Tech/B.Tech (Hons) Computer Science Engineering,School of Computing Science,B.Tech in CSE 2016-17 IV Sem VIII,,Library BookC Recieved,1899,0,0,0,0,0,0,0,0,DUE
238292,1/8/2016,2016-2017,2016-2017,AIE,DUE,460237,16CCCE101761,16CCCE101761,Alumni,General,School of Computing Science & Engineering,B.Tech/B.Tech (Hons) Computer Science Engineering,School of Computing Science,B.Tech in CSE 2016-17 IV Sem VIII,,TUITION FEE,149000,0,0,0,0,0,0,0,0,DUE
238293,1/8/2016,2016-2017,2016-2017,AIE,DUE,460237,16CCCE101761,16CCCE101761,Alumni,General,School of Computing Science & Engineering,B.Tech/B.Tech (Hons) Computer Science Engineering,School of Computing Science,B.Tech in CSE 2016-17 IV Sem VIII,,Exam Fee,10000,0,0,0,0,0,0,0,0,DUE
238294,1/8/2016,2016-2017,2016-2017,AIE,DUE,460237,16CCCE101761,16CCCE101761,Alumni,General,School of Computing Science & Engineering,B.Tech/B.Tech (Hons) Computer Science Engineering,School of Computing Science,B.Tech in CSE 2016-17 IV Sem VIII,,Library BookC Recieved,1899,0,0,0,0,0,0,0,0,DUE
238295,1/8/2016,2016-2017,2016-2017,NRI,DUE,456795,16CCME101207,16CCME101207,Active,General,School of Mechanical Engineering,B.Tech/B.Tech (Hons) Mechanical Engineering,School of Mechanical Engineering,ME 2016-2017 IV Sem VIII,,TUITION FEE,149000,0,0,0,0,0,0,0,0,DUE
238296,1/8/2016,2016-2017,2016-2017,NRI,DUE,456795,16CCME101207,16CCME101207,Active,General,School of Mechanical Engineering,B.Tech/B.Tech (Hons) Mechanical Engineering,School of Mechanical Engineering,ME 2016-2017 IV Sem VIII,,Exam Fee,12000,0,0,0,0,0,0,0,0,DUE
238297,1/8/2016,2016-2017,2016-2017,NRI,DUE,456795,16CCME101207,16CCME101207,Active,General,School of Mechanical Engineering,B.Tech/B.Tech (Hons) Mechanical Engineering,School of Mechanical Engineering,ME 2016-2017 IV Sem VIII,,Library BookC Recieved,1400,0,0,0,0,0,0,0,0,DUE
238298,1/8/2016,2016-2017,2016-2017,AIE,DUE,460246,16CCCE101764,16CCCE101764,Alumni,General,School of Computing Science & Engineering,B.Tech/B.Tech (Hons) Computer Science Engineering,School of Computing Science,B.Tech in CSE 2016-17 IV Sem VIII,,TUITION FEE,149000,0,0,0,0,0,0,0,0,DUE
238299,1/8/2016,2016-2017,2016-2017,AIE,DUE,460246,16CCCE101764,16CCCE101764,Alumni,General,School of Computing Science & Engineering,B.Tech/B.Tech (Hons) Computer Science Engineering,School of Computing Science,B.Tech in CSE 2016-17 IV Sem VIII,,Exam Fee,10000,0,0,0,0,0,0,0,0,DUE
238300,1/8/2016,2016-2017,2016-2017,AIE,DUE,460246,16CCCE101764,16CCCE101764,Alumni,General,School of Computing Science & Engineering,B.Tech/B.Tech (Hons) Computer Science Engineering,School of Computing Science,B.Tech in CSE 2016-17 IV Sem VIII,,Library BookC Recieved,1899,0,0,0,0,0,0,0,0,DUE
238301,1/8/2016,2016-2017,2016-2017,AIE,DUE,455772,16CBAC101049,16CBAC101049,Alumni,General,School of Basic & Applied Sciences,B.Sc.(Hons) Forensic Sciences,School of Basic,B.Sc.(Hons) Forensic Sciences IV Sem VII,,TUITION FEE,50000,0,0,0,0,0,0,0,0,DUE
238302,1/8/2016,2016-2017,2016-2017,AIE,DUE,455772,16CBAC101049,16CBAC101049,Alumni,General,School of Basic & Applied Sciences,B.Sc.(Hons) Forensic Sciences,School of Basic,B.Sc.(Hons) Forensic Sciences IV Sem VII,,Exam Fee,10000,0,0,0,0,0,0,0,0,DUE
238303,1/8/2016,2016-2017,2016-2017,AIE,DUE,456783,16CCME101201,16CCME101201,Alumni,General,School of Mechanical Engineering,B.Tech/B.Tech (Hons) Mechanical Engineering,School of Mechanical Engineering,ME 2016-2017 IV Sem VIII,,TUITION FEE,149000,0,0,0,0,0,0,0,0,DUE
238304,1/8/2016,2016-2017,2016-2017,AIE,DUE,456783,16CCME101201,16CCME101201,Alumni,General,School of Mechanical Engineering,B.Tech/B.Tech (Hons) Mechanical Engineering,School of Mechanical Engineering,ME 2016-2017 IV Sem VIII,,Exam Fee,10000,0,0,0,0,0,0,0,0,DUE
238305,1/8/2016,2016-2017,2016-2017,AIE,DUE,456783,16CCME101201,16CCME101201,Alumni,General,School of Mechanical Engineering,B.Tech/B.Tech (Hons) Mechanical Engineering,School of Mechanical Engineering,ME 2016-2017 IV Sem VIII,,Library BookC Recieved,1400,0,0,0,0,0,0,0,0,DUE
238306,1/8/2016,2016-2017,2016-2017,AIE,DUE,459805,16CCCE101668,16CCCE101668,Alumni,General,School of Computing Science & Engineering,B.Tech/B.Tech (Hons) Computer Science Engineering,School of Computing Science,B.Tech in CSE 2016-17 IV Sem VIII,,TUITION FEE,149000,0,0,0,0,0,0,0,0,DUE
238307,1/8/2016,2016-2017,2016-2017,AIE,DUE,459805,16CCCE101668,16CCCE101668,Alumni,General,School of Computing Science & Engineering,B.Tech/B.Tech (Hons) Computer Science Engineering,School of Computing Science,B.Tech in CSE 2016-17 IV Sem VIII,,Exam Fee,10000,0,0,0,0,0,0,0,0,DUE
238308,1/8/2016,2016-2017,2016-2017,AIE,DUE,459805,16CCCE101668,16CCCE101668,Alumni,General,School of Computing Science & Engineering,B.Tech/B.Tech (Hons) Computer Science Engineering,School of Computing Science,B.Tech in CSE 2016-17 IV Sem VIII,,Library BookC Recieved,1400,0,0,0,0,0,0,0,0,DUE
238309,1/8/2016,2016-2017,2016-2017,AIE,DUE,460267,16CCCE101768,16CCCE101768,Active,General,School of Computing Science & Engineering,B.Tech/B.Tech (Hons) Computer Science Engineering,School of Computing Science,B.Tech in CSE 2017-18 IV Sem VIII,,TUITION FEE,149000,0,0,0,0,0,0,0,0,DUE
238310,1/8/2016,2016-2017,2016-2017,AIE,DUE,460267,16CCCE101768,16CCCE101768,Active,General,School of Computing Science & Engineering,B.Tech/B.Tech (Hons) Computer Science Engineering,School of Computing Science,B.Tech in CSE 2017-18 IV Sem VIII,,Exam Fee,10000,0,0,0,0,0,0,0,0,DUE
238311,1/8/2016,2016-2017,2016-2017,AIE,DUE,460267,16CCCE101768,16CCCE101768,Active,General,School of Computing Science & Engineering,B.Tech/B.Tech (Hons) Computer Science Engineering,School of Computing Science,B.Tech in CSE 2017-18 IV Sem VIII,,Library BookC Recieved,1400,0,0,0,0,0,0,0,0,DUE
238312,1/8/2016,2016-2017,2016-2017,AIE,DUE,460261,16CCCE101767,16CCCE101767,Alumni,General,School of Computing Science & Engineering,B.Tech/B.Tech (Hons) Computer Science Engineering,School of Computing Science,B.Tech in CSE 2016-17 IV Sem VIII,,TUITION FEE,149000,0,0,0,0,0,0,0,0,DUE
238313,1/8/2016,2016-2017,2016-2017,AIE,DUE,460261,16CCCE101767,16CCCE101767,Alumni,General,School of Computing Science & Engineering,B.Tech/B.Tech (Hons) Computer Science Engineering,School of Computing Science,B.Tech in CSE 2016-17 IV Sem VIII,,Exam Fee,10000,0,0,0,0,0,0,0,0,DUE
238314,1/8/2016,2016-2017,2016-2017,AIE,DUE,460261,16CCCE101767,16CCCE101767,Alumni,General,School of Computing Science & Engineering,B.Tech/B.Tech (Hons) Computer Science Engineering,School of Computing Science,B.Tech in CSE 2016-17 IV Sem VIII,,Library BookC Recieved,1899,0,0,0,0,0,0,0,0,DUE
238315,1/8/2016,2016-2017,2016-2017,AIE,DUE,459935,16CCCE101696,16CCCE101696,Alumni,General,School of Computing Science & Engineering,B.Tech/B.Tech (Hons) Computer Science Engineering,School of Computing Science,B.Tech in CSE 2016-17 IV Sem VIII,,TUITION FEE,149000,0,0,0,0,0,0,0,0,DUE
238316,1/8/2016,2016-2017,2016-2017,AIE,DUE,459935,16CCCE101696,16CCCE101696,Alumni,General,School of Computing Science & Engineering,B.Tech/B.Tech (Hons) Computer Science Engineering,School of Computing Science,B.Tech in CSE 2016-17 IV Sem VIII,,Exam Fee,10000,0,0,0,0,0,0,0,0,DUE
238317,1/8/2016,2016-2017,2016-2017,AIE,DUE,459935,16CCCE101696,16CCCE101696,Alumni,General,School of Computing Science & Engineering,B.Tech/B.Tech (Hons) Computer Science Engineering,School of Computing Science,B.Tech in CSE 2016-17 IV Sem VIII,,Library BookC Recieved,1400,0,0,0,0,0,0,0,0,DUE
238318,1/8/2016,2016-2017,2016-2017,AIE,DUE,456598,16CCME101144,16CCME101144,Alumni,General,School of Mechanical Engineering,B.Tech/B.Tech (Hons) Mechanical Engineering,School of Mechanical Engineering,ME 2016-2017 IV Sem VIII,,TUITION FEE,149000,0,0,0,0,0,0,0,0,DUE
238319,1/8/2016,2016-2017,2016-2017,AIE,DUE,456598,16CCME101144,16CCME101144,Alumni,General,School of Mechanical Engineering,B.Tech/B.Tech (Hons) Mechanical Engineering,School of Mechanical Engineering,ME 2016-2017 IV Sem VIII,,Exam Fee,10000,0,0,0,0,0,0,0,0,DUE
238320,1/8/2016,2016-2017,2016-2017,AIE,DUE,456598,16CCME101144,16CCME101144,Alumni,General,School of Mechanical Engineering,B.Tech/B.Tech (Hons) Mechanical Engineering,School of Mechanical Engineering,ME 2016-2017 IV Sem VIII,,Library BookC Recieved,1400,0,0,0,0,0,0,0,0,DUE
238321,1/8/2016,2016-2017,2016-2017,AIE,DUE,460025,16CCCE101721,16CCCE101721,Alumni,General,School of Computing Science & Engineering,B.Tech/B.Tech (Hons) Computer Science Engineering,School of Computing Science,B.Tech in CSE 2016-17 IV Sem VIII,,TUITION FEE,149000,0,0,0,0,0,0,0,0,DUE
238322,1/8/2016,2016-2017,2016-2017,AIE,DUE,460025,16CCCE101721,16CCCE101721,Alumni,General,School of Computing Science & Engineering,B.Tech/B.Tech (Hons) Computer Science Engineering,School of Computing Science,B.Tech in CSE 2016-17 IV Sem VIII,,Exam Fee,10000,0,0,0,0,0,0,0,0,DUE
238323,1/8/2016,2016-2017,2016-2017,AIE,DUE,460025,16CCCE101721,16CCCE101721,Alumni,General,School of Computing Science & Engineering,B.Tech/B.Tech (Hons) Computer Science Engineering,School of Computing Science,B.Tech in CSE 2016-17 IV Sem VIII,,Library BookC Recieved,1400,0,0,0,0,0,0,0,0,DUE
238324,1/8/2016,2016-2017,2016-2017,AIE,DUE,460018,16CCCE101719,16CCCE101719,No Information,General,School of Computing Science & Engineering,B.Tech/B.Tech (Hons) Computer Science Engineering,School of Computing Science,B.Tech/B.Tech (Hons) Computer Science Engineering 2016-2017 I Sem II,,TUITION FEE,149000,0,0,0,0,0,0,0,0,DUE
238325,1/8/2016,2016-2017,2016-2017,AIE,DUE,460018,16CCCE101719,16CCCE101719,No Information,General,School of Computing Science & Engineering,B.Tech/B.Tech (Hons) Computer Science Engineering,School of Computing Science,B.Tech/B.Tech (Hons) Computer Science Engineering 2016-2017 I Sem II,,Exam Fee,10000,0,0,0,0,0,0,0,0,DUE
238326,1/8/2016,2016-2017,2016-2017,AIE,DUE,460018,16CCCE101719,16CCCE101719,No Information,General,School of Computing Science & Engineering,B.Tech/B.Tech (Hons) Computer Science Engineering,School of Computing Science,B.Tech/B.Tech (Hons) Computer Science Engineering 2016-2017 I Sem II,,Library BookC Recieved,1400,0,0,0,0,0,0,0,0,DUE
238327,1/8/2016,2016-2017,2016-2017,AIE,DUE,460031,16CCCE101722,16CCCE101722,Alumni,General,School of Computing Science & Engineering,B.Tech/B.Tech (Hons) Computer Science Engineering,School of Computing Science,B.Tech in CSE 2016-17 IV Sem VIII,,TUITION FEE,149000,0,0,0,0,0,0,0,0,DUE
238328,1/8/2016,2016-2017,2016-2017,AIE,DUE,460031,16CCCE101722,16CCCE101722,Alumni,General,School of Computing Science & Engineering,B.Tech/B.Tech (Hons) Computer Science Engineering,School of Computing Science,B.Tech in CSE 2016-17 IV Sem VIII,,Exam Fee,10000,0,0,0,0,0,0,0,0,DUE
238329,1/8/2016,2016-2017,2016-2017,AIE,DUE,460031,16CCCE101722,16CCCE101722,Alumni,General,School of Computing Science & Engineering,B.Tech/B.Tech (Hons) Computer Science Engineering,School of Computing Science,B.Tech in CSE 2016-17 IV Sem VIII,,Library BookC Recieved,1899,0,0,0,0,0,0,0,0,DUE
238330,1/8/2016,2016-2017,2016-2017,AIE,DUE,460036,16CCCE101723,16CCCE101723,Alumni,General,School of Computing Science & Engineering,B.Tech/B.Tech (Hons) Computer Science Engineering,School of Computing Science,B.Tech in CSE 2016-17 IV Sem VIII,,TUITION FEE,149000,0,0,0,0,0,0,0,0,DUE
238331,1/8/2016,2016-2017,2016-2017,AIE,DUE,460036,16CCCE101723,16CCCE101723,Alumni,General,School of Computing Science & Engineering,B.Tech/B.Tech (Hons) Computer Science Engineering,School of Computing Science,B.Tech in CSE 2016-17 IV Sem VIII,,Exam Fee,10000,0,0,0,0,0,0,0,0,DUE
238332,1/8/2016,2016-2017,2016-2017,AIE,DUE,460036,16CCCE101723,16CCCE101723,Alumni,General,School of Computing Science & Engineering,B.Tech/B.Tech (Hons) Computer Science Engineering,School of Computing Science,B.Tech in CSE 2016-17 IV Sem VIII,,Library BookC Recieved,1899,0,0,0,0,0,0,0,0,DUE
238333,1/8/2016,2016-2017,2016-2017,AIE,DUE,460128,16CCCE101739,16CCCE101739,Alumni,General,School of Computing Science & Engineering,B.Tech/B.Tech (Hons) Computer Science Engineering,School of Computing Science,B.Tech in CSE 2016-17 IV Sem VIII,,TUITION FEE,149000,0,0,0,0,0,0,0,0,DUE
238334,1/8/2016,2016-2017,2016-2017,AIE,DUE,460128,16CCCE101739,16CCCE101739,Alumni,General,School of Computing Science & Engineering,B.Tech/B.Tech (Hons) Computer Science Engineering,School of Computing Science,B.Tech in CSE 2016-17 IV Sem VIII,,Exam Fee,10000,0,0,0,0,0,0,0,0,DUE
238335,1/8/2016,2016-2017,2016-2017,AIE,DUE,460128,16CCCE101739,16CCCE101739,Alumni,General,School of Computing Science & Engineering,B.Tech/B.Tech (Hons) Computer Science Engineering,School of Computing Science,B.Tech in CSE 2016-17 IV Sem VIII,,Fine Fee,1600,0,0,0,0,0,0,0,0,DUE
238336,1/8/2016,2016-2017,2016-2017,AIE,DUE,460128,16CCCE101739,16CCCE101739,Alumni,General,School of Computing Science & Engineering,B.Tech/B.Tech (Hons) Computer Science Engineering,School of Computing Science,B.Tech in CSE 2016-17 IV Sem VIII,,Library BookC Recieved,1899,0,0,0,0,0,0,0,0,DUE
238337,1/8/2016,2016-2017,2016-2017,AIE,DUE,460135,16CCCE101741,16CCCE101741,Alumni,General,School of Computing Science & Engineering,B.Tech/B.Tech (Hons) Computer Science Engineering,School of Computing Science,B.Tech in CSE 2016-17 IV Sem VIII,,TUITION FEE,149000,0,0,0,0,0,0,0,0,DUE
238338,1/8/2016,2016-2017,2016-2017,AIE,DUE,460135,16CCCE101741,16CCCE101741,Alumni,General,School of Computing Science & Engineering,B.Tech/B.Tech (Hons) Computer Science Engineering,School of Computing Science,B.Tech in CSE 2016-17 IV Sem VIII,,Exam Fee,10000,0,0,0,0,0,0,0,0,DUE
238339,1/8/2016,2016-2017,2016-2017,AIE,DUE,460135,16CCCE101741,16CCCE101741,Alumni,General,School of Computing Science & Engineering,B.Tech/B.Tech (Hons) Computer Science Engineering,School of Computing Science,B.Tech in CSE 2016-17 IV Sem VIII,,Library BookC Recieved,1400,0,0,0,0,0,0,0,0,DUE
238340,1/8/2016,2016-2017,2016-2017,AIE,DUE,460015,16CCCE101717,16CCCE101717,No Information,General,School of Computing Science & Engineering,B.Tech/B.Tech (Hons) Computer Science Engineering,School of Computing Science,B.Tech in CSE 2016-17 II Sem IV,,TUITION FEE,149000,0,0,0,0,0,0,0,0,DUE
238341,1/8/2016,2016-2017,2016-2017,AIE,DUE,460015,16CCCE101717,16CCCE101717,No Information,General,School of Computing Science & Engineering,B.Tech/B.Tech (Hons) Computer Science Engineering,School of Computing Science,B.Tech in CSE 2016-17 II Sem IV,,Exam Fee,10000,0,0,0,0,0,0,0,0,DUE
238342,1/8/2016,2016-2017,2016-2017,AIE,DUE,460015,16CCCE101717,16CCCE101717,No Information,General,School of Computing Science & Engineering,B.Tech/B.Tech (Hons) Computer Science Engineering,School of Computing Science,B.Tech in CSE 2016-17 II Sem IV,,Library BookC Recieved,1400,0,0,0,0,0,0,0,0,DUE
238343,1/8/2016,2016-2017,2016-2017,AIE,DUE,460009,16CCCE101715,16CCCE101715,Alumni,General,School of Computing Science & Engineering,B.Tech/B.Tech (Hons) Computer Science Engineering,School of Computing Science,B.Tech in CSE 2016-17 IV Sem VIII,,TUITION FEE,149000,0,0,0,0,0,0,0,0,DUE
238344,1/8/2016,2016-2017,2016-2017,AIE,DUE,460009,16CCCE101715,16CCCE101715,Alumni,General,School of Computing Science & Engineering,B.Tech/B.Tech (Hons) Computer Science Engineering,School of Computing Science,B.Tech in CSE 2016-17 IV Sem VIII,,Exam Fee,10000,0,0,0,0,0,0,0,0,DUE
238345,1/8/2016,2016-2017,2016-2017,AIE,DUE,460009,16CCCE101715,16CCCE101715,Alumni,General,School of Computing Science & Engineering,B.Tech/B.Tech (Hons) Computer Science Engineering,School of Computing Science,B.Tech in CSE 2016-17 IV Sem VIII,,Library BookC Recieved,1899,0,0,0,0,0,0,0,0,DUE
238346,1/8/2016,2016-2017,2016-2017,AIE,DUE,460144,16CCCE101744,16CCCE101744,Alumni,General,School of Computing Science & Engineering,B.Tech/B.Tech (Hons) Computer Science Engineering,School of Computing Science,B.Tech in CSE 2016-17 IV Sem VIII,,TUITION FEE,149000,0,0,0,0,0,0,0,0,DUE
238347,1/8/2016,2016-2017,2016-2017,AIE,DUE,460144,16CCCE101744,16CCCE101744,Alumni,General,School of Computing Science & Engineering,B.Tech/B.Tech (Hons) Computer Science Engineering,School of Computing Science,B.Tech in CSE 2016-17 IV Sem VIII,,Exam Fee,10000,0,0,0,0,0,0,0,0,DUE
238348,1/8/2016,2016-2017,2016-2017,AIE,DUE,460144,16CCCE101744,16CCCE101744,Alumni,General,School of Computing Science & Engineering,B.Tech/B.Tech (Hons) Computer Science Engineering,School of Computing Science,B.Tech in CSE 2016-17 IV Sem VIII,,Library BookC Recieved,1899,0,0,0,0,0,0,0,0,DUE
238349,1/8/2016,2016-2017,2016-2017,AIE,DUE,460013,16CCCE101716,16CCCE101716,No Information,General,School of Computing Science & Engineering,B.Tech/B.Tech (Hons) Computer Science Engineering,School of Computing Science,B.Tech in CSE 2016-17 II Sem IV,,TUITION FEE,149000,0,0,0,0,0,0,0,0,DUE
238350,1/8/2016,2016-2017,2016-2017,AIE,DUE,460013,16CCCE101716,16CCCE101716,No Information,General,School of Computing Science & Engineering,B.Tech/B.Tech (Hons) Computer Science Engineering,School of Computing Science,B.Tech in CSE 2016-17 II Sem IV,,Exam Fee,10000,0,0,0,0,0,0,0,0,DUE
238351,1/8/2016,2016-2017,2016-2017,AIE,DUE,460013,16CCCE101716,16CCCE101716,No Information,General,School of Computing Science & Engineering,B.Tech/B.Tech (Hons) Computer Science Engineering,School of Computing Science,B.Tech in CSE 2016-17 II Sem IV,,Library BookC Recieved,1899,0,0,0,0,0,0,0,0,DUE
238352,1/8/2016,2016-2017,2016-2017,AIE,DUE,460139,16CCCE101742,16CCCE101742,Alumni,General,School of Computing Science & Engineering,B.Tech/B.Tech (Hons) Computer Science Engineering,School of Computing Science,B.Tech in CSE 2016-17 IV Sem VIII,,TUITION FEE,149000,0,0,0,0,0,0,0,0,DUE
238353,1/8/2016,2016-2017,2016-2017,AIE,DUE,460139,16CCCE101742,16CCCE101742,Alumni,General,School of Computing Science & Engineering,B.Tech/B.Tech (Hons) Computer Science Engineering,School of Computing Science,B.Tech in CSE 2016-17 IV Sem VIII,,Exam Fee,10000,0,0,0,0,0,0,0,0,DUE
238354,1/8/2016,2016-2017,2016-2017,AIE,DUE,460139,16CCCE101742,16CCCE101742,Alumni,General,School of Computing Science & Engineering,B.Tech/B.Tech (Hons) Computer Science Engineering,School of Computing Science,B.Tech in CSE 2016-17 IV Sem VIII,,Library BookC Recieved,1400,0,0,0,0,0,0,0,0,DUE
238355,1/8/2016,2016-2017,2016-2017,AIE,DUE,503792,16CCCE105086,16CCCE105086,Alumni,General,School of Computing Science & Engineering,B.Tech (Hons) in Computer Science & Engineering with Specialization in Cloud Computing & Virtualizations,School of Computing Science,B.Tech in CSCC 2016-17 IV Sem VIII,,TUITION FEE,170000,0,0,0,0,0,0,0,0,DUE
238356,1/8/2016,2016-2017,2016-2017,AIE,DUE,503792,16CCCE105086,16CCCE105086,Alumni,General,School of Computing Science & Engineering,B.Tech (Hons) in Computer Science & Engineering with Specialization in Cloud Computing & Virtualizations,School of Computing Science,B.Tech in CSCC 2016-17 IV Sem VIII,,Exam Fee,10000,0,0,0,0,0,0,0,0,DUE
238357,1/8/2016,2016-2017,2016-2017,AIE,DUE,503792,16CCCE105086,16CCCE105086,Alumni,General,School of Computing Science & Engineering,B.Tech (Hons) in Computer Science & Engineering with Specialization in Cloud Computing & Virtualizations,School of Computing Science,B.Tech in CSCC 2016-17 IV Sem VIII,,Library BookC Recieved,1400,0,0,0,0,0,0,0,0,DUE
238358,1/8/2016,2016-2017,2016-2017,AIE,DUE,460116,16CCCE101738,16CCCE101738,Active,General,School of Computing Science & Engineering,B.Tech/B.Tech (Hons) Computer Science Engineering,School of Computing Science,B.Tech in CSE 2016-17 IV Sem VIII,,TUITION FEE,149000,0,0,0,0,0,0,0,0,DUE
238359,1/8/2016,2016-2017,2016-2017,AIE,DUE,460116,16CCCE101738,16CCCE101738,Active,General,School of Computing Science & Engineering,B.Tech/B.Tech (Hons) Computer Science Engineering,School of Computing Science,B.Tech in CSE 2016-17 IV Sem VIII,,Exam Fee,10000,0,0,0,0,0,0,0,0,DUE
238360,1/8/2016,2016-2017,2016-2017,AIE,DUE,460116,16CCCE101738,16CCCE101738,Active,General,School of Computing Science & Engineering,B.Tech/B.Tech (Hons) Computer Science Engineering,School of Computing Science,B.Tech in CSE 2016-17 IV Sem VIII,,Library BookC Recieved,1899,0,0,0,0,0,0,0,0,DUE
238361,1/8/2016,2016-2017,2016-2017,AIE,DUE,460116,16CCCE101738,16CCCE101738,Active,General,School of Computing Science & Engineering,B.Tech/B.Tech (Hons) Computer Science Engineering,School of Computing Science,B.Tech in CSE 2016-17 IV Sem VIII,,Sport Activity Received,1000,0,0,0,0,0,0,0,0,DUE
238362,1/8/2016,2016-2017,2016-2017,AIE,DUE,460110,16CCCE101737,16CCCE101737,Alumni,General,School of Computing Science & Engineering,B.Tech/B.Tech (Hons) Computer Science Engineering,School of Computing Science,B.Tech in CSE 2016-17 IV Sem VIII,,TUITION FEE,149000,0,0,0,0,0,0,0,0,DUE
238363,1/8/2016,2016-2017,2016-2017,AIE,DUE,460110,16CCCE101737,16CCCE101737,Alumni,General,School of Computing Science & Engineering,B.Tech/B.Tech (Hons) Computer Science Engineering,School of Computing Science,B.Tech in CSE 2016-17 IV Sem VIII,,Exam Fee,10000,0,0,0,0,0,0,0,0,DUE
238364,1/8/2016,2016-2017,2016-2017,AIE,DUE,460110,16CCCE101737,16CCCE101737,Alumni,General,School of Computing Science & Engineering,B.Tech/B.Tech (Hons) Computer Science Engineering,School of Computing Science,B.Tech in CSE 2016-17 IV Sem VIII,,Library BookC Recieved,1899,0,0,0,0,0,0,0,0,DUE
238365,1/8/2016,2016-2017,2016-2017,AIE,DUE,460110,16CCCE101737,16CCCE101737,Alumni,General,School of Computing Science & Engineering,B.Tech/B.Tech (Hons) Computer Science Engineering,School of Computing Science,B.Tech in CSE 2016-17 IV Sem VIII,,Sport Activity Received,500,0,0,0,0,0,0,0,0,DUE
238366,1/8/2016,2016-2017,2016-2017,AIE,DUE,460089,16CCCE101733,16CCCE101733,No Information,General,School of Computing Science & Engineering,B.Tech/B.Tech (Hons) Computer Science Engineering,School of Computing Science,B.Tech in CSE 2016-17 II Sem IV,,TUITION FEE,149000,0,0,0,0,0,0,0,0,DUE
238367,1/8/2016,2016-2017,2016-2017,AIE,DUE,460089,16CCCE101733,16CCCE101733,No Information,General,School of Computing Science & Engineering,B.Tech/B.Tech (Hons) Computer Science Engineering,School of Computing Science,B.Tech in CSE 2016-17 II Sem IV,,Exam Fee,10000,0,0,0,0,0,0,0,0,DUE
238368,1/8/2016,2016-2017,2016-2017,AIE,DUE,460089,16CCCE101733,16CCCE101733,No Information,General,School of Computing Science & Engineering,B.Tech/B.Tech (Hons) Computer Science Engineering,School of Computing Science,B.Tech in CSE 2016-17 II Sem IV,,Library BookC Recieved,1899,0,0,0,0,0,0,0,0,DUE
238369,1/8/2016,2016-2017,2016-2017,AIE,DUE,460094,16CCCE101734,16CCCE101734,Alumni,General,School of Computing Science & Engineering,B.Tech/B.Tech (Hons) Computer Science Engineering,School of Computing Science,B.Tech in CSE 2016-17 IV Sem VIII,,TUITION FEE,149000,0,0,0,0,0,0,0,0,DUE
238370,1/8/2016,2016-2017,2016-2017,AIE,DUE,460094,16CCCE101734,16CCCE101734,Alumni,General,School of Computing Science & Engineering,B.Tech/B.Tech (Hons) Computer Science Engineering,School of Computing Science,B.Tech in CSE 2016-17 IV Sem VIII,,Exam Fee,10000,0,0,0,0,0,0,0,0,DUE
238371,1/8/2016,2016-2017,2016-2017,AIE,DUE,460094,16CCCE101734,16CCCE101734,Alumni,General,School of Computing Science & Engineering,B.Tech/B.Tech (Hons) Computer Science Engineering,School of Computing Science,B.Tech in CSE 2016-17 IV Sem VIII,,Library BookC Recieved,1899,0,0,0,0,0,0,0,0,DUE
238372,1/8/2016,2016-2017,2016-2017,AIE,DUE,460070,16CCCE101730,16CCCE101730,Year Back,General,School of Computing Science & Engineering,B.Tech/B.Tech (Hons) Computer Science Engineering,School of Computing Science,B.Tech in CSE 2016-17 III Sem V,,TUITION FEE,149000,0,0,0,0,0,0,0,0,DUE
238373,1/8/2016,2016-2017,2016-2017,AIE,DUE,460070,16CCCE101730,16CCCE101730,Year Back,General,School of Computing Science & Engineering,B.Tech/B.Tech (Hons) Computer Science Engineering,School of Computing Science,B.Tech in CSE 2016-17 III Sem V,,Exam Fee,10000,0,0,0,0,0,0,0,0,DUE
238374,1/8/2016,2016-2017,2016-2017,AIE,DUE,460070,16CCCE101730,16CCCE101730,Year Back,General,School of Computing Science & Engineering,B.Tech/B.Tech (Hons) Computer Science Engineering,School of Computing Science,B.Tech in CSE 2016-17 III Sem V,,Fine Fee,400,0,0,0,0,0,0,0,0,DUE
238375,1/8/2016,2016-2017,2016-2017,AIE,DUE,460070,16CCCE101730,16CCCE101730,Year Back,General,School of Computing Science & Engineering,B.Tech/B.Tech (Hons) Computer Science Engineering,School of Computing Science,B.Tech in CSE 2016-17 III Sem V,,Library BookC Recieved,1899,0,0,0,0,0,0,0,0,DUE
238376,1/8/2016,2016-2017,2016-2017,AIE,DUE,456607,16CCME101146,16CCME101146,Alumni,General,School of Mechanical Engineering,B.Tech/B.Tech (Hons) Mechanical Engineering,School of Mechanical Engineering,ME 2016-2017 IV Sem VIII,,TUITION FEE,149000,0,0,0,0,0,0,0,0,DUE
238377,1/8/2016,2016-2017,2016-2017,AIE,DUE,456607,16CCME101146,16CCME101146,Alumni,General,School of Mechanical Engineering,B.Tech/B.Tech (Hons) Mechanical Engineering,School of Mechanical Engineering,ME 2016-2017 IV Sem VIII,,Exam Fee,10000,0,0,0,0,0,0,0,0,DUE
238378,1/8/2016,2016-2017,2016-2017,AIE,DUE,456607,16CCME101146,16CCME101146,Alumni,General,School of Mechanical Engineering,B.Tech/B.Tech (Hons) Mechanical Engineering,School of Mechanical Engineering,ME 2016-2017 IV Sem VIII,,Library BookC Recieved,1899,0,0,0,0,0,0,0,0,DUE
238379,1/8/2016,2016-2017,2016-2017,AIE,DUE,460081,16CCCE101731,16CCCE101731,Alumni,General,School of Computing Science & Engineering,B.Tech/B.Tech (Hons) Computer Science Engineering,School of Computing Science,B.Tech in CSE 2016-17 IV Sem VIII,,TUITION FEE,149000,0,0,0,0,0,0,0,0,DUE
238380,1/8/2016,2016-2017,2016-2017,AIE,DUE,460081,16CCCE101731,16CCCE101731,Alumni,General,School of Computing Science & Engineering,B.Tech/B.Tech (Hons) Computer Science Engineering,School of Computing Science,B.Tech in CSE 2016-17 IV Sem VIII,,Exam Fee,10000,0,0,0,0,0,0,0,0,DUE
238381,1/8/2016,2016-2017,2016-2017,AIE,DUE,460081,16CCCE101731,16CCCE101731,Alumni,General,School of Computing Science & Engineering,B.Tech/B.Tech (Hons) Computer Science Engineering,School of Computing Science,B.Tech in CSE 2016-17 IV Sem VIII,,Library BookC Recieved,1899,0,0,0,0,0,0,0,0,DUE
238382,1/8/2016,2016-2017,2016-2017,AIE,DUE,500980,16CBAC101050,16CBAC101050,Alumni,General,School of Basic & Applied Sciences,B.Sc.(Hons) Forensic Sciences,School of Basic,B.Sc.(Hons) Forensic Sciences IV Sem VII,,TUITION FEE,50000,0,0,0,0,0,0,0,0,DUE
238383,1/8/2016,2016-2017,2016-2017,AIE,DUE,500980,16CBAC101050,16CBAC101050,Alumni,General,School of Basic & Applied Sciences,B.Sc.(Hons) Forensic Sciences,School of Basic,B.Sc.(Hons) Forensic Sciences IV Sem VII,,Exam Fee,10000,0,0,0,0,0,0,0,0,DUE
238384,1/8/2016,2016-2017,2016-2017,AIE,DUE,460067,16CCCE101729,16CCCE101729,Alumni,General,School of Computing Science & Engineering,B.Tech/B.Tech (Hons) Computer Science Engineering,School of Computing Science,B.Tech in CSE 2016-17 IV Sem VIII,,TUITION FEE,149000,0,0,0,0,0,0,0,0,DUE
238385,1/8/2016,2016-2017,2016-2017,AIE,DUE,460067,16CCCE101729,16CCCE101729,Alumni,General,School of Computing Science & Engineering,B.Tech/B.Tech (Hons) Computer Science Engineering,School of Computing Science,B.Tech in CSE 2016-17 IV Sem VIII,,Exam Fee,10000,0,0,0,0,0,0,0,0,DUE
238386,1/8/2016,2016-2017,2016-2017,AIE,DUE,460067,16CCCE101729,16CCCE101729,Alumni,General,School of Computing Science & Engineering,B.Tech/B.Tech (Hons) Computer Science Engineering,School of Computing Science,B.Tech in CSE 2016-17 IV Sem VIII,,Library BookC Recieved,1899,0,0,0,0,0,0,0,0,DUE
238387,1/8/2016,2016-2017,2016-2017,AIE,DUE,460105,16CCCE101736,16CCCE101736,Alumni,General,School of Computing Science & Engineering,B.Tech/B.Tech (Hons) Computer Science Engineering,School of Computing Science,B.Tech in CSE 2016-17 IV Sem VIII,,TUITION FEE,149000,0,0,0,0,0,0,0,0,DUE
238388,1/8/2016,2016-2017,2016-2017,AIE,DUE,460105,16CCCE101736,16CCCE101736,Alumni,General,School of Computing Science & Engineering,B.Tech/B.Tech (Hons) Computer Science Engineering,School of Computing Science,B.Tech in CSE 2016-17 IV Sem VIII,,Exam Fee,10000,0,0,0,0,0,0,0,0,DUE
238389,1/8/2016,2016-2017,2016-2017,AIE,DUE,460105,16CCCE101736,16CCCE101736,Alumni,General,School of Computing Science & Engineering,B.Tech/B.Tech (Hons) Computer Science Engineering,School of Computing Science,B.Tech in CSE 2016-17 IV Sem VIII,,Library BookC Recieved,1899,0,0,0,0,0,0,0,0,DUE
238390,1/8/2016,2016-2017,2016-2017,AIE,DUE,460043,16CCCE101725,16CCCE101725,Alumni,General,School of Computing Science & Engineering,B.Tech/B.Tech (Hons) Computer Science Engineering,School of Computing Science,B.Tech in CSE 2016-17 IV Sem VIII,,TUITION FEE,149000,0,0,0,0,0,0,0,0,DUE
238391,1/8/2016,2016-2017,2016-2017,AIE,DUE,460043,16CCCE101725,16CCCE101725,Alumni,General,School of Computing Science & Engineering,B.Tech/B.Tech (Hons) Computer Science Engineering,School of Computing Science,B.Tech in CSE 2016-17 IV Sem VIII,,Exam Fee,10000,0,0,0,0,0,0,0,0,DUE
238392,1/8/2016,2016-2017,2016-2017,AIE,DUE,460043,16CCCE101725,16CCCE101725,Alumni,General,School of Computing Science & Engineering,B.Tech/B.Tech (Hons) Computer Science Engineering,School of Computing Science,B.Tech in CSE 2016-17 IV Sem VIII,,Library BookC Recieved,1899,0,0,0,0,0,0,0,0,DUE
238393,1/8/2016,2016-2017,2016-2017,AIE,DUE,460054,16CCCE101726,16CCCE101726,Alumni,General,School of Computing Science & Engineering,B.Tech/B.Tech (Hons) Computer Science Engineering,School of Computing Science,B.Tech in CSE 2016-17 IV Sem VIII,,TUITION FEE,149000,0,0,0,0,0,0,0,0,DUE
238394,1/8/2016,2016-2017,2016-2017,AIE,DUE,460054,16CCCE101726,16CCCE101726,Alumni,General,School of Computing Science & Engineering,B.Tech/B.Tech (Hons) Computer Science Engineering,School of Computing Science,B.Tech in CSE 2016-17 IV Sem VIII,,Exam Fee,10000,0,0,0,0,0,0,0,0,DUE
238395,1/8/2016,2016-2017,2016-2017,AIE,DUE,460054,16CCCE101726,16CCCE101726,Alumni,General,School of Computing Science & Engineering,B.Tech/B.Tech (Hons) Computer Science Engineering,School of Computing Science,B.Tech in CSE 2016-17 IV Sem VIII,,Library BookC Recieved,1899,0,0,0,0,0,0,0,0,DUE
238396,1/8/2016,2016-2017,2016-2017,AIE,DUE,460056,16CCCE101727,16CCCE101727,Active,General,School of Computing Science & Engineering,B.Tech/B.Tech (Hons) Computer Science Engineering,School of Computing Science,B.Tech in CSE 2016-17 IV Sem VIII,,TUITION FEE,149000,0,0,0,0,0,0,0,0,DUE
238397,1/8/2016,2016-2017,2016-2017,AIE,DUE,460056,16CCCE101727,16CCCE101727,Active,General,School of Computing Science & Engineering,B.Tech/B.Tech (Hons) Computer Science Engineering,School of Computing Science,B.Tech in CSE 2016-17 IV Sem VIII,,Exam Fee,10000,0,0,0,0,0,0,0,0,DUE
238398,1/8/2016,2016-2017,2016-2017,AIE,DUE,460056,16CCCE101727,16CCCE101727,Active,General,School of Computing Science & Engineering,B.Tech/B.Tech (Hons) Computer Science Engineering,School of Computing Science,B.Tech in CSE 2016-17 IV Sem VIII,,Fine Fee,200,0,0,0,0,0,0,0,0,DUE
238399,1/8/2016,2016-2017,2016-2017,AIE,DUE,460056,16CCCE101727,16CCCE101727,Active,General,School of Computing Science & Engineering,B.Tech/B.Tech (Hons) Computer Science Engineering,School of Computing Science,B.Tech in CSE 2016-17 IV Sem VIII,,Library BookC Recieved,1899,0,0,0,0,0,0,0,0,DUE
238400,1/8/2016,2016-2017,2016-2017,AIE,DUE,501158,16CCME101045,16CCME101045,Alumni,General,School of Mechanical Engineering,B.Tech/B.Tech (Hons) Mechanical Engineering,School of Mechanical Engineering,ME 2016-2017 IV Sem VIII,,TUITION FEE,149000,0,0,0,0,0,0,0,0,DUE
238401,1/8/2016,2016-2017,2016-2017,AIE,DUE,501158,16CCME101045,16CCME101045,Alumni,General,School of Mechanical Engineering,B.Tech/B.Tech (Hons) Mechanical Engineering,School of Mechanical Engineering,ME 2016-2017 IV Sem VIII,,Exam Fee,10000,0,0,0,0,0,0,0,0,DUE
238402,1/8/2016,2016-2017,2016-2017,AIE,DUE,501158,16CCME101045,16CCME101045,Alumni,General,School of Mechanical Engineering,B.Tech/B.Tech (Hons) Mechanical Engineering,School of Mechanical Engineering,ME 2016-2017 IV Sem VIII,,Library BookC Recieved,1899,0,0,0,0,0,0,0,0,DUE
238403,1/8/2016,2016-2017,2016-2017,AIE,DUE,456809,16CCME101212,16CCME101212,Alumni,General,School of Mechanical Engineering,B.Tech/B.Tech (Hons) Mechanical Engineering,School of Mechanical Engineering,ME 2016-2017 IV Sem VIII,,TUITION FEE,149000,0,0,0,0,0,0,0,0,DUE
238404,1/8/2016,2016-2017,2016-2017,AIE,DUE,456809,16CCME101212,16CCME101212,Alumni,General,School of Mechanical Engineering,B.Tech/B.Tech (Hons) Mechanical Engineering,School of Mechanical Engineering,ME 2016-2017 IV Sem VIII,,Exam Fee,10000,0,0,0,0,0,0,0,0,DUE
238405,1/8/2016,2016-2017,2016-2017,AIE,DUE,456809,16CCME101212,16CCME101212,Alumni,General,School of Mechanical Engineering,B.Tech/B.Tech (Hons) Mechanical Engineering,School of Mechanical Engineering,ME 2016-2017 IV Sem VIII,,Library BookC Recieved,1899,0,0,0,0,0,0,0,0,DUE
238406,1/8/2016,2016-2017,2016-2017,AIE,DUE,456809,16CCME101212,16CCME101212,Alumni,General,School of Mechanical Engineering,B.Tech/B.Tech (Hons) Mechanical Engineering,School of Mechanical Engineering,ME 2016-2017 IV Sem VIII,,Sport Activity Received,500,0,0,0,0,0,0,0,0,DUE
238407,1/8/2016,2016-2017,2016-2017,AIE,DUE,460173,16CCCE101751,16CCCE101751,Alumni,General,School of Computing Science & Engineering,B.Tech/B.Tech (Hons) Computer Science Engineering,School of Computing Science,B.Tech in CSE 2016-17 IV Sem VIII,,TUITION FEE,149000,0,0,0,0,0,0,0,0,DUE
238408,1/8/2016,2016-2017,2016-2017,AIE,DUE,460173,16CCCE101751,16CCCE101751,Alumni,General,School of Computing Science & Engineering,B.Tech/B.Tech (Hons) Computer Science Engineering,School of Computing Science,B.Tech in CSE 2016-17 IV Sem VIII,,Exam Fee,10000,0,0,0,0,0,0,0,0,DUE
238409,1/8/2016,2016-2017,2016-2017,AIE,DUE,460173,16CCCE101751,16CCCE101751,Alumni,General,School of Computing Science & Engineering,B.Tech/B.Tech (Hons) Computer Science Engineering,School of Computing Science,B.Tech in CSE 2016-17 IV Sem VIII,,Library BookC Recieved,1899,0,0,0,0,0,0,0,0,DUE
238410,1/8/2016,2016-2017,2016-2017,AIE,DUE,459954,16CCCE101701,16CCCE101701,Alumni,General,School of Computing Science & Engineering,B.Tech/B.Tech (Hons) Computer Science Engineering,School of Computing Science,B.Tech in CSE 2016-17 IV Sem VIII,,TUITION FEE,149000,0,0,0,0,0,0,0,0,DUE
238411,1/8/2016,2016-2017,2016-2017,AIE,DUE,459954,16CCCE101701,16CCCE101701,Alumni,General,School of Computing Science & Engineering,B.Tech/B.Tech (Hons) Computer Science Engineering,School of Computing Science,B.Tech in CSE 2016-17 IV Sem VIII,,Exam Fee,10000,0,0,0,0,0,0,0,0,DUE
238412,1/8/2016,2016-2017,2016-2017,AIE,DUE,459954,16CCCE101701,16CCCE101701,Alumni,General,School of Computing Science & Engineering,B.Tech/B.Tech (Hons) Computer Science Engineering,School of Computing Science,B.Tech in CSE 2016-17 IV Sem VIII,,Library BookC Recieved,1899,0,0,0,0,0,0,0,0,DUE
238413,1/8/2016,2016-2017,2016-2017,AIE,DUE,459958,16CCCE101702,16CCCE101702,No Information,General,School of Computing Science & Engineering,B.Tech/B.Tech (Hons) Computer Science Engineering,School of Computing Science,B.Tech in CSE 2016-17 II Sem IV,,TUITION FEE,149000,0,0,0,0,0,0,0,0,DUE
238414,1/8/2016,2016-2017,2016-2017,AIE,DUE,459958,16CCCE101702,16CCCE101702,No Information,General,School of Computing Science & Engineering,B.Tech/B.Tech (Hons) Computer Science Engineering,School of Computing Science,B.Tech in CSE 2016-17 II Sem IV,,Exam Fee,10000,0,0,0,0,0,0,0,0,DUE
238415,1/8/2016,2016-2017,2016-2017,AIE,DUE,459958,16CCCE101702,16CCCE101702,No Information,General,School of Computing Science & Engineering,B.Tech/B.Tech (Hons) Computer Science Engineering,School of Computing Science,B.Tech in CSE 2016-17 II Sem IV,,Library BookC Recieved,1899,0,0,0,0,0,0,0,0,DUE
238416,1/8/2016,2016-2017,2016-2017,AIE,DUE,460164,16CCCE101750,16CCCE101750,Alumni,General,School of Computing Science & Engineering,B.Tech/B.Tech (Hons) Computer Science Engineering,School of Computing Science,B.Tech in CSE 2016-17 IV Sem VIII,,TUITION FEE,149000,0,0,0,0,0,0,0,0,DUE
238417,1/8/2016,2016-2017,2016-2017,AIE,DUE,460164,16CCCE101750,16CCCE101750,Alumni,General,School of Computing Science & Engineering,B.Tech/B.Tech (Hons) Computer Science Engineering,School of Computing Science,B.Tech in CSE 2016-17 IV Sem VIII,,Exam Fee,10000,0,0,0,0,0,0,0,0,DUE
238418,1/8/2016,2016-2017,2016-2017,AIE,DUE,460164,16CCCE101750,16CCCE101750,Alumni,General,School of Computing Science & Engineering,B.Tech/B.Tech (Hons) Computer Science Engineering,School of Computing Science,B.Tech in CSE 2016-17 IV Sem VIII,,Library BookC Recieved,1899,0,0,0,0,0,0,0,0,DUE
238419,1/8/2016,2016-2017,2016-2017,AIE,DUE,456819,16CCME102002,16CCME102002,Alumni,General,School of Mechanical Engineering,B.Tech/B.Tech (Hons) Mechanical Engineering,School of Mechanical Engineering,ME 2016-2017 IV Sem VIII,,TUITION FEE,149000,0,0,0,0,0,0,0,0,DUE
238420,1/8/2016,2016-2017,2016-2017,AIE,DUE,456819,16CCME102002,16CCME102002,Alumni,General,School of Mechanical Engineering,B.Tech/B.Tech (Hons) Mechanical Engineering,School of Mechanical Engineering,ME 2016-2017 IV Sem VIII,,Exam Fee,10000,0,0,0,0,0,0,0,0,DUE
238421,1/8/2016,2016-2017,2016-2017,AIE,DUE,456819,16CCME102002,16CCME102002,Alumni,General,School of Mechanical Engineering,B.Tech/B.Tech (Hons) Mechanical Engineering,School of Mechanical Engineering,ME 2016-2017 IV Sem VIII,,Fine Fee,400,0,0,0,0,0,0,0,0,DUE
238422,1/8/2016,2016-2017,2016-2017,AIE,DUE,456819,16CCME102002,16CCME102002,Alumni,General,School of Mechanical Engineering,B.Tech/B.Tech (Hons) Mechanical Engineering,School of Mechanical Engineering,ME 2016-2017 IV Sem VIII,,Library BookC Recieved,1899,0,0,0,0,0,0,0,0,DUE
238423,1/8/2016,2016-2017,2016-2017,AIE,DUE,459950,16CCCE101700,16CCCE101700,Alumni,General,School of Computing Science & Engineering,B.Tech/B.Tech (Hons) Computer Science Engineering,School of Computing Science,B.Tech in CSE 2016-17 IV Sem VIII,,TUITION FEE,149000,0,0,0,0,0,0,0,0,DUE
238424,1/8/2016,2016-2017,2016-2017,AIE,DUE,459950,16CCCE101700,16CCCE101700,Alumni,General,School of Computing Science & Engineering,B.Tech/B.Tech (Hons) Computer Science Engineering,School of Computing Science,B.Tech in CSE 2016-17 IV Sem VIII,,Exam Fee,10000,0,0,0,0,0,0,0,0,DUE
238425,1/8/2016,2016-2017,2016-2017,AIE,DUE,459950,16CCCE101700,16CCCE101700,Alumni,General,School of Computing Science & Engineering,B.Tech/B.Tech (Hons) Computer Science Engineering,School of Computing Science,B.Tech in CSE 2016-17 IV Sem VIII,,Library BookC Recieved,1899,0,0,0,0,0,0,0,0,DUE
238426,1/8/2016,2016-2017,2016-2017,AIE,DUE,456830,16CCME105001,16CCME105001,Alumni,General,School of Mechanical Engineering,B.Tech/B.Tech (Hons) Automobile Engineering,School of Mechanical Engineering,AE 2016-2017 IV Sem VIII,,TUITION FEE,149000,0,0,0,0,0,0,0,0,DUE
238427,1/8/2016,2016-2017,2016-2017,AIE,DUE,456830,16CCME105001,16CCME105001,Alumni,General,School of Mechanical Engineering,B.Tech/B.Tech (Hons) Automobile Engineering,School of Mechanical Engineering,AE 2016-2017 IV Sem VIII,,Exam Fee,10000,0,0,0,0,0,0,0,0,DUE
238428,1/8/2016,2016-2017,2016-2017,AIE,DUE,456830,16CCME105001,16CCME105001,Alumni,General,School of Mechanical Engineering,B.Tech/B.Tech (Hons) Automobile Engineering,School of Mechanical Engineering,AE 2016-2017 IV Sem VIII,,Library BookC Recieved,1400,0,0,0,0,0,0,0,0,DUE
238429,1/8/2016,2016-2017,2016-2017,AIE,DUE,459940,16CCCE101699,16CCCE101699,Alumni,General,School of Computing Science & Engineering,B.Tech/B.Tech (Hons) Computer Science Engineering,School of Computing Science,B.Tech in CSE 2016-17 IV Sem VIII,,TUITION FEE,149000,0,0,0,0,0,0,0,0,DUE
238430,1/8/2016,2016-2017,2016-2017,AIE,DUE,459940,16CCCE101699,16CCCE101699,Alumni,General,School of Computing Science & Engineering,B.Tech/B.Tech (Hons) Computer Science Engineering,School of Computing Science,B.Tech in CSE 2016-17 IV Sem VIII,,Exam Fee,10000,0,0,0,0,0,0,0,0,DUE
238431,1/8/2016,2016-2017,2016-2017,AIE,DUE,459940,16CCCE101699,16CCCE101699,Alumni,General,School of Computing Science & Engineering,B.Tech/B.Tech (Hons) Computer Science Engineering,School of Computing Science,B.Tech in CSE 2016-17 IV Sem VIII,,Library BookC Recieved,1899,0,0,0,0,0,0,0,0,DUE
238432,1/8/2016,2016-2017,2016-2017,AIE,DUE,459940,16CCCE101699,16CCCE101699,Alumni,General,School of Computing Science & Engineering,B.Tech/B.Tech (Hons) Computer Science Engineering,School of Computing Science,B.Tech in CSE 2016-17 IV Sem VIII,,Sport Activity Received,500,0,0,0,0,0,0,0,0,DUE
238433,1/8/2016,2016-2017,2016-2017,AIE,DUE,456804,16CCME101209,16CCME101209,Alumni,General,School of Mechanical Engineering,B.Tech/B.Tech (Hons) Mechanical Engineering,School of Mechanical Engineering,ME 2016-2017 IV Sem VIII,,TUITION FEE,149000,0,0,0,0,0,0,0,0,DUE
238434,1/8/2016,2016-2017,2016-2017,AIE,DUE,456804,16CCME101209,16CCME101209,Alumni,General,School of Mechanical Engineering,B.Tech/B.Tech (Hons) Mechanical Engineering,School of Mechanical Engineering,ME 2016-2017 IV Sem VIII,,Exam Fee,10000,0,0,0,0,0,0,0,0,DUE
238435,1/8/2016,2016-2017,2016-2017,AIE,DUE,456804,16CCME101209,16CCME101209,Alumni,General,School of Mechanical Engineering,B.Tech/B.Tech (Hons) Mechanical Engineering,School of Mechanical Engineering,ME 2016-2017 IV Sem VIII,,Fine Fee,1400,0,0,0,0,0,0,0,0,DUE
238436,1/8/2016,2016-2017,2016-2017,AIE,DUE,456804,16CCME101209,16CCME101209,Alumni,General,School of Mechanical Engineering,B.Tech/B.Tech (Hons) Mechanical Engineering,School of Mechanical Engineering,ME 2016-2017 IV Sem VIII,,Library BookC Recieved,1400,0,0,0,0,0,0,0,0,DUE
238437,1/8/2016,2016-2017,2016-2017,AIE,DUE,456835,16CCME105002,16CCME105002,Year Back,General,School of Mechanical Engineering,B.Tech/B.Tech (Hons) Automobile Engineering,School of Mechanical Engineering,AE 2016-2017 III Sem V,,TUITION FEE,149000,0,0,0,0,0,0,0,0,DUE
238438,1/8/2016,2016-2017,2016-2017,AIE,DUE,456835,16CCME105002,16CCME105002,Year Back,General,School of Mechanical Engineering,B.Tech/B.Tech (Hons) Automobile Engineering,School of Mechanical Engineering,AE 2016-2017 III Sem V,,Exam Fee,10000,0,0,0,0,0,0,0,0,DUE
238439,1/8/2016,2016-2017,2016-2017,AIE,DUE,456835,16CCME105002,16CCME105002,Year Back,General,School of Mechanical Engineering,B.Tech/B.Tech (Hons) Automobile Engineering,School of Mechanical Engineering,AE 2016-2017 III Sem V,,Fine Fee,400,0,0,0,0,0,0,0,0,DUE
238440,1/8/2016,2016-2017,2016-2017,AIE,DUE,456835,16CCME105002,16CCME105002,Year Back,General,School of Mechanical Engineering,B.Tech/B.Tech (Hons) Automobile Engineering,School of Mechanical Engineering,AE 2016-2017 III Sem V,,Library BookC Recieved,2398,0,0,0,0,0,0,0,0,DUE
238441,1/8/2016,2016-2017,2016-2017,AIE,DUE,460185,16CCCE101752,16CCCE101752,Alumni,General,School of Computing Science & Engineering,B.Tech/B.Tech (Hons) Computer Science Engineering,School of Computing Science,B.Tech in CSE 2016-17 IV Sem VIII,,TUITION FEE,149000,0,0,0,0,0,0,0,0,DUE
238442,1/8/2016,2016-2017,2016-2017,AIE,DUE,460185,16CCCE101752,16CCCE101752,Alumni,General,School of Computing Science & Engineering,B.Tech/B.Tech (Hons) Computer Science Engineering,School of Computing Science,B.Tech in CSE 2016-17 IV Sem VIII,,Exam Fee,10000,0,0,0,0,0,0,0,0,DUE
238443,1/8/2016,2016-2017,2016-2017,AIE,DUE,460185,16CCCE101752,16CCCE101752,Alumni,General,School of Computing Science & Engineering,B.Tech/B.Tech (Hons) Computer Science Engineering,School of Computing Science,B.Tech in CSE 2016-17 IV Sem VIII,,Library BookC Recieved,1899,0,0,0,0,0,0,0,0,DUE
238444,1/8/2016,2016-2017,2016-2017,AIE,DUE,459962,16CCCE101703,16CCCE101703,Alumni,General,School of Computing Science & Engineering,B.Tech/B.Tech (Hons) Computer Science Engineering,School of Computing Science,B.Tech in CSE 2016-17 IV Sem VIII,,TUITION FEE,149000,0,0,0,0,0,0,0,0,DUE
238445,1/8/2016,2016-2017,2016-2017,AIE,DUE,459962,16CCCE101703,16CCCE101703,Alumni,General,School of Computing Science & Engineering,B.Tech/B.Tech (Hons) Computer Science Engineering,School of Computing Science,B.Tech in CSE 2016-17 IV Sem VIII,,Exam Fee,10000,0,0,0,0,0,0,0,0,DUE
238446,1/8/2016,2016-2017,2016-2017,AIE,DUE,459962,16CCCE101703,16CCCE101703,Alumni,General,School of Computing Science & Engineering,B.Tech/B.Tech (Hons) Computer Science Engineering,School of Computing Science,B.Tech in CSE 2016-17 IV Sem VIII,,Library BookC Recieved,1400,0,0,0,0,0,0,0,0,DUE
238447,1/8/2016,2016-2017,2016-2017,AIE,DUE,459965,16CCCE101704,16CCCE101704,No Information,General,School of Computing Science & Engineering,B.Tech/B.Tech (Hons) Computer Science Engineering,School of Computing Science,B.Tech in CSE 2016-17 II Sem IV,,TUITION FEE,149000,0,0,0,0,0,0,0,0,DUE
238448,1/8/2016,2016-2017,2016-2017,AIE,DUE,459965,16CCCE101704,16CCCE101704,No Information,General,School of Computing Science & Engineering,B.Tech/B.Tech (Hons) Computer Science Engineering,School of Computing Science,B.Tech in CSE 2016-17 II Sem IV,,Exam Fee,10000,0,0,0,0,0,0,0,0,DUE
238449,1/8/2016,2016-2017,2016-2017,AIE,DUE,459965,16CCCE101704,16CCCE101704,No Information,General,School of Computing Science & Engineering,B.Tech/B.Tech (Hons) Computer Science Engineering,School of Computing Science,B.Tech in CSE 2016-17 II Sem IV,,Library BookC Recieved,1899,0,0,0,0,0,0,0,0,DUE
238450,1/8/2016,2016-2017,2016-2017,AIE,DUE,460001,16CCCE101712,16CCCE101712,Cancelled,General,School of Computing Science & Engineering,B.Tech/B.Tech (Hons) Computer Science Engineering,School of Computing Science,B.Tech in CSE 2017-18 II Sem III,,TUITION FEE,149000,0,0,0,0,0,0,0,0,DUE
238451,1/8/2016,2016-2017,2016-2017,AIE,DUE,460001,16CCCE101712,16CCCE101712,Cancelled,General,School of Computing Science & Engineering,B.Tech/B.Tech (Hons) Computer Science Engineering,School of Computing Science,B.Tech in CSE 2017-18 II Sem III,,Exam Fee,10000,0,0,0,0,0,0,0,0,DUE
238452,1/8/2016,2016-2017,2016-2017,AIE,DUE,460001,16CCCE101712,16CCCE101712,Cancelled,General,School of Computing Science & Engineering,B.Tech/B.Tech (Hons) Computer Science Engineering,School of Computing Science,B.Tech in CSE 2017-18 II Sem III,,Library BookC Recieved,1899,0,0,0,0,0,0,0,0,DUE
238453,1/8/2016,2016-2017,2016-2017,AIE,DUE,456817,16CCME102001,16CCME102001,Withdrawn,General,School of Mechanical Engineering,B.Tech/B.Tech (Hons) Mechanical Engineering,School of Mechanical Engineering,ME 2016-2017 III Sem V,,TUITION FEE,149000,0,0,0,0,0,0,0,0,DUE
238454,1/8/2016,2016-2017,2016-2017,AIE,DUE,456817,16CCME102001,16CCME102001,Withdrawn,General,School of Mechanical Engineering,B.Tech/B.Tech (Hons) Mechanical Engineering,School of Mechanical Engineering,ME 2016-2017 III Sem V,,Exam Fee,10000,0,0,0,0,0,0,0,0,DUE
238455,1/8/2016,2016-2017,2016-2017,AIE,DUE,456817,16CCME102001,16CCME102001,Withdrawn,General,School of Mechanical Engineering,B.Tech/B.Tech (Hons) Mechanical Engineering,School of Mechanical Engineering,ME 2016-2017 III Sem V,,Library BookC Recieved,1899,0,0,0,0,0,0,0,0,DUE
238456,1/8/2016,2016-2017,2016-2017,AIE,DUE,460151,16CCCE101746,16CCCE101746,Alumni,General,School of Computing Science & Engineering,B.Tech (Hons) Computer Science & Engineering with specialisation in Computer Network & Cyber Security,School of Computing Science,B.Tech in CSCN 2016-17 IV Sem VIII,,TUITION FEE,149000,0,0,0,0,0,0,0,0,DUE
238457,1/8/2016,2016-2017,2016-2017,AIE,DUE,460151,16CCCE101746,16CCCE101746,Alumni,General,School of Computing Science & Engineering,B.Tech (Hons) Computer Science & Engineering with specialisation in Computer Network & Cyber Security,School of Computing Science,B.Tech in CSCN 2016-17 IV Sem VIII,,Exam Fee,10000,0,0,0,0,0,0,0,0,DUE
238458,1/8/2016,2016-2017,2016-2017,AIE,DUE,460151,16CCCE101746,16CCCE101746,Alumni,General,School of Computing Science & Engineering,B.Tech (Hons) Computer Science & Engineering with specialisation in Computer Network & Cyber Security,School of Computing Science,B.Tech in CSCN 2016-17 IV Sem VIII,,Library BookC Recieved,1899,0,0,0,0,0,0,0,0,DUE
238459,1/8/2016,2016-2017,2016-2017,AIE,DUE,460148,16CCCE101745,16CCCE101745,No Information,General,School of Computing Science & Engineering,B.Tech/B.Tech (Hons) Computer Science Engineering,School of Computing Science,B.Tech in CSE 2016-17 II Sem IV,,TUITION FEE,149000,0,0,0,0,0,0,0,0,DUE
238460,1/8/2016,2016-2017,2016-2017,AIE,DUE,460148,16CCCE101745,16CCCE101745,No Information,General,School of Computing Science & Engineering,B.Tech/B.Tech (Hons) Computer Science Engineering,School of Computing Science,B.Tech in CSE 2016-17 II Sem IV,,Exam Fee,10000,0,0,0,0,0,0,0,0,DUE
238461,1/8/2016,2016-2017,2016-2017,AIE,DUE,460148,16CCCE101745,16CCCE101745,No Information,General,School of Computing Science & Engineering,B.Tech/B.Tech (Hons) Computer Science Engineering,School of Computing Science,B.Tech in CSE 2016-17 II Sem IV,,Library BookC Recieved,1400,0,0,0,0,0,0,0,0,DUE
238462,1/8/2016,2016-2017,2016-2017,AIE,DUE,500988,16CBAC101059,16CBAC101059,Active,General,School of Basic & Applied Sciences,B.Sc.(Hons) Forensic Sciences,School of Basic,B.Sc.(Hons) Forensic Sciences 2017-18 III Sem VI,,TUITION FEE,50000,0,0,0,0,0,0,0,0,DUE
238463,1/8/2016,2016-2017,2016-2017,AIE,DUE,500988,16CBAC101059,16CBAC101059,Active,General,School of Basic & Applied Sciences,B.Sc.(Hons) Forensic Sciences,School of Basic,B.Sc.(Hons) Forensic Sciences 2017-18 III Sem VI,,Exam Fee,10000,0,0,0,0,0,0,0,0,DUE
238464,1/8/2016,2016-2017,2016-2017,AIE,DUE,459999,16CCCE101711,16CCCE101711,No Information,General,School of Computing Science & Engineering,B.Tech/B.Tech (Hons) Computer Science Engineering,School of Computing Science,B.Tech in CSE 2016-17 II Sem IV,,TUITION FEE,149000,0,0,0,0,0,0,0,0,DUE
238465,1/8/2016,2016-2017,2016-2017,AIE,DUE,459999,16CCCE101711,16CCCE101711,No Information,General,School of Computing Science & Engineering,B.Tech/B.Tech (Hons) Computer Science Engineering,School of Computing Science,B.Tech in CSE 2016-17 II Sem IV,,Exam Fee,10000,0,0,0,0,0,0,0,0,DUE
238466,1/8/2016,2016-2017,2016-2017,AIE,DUE,459999,16CCCE101711,16CCCE101711,No Information,General,School of Computing Science & Engineering,B.Tech/B.Tech (Hons) Computer Science Engineering,School of Computing Science,B.Tech in CSE 2016-17 II Sem IV,,Library BookC Recieved,1400,0,0,0,0,0,0,0,0,DUE
238467,1/8/2016,2016-2017,2016-2017,AIE,DUE,459994,16CCCE101709,16CCCE101709,Alumni,General,School of Computing Science & Engineering,B.Tech/B.Tech (Hons) Computer Science Engineering,School of Computing Science,B.Tech in CSE 2016-17 IV Sem VIII,,TUITION FEE,149000,0,0,0,0,0,0,0,0,DUE
238468,1/8/2016,2016-2017,2016-2017,AIE,DUE,459994,16CCCE101709,16CCCE101709,Alumni,General,School of Computing Science & Engineering,B.Tech/B.Tech (Hons) Computer Science Engineering,School of Computing Science,B.Tech in CSE 2016-17 IV Sem VIII,,Exam Fee,10000,0,0,0,0,0,0,0,0,DUE
238469,1/8/2016,2016-2017,2016-2017,AIE,DUE,459994,16CCCE101709,16CCCE101709,Alumni,General,School of Computing Science & Engineering,B.Tech/B.Tech (Hons) Computer Science Engineering,School of Computing Science,B.Tech in CSE 2016-17 IV Sem VIII,,Library BookC Recieved,1899,0,0,0,0,0,0,0,0,DUE
238470,1/8/2016,2016-2017,2016-2017,AIE,DUE,460157,16CCCE101749,16CCCE101749,Alumni,General,School of Computing Science & Engineering,B.Tech/B.Tech (Hons) Computer Science Engineering,School of Computing Science,B.Tech in CSE 2016-17 IV Sem VIII,,TUITION FEE,149000,0,0,0,0,0,0,0,0,DUE
238471,1/8/2016,2016-2017,2016-2017,AIE,DUE,460157,16CCCE101749,16CCCE101749,Alumni,General,School of Computing Science & Engineering,B.Tech/B.Tech (Hons) Computer Science Engineering,School of Computing Science,B.Tech in CSE 2016-17 IV Sem VIII,,Exam Fee,10000,0,0,0,0,0,0,0,0,DUE
238472,1/8/2016,2016-2017,2016-2017,AIE,DUE,460157,16CCCE101749,16CCCE101749,Alumni,General,School of Computing Science & Engineering,B.Tech/B.Tech (Hons) Computer Science Engineering,School of Computing Science,B.Tech in CSE 2016-17 IV Sem VIII,,Library BookC Recieved,1400,0,0,0,0,0,0,0,0,DUE
238473,1/8/2016,2016-2017,2016-2017,AIE,DUE,459979,16CCCE101706,16CCCE101706,Alumni,General,School of Computing Science & Engineering,B.Tech/B.Tech (Hons) Computer Science Engineering,School of Computing Science,B.Tech in CSE 2016-17 IV Sem VIII,,TUITION FEE,149000,0,0,0,0,0,0,0,0,DUE
238474,1/8/2016,2016-2017,2016-2017,AIE,DUE,459979,16CCCE101706,16CCCE101706,Alumni,General,School of Computing Science & Engineering,B.Tech/B.Tech (Hons) Computer Science Engineering,School of Computing Science,B.Tech in CSE 2016-17 IV Sem VIII,,Exam Fee,10000,0,0,0,0,0,0,0,0,DUE
238475,1/8/2016,2016-2017,2016-2017,AIE,DUE,459979,16CCCE101706,16CCCE101706,Alumni,General,School of Computing Science & Engineering,B.Tech/B.Tech (Hons) Computer Science Engineering,School of Computing Science,B.Tech in CSE 2016-17 IV Sem VIII,,Library BookC Recieved,1899,0,0,0,0,0,0,0,0,DUE
238476,1/8/2016,2016-2017,2016-2017,AIE,DUE,459981,16CCCE101707,16CCCE101707,No Information,General,School of Computing Science & Engineering,B.Tech/B.Tech (Hons) Computer Science Engineering,School of Computing Science,B.Tech in CSE 2016-17 II Sem IV,,TUITION FEE,149000,0,0,0,0,0,0,0,0,DUE
238477,1/8/2016,2016-2017,2016-2017,AIE,DUE,459981,16CCCE101707,16CCCE101707,No Information,General,School of Computing Science & Engineering,B.Tech/B.Tech (Hons) Computer Science Engineering,School of Computing Science,B.Tech in CSE 2016-17 II Sem IV,,Exam Fee,10000,0,0,0,0,0,0,0,0,DUE
238478,1/8/2016,2016-2017,2016-2017,AIE,DUE,459981,16CCCE101707,16CCCE101707,No Information,General,School of Computing Science & Engineering,B.Tech/B.Tech (Hons) Computer Science Engineering,School of Computing Science,B.Tech in CSE 2016-17 II Sem IV,,Fine Fee,1200,0,0,0,0,0,0,0,0,DUE
238479,1/8/2016,2016-2017,2016-2017,AIE,DUE,459981,16CCCE101707,16CCCE101707,No Information,General,School of Computing Science & Engineering,B.Tech/B.Tech (Hons) Computer Science Engineering,School of Computing Science,B.Tech in CSE 2016-17 II Sem IV,,Library BookC Recieved,1899,0,0,0,0,0,0,0,0,DUE
238480,1/8/2016,2016-2017,2016-2017,AIE,DUE,459985,16CCCE101708,16CCCE101708,Alumni,General,School of Computing Science & Engineering,B.Tech/B.Tech (Hons) Computer Science Engineering,School of Computing Science,B.Tech in CSE 2016-17 IV Sem VIII,,TUITION FEE,149000,0,0,0,0,0,0,0,0,DUE
238481,1/8/2016,2016-2017,2016-2017,AIE,DUE,459985,16CCCE101708,16CCCE101708,Alumni,General,School of Computing Science & Engineering,B.Tech/B.Tech (Hons) Computer Science Engineering,School of Computing Science,B.Tech in CSE 2016-17 IV Sem VIII,,Exam Fee,10000,0,0,0,0,0,0,0,0,DUE
238482,1/8/2016,2016-2017,2016-2017,AIE,DUE,459985,16CCCE101708,16CCCE101708,Alumni,General,School of Computing Science & Engineering,B.Tech/B.Tech (Hons) Computer Science Engineering,School of Computing Science,B.Tech in CSE 2016-17 IV Sem VIII,,Library BookC Recieved,1400,0,0,0,0,0,0,0,0,DUE
238483,1/8/2016,2016-2017,2016-2017,AIE,DUE,459736,16CCCE101653,16CCCE101653,Alumni,General,School of Computing Science & Engineering,B.Tech/B.Tech (Hons) Computer Science Engineering,School of Computing Science,B.Tech in CSE 2016-17 IV Sem VIII,,TUITION FEE,149000,0,0,0,0,0,0,0,0,DUE
238484,1/8/2016,2016-2017,2016-2017,AIE,DUE,459736,16CCCE101653,16CCCE101653,Alumni,General,School of Computing Science & Engineering,B.Tech/B.Tech (Hons) Computer Science Engineering,School of Computing Science,B.Tech in CSE 2016-17 IV Sem VIII,,Exam Fee,10000,0,0,0,0,0,0,0,0,DUE
238485,1/8/2016,2016-2017,2016-2017,AIE,DUE,459736,16CCCE101653,16CCCE101653,Alumni,General,School of Computing Science & Engineering,B.Tech/B.Tech (Hons) Computer Science Engineering,School of Computing Science,B.Tech in CSE 2016-17 IV Sem VIII,,Library BookC Recieved,1400,0,0,0,0,0,0,0,0,DUE
238486,1/8/2016,2016-2017,2016-2017,AIE,DUE,460287,16CCCE101771,16CCCE101771,No Information,General,School of Computing Science & Engineering,B.Tech/B.Tech (Hons) Computer Science Engineering,School of Computing Science,B.Tech in CSE 2016-17 II Sem IV,,TUITION FEE,149000,0,0,0,0,0,0,0,0,DUE
238487,1/8/2016,2016-2017,2016-2017,AIE,DUE,460287,16CCCE101771,16CCCE101771,No Information,General,School of Computing Science & Engineering,B.Tech/B.Tech (Hons) Computer Science Engineering,School of Computing Science,B.Tech in CSE 2016-17 II Sem IV,,Exam Fee,10000,0,0,0,0,0,0,0,0,DUE
238488,1/8/2016,2016-2017,2016-2017,AIE,DUE,460287,16CCCE101771,16CCCE101771,No Information,General,School of Computing Science & Engineering,B.Tech/B.Tech (Hons) Computer Science Engineering,School of Computing Science,B.Tech in CSE 2016-17 II Sem IV,,Library BookC Recieved,1899,0,0,0,0,0,0,0,0,DUE
238489,1/8/2016,2016-2017,2016-2017,AIE,DUE,460379,16CCCE101794,16CCCE101794,Alumni,General,School of Computing Science & Engineering,B.Tech/B.Tech (Hons) Computer Science Engineering,School of Computing Science,B.Tech in CSE 2016-17 IV Sem VIII,,TUITION FEE,149000,0,0,0,0,0,0,0,0,DUE
238490,1/8/2016,2016-2017,2016-2017,AIE,DUE,460379,16CCCE101794,16CCCE101794,Alumni,General,School of Computing Science & Engineering,B.Tech/B.Tech (Hons) Computer Science Engineering,School of Computing Science,B.Tech in CSE 2016-17 IV Sem VIII,,Exam Fee,10000,0,0,0,0,0,0,0,0,DUE
238491,1/8/2016,2016-2017,2016-2017,AIE,DUE,460379,16CCCE101794,16CCCE101794,Alumni,General,School of Computing Science & Engineering,B.Tech/B.Tech (Hons) Computer Science Engineering,School of Computing Science,B.Tech in CSE 2016-17 IV Sem VIII,,Library BookC Recieved,1400,0,0,0,0,0,0,0,0,DUE
238492,1/8/2016,2016-2017,2016-2017,AIE,DUE,460386,16CCCE101795,16CCCE101795,Alumni,General,School of Computing Science & Engineering,B.Tech/B.Tech (Hons) Computer Science Engineering,School of Computing Science,B.Tech in CSE 2016-17 IV Sem VIII,,TUITION FEE,149000,0,0,0,0,0,0,0,0,DUE
238493,1/8/2016,2016-2017,2016-2017,AIE,DUE,460386,16CCCE101795,16CCCE101795,Alumni,General,School of Computing Science & Engineering,B.Tech/B.Tech (Hons) Computer Science Engineering,School of Computing Science,B.Tech in CSE 2016-17 IV Sem VIII,,Exam Fee,10000,0,0,0,0,0,0,0,0,DUE
238494,1/8/2016,2016-2017,2016-2017,AIE,DUE,460386,16CCCE101795,16CCCE101795,Alumni,General,School of Computing Science & Engineering,B.Tech/B.Tech (Hons) Computer Science Engineering,School of Computing Science,B.Tech in CSE 2016-17 IV Sem VIII,,Library BookC Recieved,1899,0,0,0,0,0,0,0,0,DUE
238495,1/8/2016,2016-2017,2016-2017,AIE,DUE,456759,16CCME101191,16CCME101191,Alumni,General,School of Mechanical Engineering,B.Tech/B.Tech (Hons) Mechanical Engineering,School of Mechanical Engineering,ME 2016-2017 IV Sem VIII,,TUITION FEE,149000,0,0,0,0,0,0,0,0,DUE
238496,1/8/2016,2016-2017,2016-2017,AIE,DUE,456759,16CCME101191,16CCME101191,Alumni,General,School of Mechanical Engineering,B.Tech/B.Tech (Hons) Mechanical Engineering,School of Mechanical Engineering,ME 2016-2017 IV Sem VIII,,Exam Fee,10000,0,0,0,0,0,0,0,0,DUE
238497,1/8/2016,2016-2017,2016-2017,AIE,DUE,456759,16CCME101191,16CCME101191,Alumni,General,School of Mechanical Engineering,B.Tech/B.Tech (Hons) Mechanical Engineering,School of Mechanical Engineering,ME 2016-2017 IV Sem VIII,,Library BookC Recieved,1400,0,0,0,0,0,0,0,0,DUE
238498,1/8/2016,2016-2017,2016-2017,AIE,DUE,460375,16CCCE101793,16CCCE101793,Alumni,General,School of Computing Science & Engineering,B.Tech/B.Tech (Hons) Computer Science Engineering,School of Computing Science,B.Tech in CSE 2016-17 IV Sem VIII,,TUITION FEE,149000,0,0,0,0,0,0,0,0,DUE
238499,1/8/2016,2016-2017,2016-2017,AIE,DUE,460375,16CCCE101793,16CCCE101793,Alumni,General,School of Computing Science & Engineering,B.Tech/B.Tech (Hons) Computer Science Engineering,School of Computing Science,B.Tech in CSE 2016-17 IV Sem VIII,,Exam Fee,10000,0,0,0,0,0,0,0,0,DUE
238500,1/8/2016,2016-2017,2016-2017,AIE,DUE,460375,16CCCE101793,16CCCE101793,Alumni,General,School of Computing Science & Engineering,B.Tech/B.Tech (Hons) Computer Science Engineering,School of Computing Science,B.Tech in CSE 2016-17 IV Sem VIII,,Library BookC Recieved,1899,0,0,0,0,0,0,0,0,DUE
238501,1/8/2016,2016-2017,2016-2017,AIE,DUE,459620,16CCCE101622,16CCCE101622,Alumni,General,School of Computing Science & Engineering,B.Tech/B.Tech (Hons) Computer Science Engineering,School of Computing Science,B.Tech in CSE 2016-17 IV Sem VIII,,TUITION FEE,149000,0,0,0,0,0,0,0,0,DUE
238502,1/8/2016,2016-2017,2016-2017,AIE,DUE,459620,16CCCE101622,16CCCE101622,Alumni,General,School of Computing Science & Engineering,B.Tech/B.Tech (Hons) Computer Science Engineering,School of Computing Science,B.Tech in CSE 2016-17 IV Sem VIII,,Exam Fee,10000,0,0,0,0,0,0,0,0,DUE
238503,1/8/2016,2016-2017,2016-2017,AIE,DUE,459620,16CCCE101622,16CCCE101622,Alumni,General,School of Computing Science & Engineering,B.Tech/B.Tech (Hons) Computer Science Engineering,School of Computing Science,B.Tech in CSE 2016-17 IV Sem VIII,,Library BookC Recieved,1899,0,0,0,0,0,0,0,0,DUE
238504,1/8/2016,2016-2017,2016-2017,AIE,DUE,459620,16CCCE101622,16CCCE101622,Alumni,General,School of Computing Science & Engineering,B.Tech/B.Tech (Hons) Computer Science Engineering,School of Computing Science,B.Tech in CSE 2016-17 IV Sem VIII,,Sport Activity Received,1700,0,0,0,0,0,0,0,0,DUE
238505,1/8/2016,2016-2017,2016-2017,AIE,DUE,460398,16CCCE101796,16CCCE101796,Alumni,General,School of Computing Science & Engineering,B.Tech/B.Tech (Hons) Computer Science Engineering,School of Computing Science,B.Tech in CSE 2016-17 IV Sem VIII,,TUITION FEE,149000,0,0,0,0,0,0,0,0,DUE
238506,1/8/2016,2016-2017,2016-2017,AIE,DUE,460398,16CCCE101796,16CCCE101796,Alumni,General,School of Computing Science & Engineering,B.Tech/B.Tech (Hons) Computer Science Engineering,School of Computing Science,B.Tech in CSE 2016-17 IV Sem VIII,,Exam Fee,10000,0,0,0,0,0,0,0,0,DUE
238507,1/8/2016,2016-2017,2016-2017,AIE,DUE,460398,16CCCE101796,16CCCE101796,Alumni,General,School of Computing Science & Engineering,B.Tech/B.Tech (Hons) Computer Science Engineering,School of Computing Science,B.Tech in CSE 2016-17 IV Sem VIII,,Library BookC Recieved,1400,0,0,0,0,0,0,0,0,DUE
238508,1/8/2016,2016-2017,2016-2017,AIE,DUE,459614,16CCCE101621,16CCCE101621,Alumni,General,School of Computing Science & Engineering,B.Tech/B.Tech (Hons) Computer Science Engineering,School of Computing Science,B.Tech in CSE 2016-17 IV Sem VIII,,TUITION FEE,149000,0,0,0,0,0,0,0,0,DUE
238509,1/8/2016,2016-2017,2016-2017,AIE,DUE,459614,16CCCE101621,16CCCE101621,Alumni,General,School of Computing Science & Engineering,B.Tech/B.Tech (Hons) Computer Science Engineering,School of Computing Science,B.Tech in CSE 2016-17 IV Sem VIII,,Exam Fee,10000,0,0,0,0,0,0,0,0,DUE
238510,1/8/2016,2016-2017,2016-2017,AIE,DUE,459614,16CCCE101621,16CCCE101621,Alumni,General,School of Computing Science & Engineering,B.Tech/B.Tech (Hons) Computer Science Engineering,School of Computing Science,B.Tech in CSE 2016-17 IV Sem VIII,,Library BookC Recieved,1899,0,0,0,0,0,0,0,0,DUE
238511,1/8/2016,2016-2017,2016-2017,AIE,DUE,459609,16CCCE101620,16CCCE101620,Alumni,General,School of Computing Science & Engineering,B.Tech/B.Tech (Hons) Computer Science Engineering,School of Computing Science,B.Tech in CSE 2016-17 IV Sem VIII,,TUITION FEE,149000,0,0,0,0,0,0,0,0,DUE
238512,1/8/2016,2016-2017,2016-2017,AIE,DUE,459609,16CCCE101620,16CCCE101620,Alumni,General,School of Computing Science & Engineering,B.Tech/B.Tech (Hons) Computer Science Engineering,School of Computing Science,B.Tech in CSE 2016-17 IV Sem VIII,,Exam Fee,10000,0,0,0,0,0,0,0,0,DUE
238513,1/8/2016,2016-2017,2016-2017,AIE,DUE,459609,16CCCE101620,16CCCE101620,Alumni,General,School of Computing Science & Engineering,B.Tech/B.Tech (Hons) Computer Science Engineering,School of Computing Science,B.Tech in CSE 2016-17 IV Sem VIII,,Library BookC Recieved,1400,0,0,0,0,0,0,0,0,DUE
238514,1/8/2016,2016-2017,2016-2017,AIE,DUE,455761,16CBAC101046,16CBAC101046,Alumni,General,School of Basic & Applied Sciences,B.Sc.(Hons) Forensic Sciences,School of Basic,B.Sc.(Hons) Forensic Sciences IV Sem VII,,TUITION FEE,50000,0,0,0,0,0,0,0,0,DUE
238515,1/8/2016,2016-2017,2016-2017,AIE,DUE,455761,16CBAC101046,16CBAC101046,Alumni,General,School of Basic & Applied Sciences,B.Sc.(Hons) Forensic Sciences,School of Basic,B.Sc.(Hons) Forensic Sciences IV Sem VII,,Exam Fee,10000,0,0,0,0,0,0,0,0,DUE
238516,1/8/2016,2016-2017,2016-2017,AIE,DUE,455761,16CBAC101046,16CBAC101046,Alumni,General,School of Basic & Applied Sciences,B.Sc.(Hons) Forensic Sciences,School of Basic,B.Sc.(Hons) Forensic Sciences IV Sem VII,,Fine Fee,2400,0,0,0,0,0,0,0,0,DUE
238517,1/8/2016,2016-2017,2016-2017,AIE,DUE,460405,16CCCE101797,16CCCE101797,No Information,General,School of Computing Science & Engineering,B.Tech/B.Tech (Hons) Computer Science Engineering,School of Computing Science,B.Tech in CSE 2016-17 II Sem IV,,TUITION FEE,149000,0,0,0,0,0,0,0,0,DUE
238518,1/8/2016,2016-2017,2016-2017,AIE,DUE,460405,16CCCE101797,16CCCE101797,No Information,General,School of Computing Science & Engineering,B.Tech/B.Tech (Hons) Computer Science Engineering,School of Computing Science,B.Tech in CSE 2016-17 II Sem IV,,Exam Fee,10000,0,0,0,0,0,0,0,0,DUE
238519,1/8/2016,2016-2017,2016-2017,AIE,DUE,460405,16CCCE101797,16CCCE101797,No Information,General,School of Computing Science & Engineering,B.Tech/B.Tech (Hons) Computer Science Engineering,School of Computing Science,B.Tech in CSE 2016-17 II Sem IV,,Library BookC Recieved,1899,0,0,0,0,0,0,0,0,DUE
238520,1/8/2016,2016-2017,2016-2017,AIE,DUE,498681,15CMAC102054,15CMAC102054,No Information,General,School of Medical and Allied Sciences,Bachelor of Pharmacy,School of Medical and Allied Sciences,B.Pharm 2015-16 II Sem IV,,TUITION FEE,100000,0,0,0,0,0,0,0,0,DUE
238521,1/8/2016,2016-2017,2016-2017,AIE,DUE,498681,15CMAC102054,15CMAC102054,No Information,General,School of Medical and Allied Sciences,Bachelor of Pharmacy,School of Medical and Allied Sciences,B.Pharm 2015-16 II Sem IV,,Exam Fee,10000,0,0,0,0,0,0,0,0,DUE
238522,1/8/2016,2016-2017,2016-2017,AIE,DUE,498681,15CMAC102054,15CMAC102054,No Information,General,School of Medical and Allied Sciences,Bachelor of Pharmacy,School of Medical and Allied Sciences,B.Pharm 2015-16 II Sem IV,,Fine Fee,589,0,0,0,0,0,0,0,0,DUE
238523,1/8/2016,2016-2017,2016-2017,AIE,DUE,498681,15CMAC102054,15CMAC102054,No Information,General,School of Medical and Allied Sciences,Bachelor of Pharmacy,School of Medical and Allied Sciences,B.Pharm 2015-16 II Sem IV,,Exam Fee (Back Paper),2000,0,0,0,0,0,0,0,0,DUE
238524,1/8/2016,2016-2017,2016-2017,AIE,DUE,456752,16CCME101188,16CCME101188,Alumni,General,School of Mechanical Engineering,B.Tech/B.Tech (Hons) Mechanical Engineering,School of Mechanical Engineering,ME 2016-2017 IV Sem VIII,,TUITION FEE,149000,0,0,0,0,0,0,0,0,DUE
238525,1/8/2016,2016-2017,2016-2017,AIE,DUE,456752,16CCME101188,16CCME101188,Alumni,General,School of Mechanical Engineering,B.Tech/B.Tech (Hons) Mechanical Engineering,School of Mechanical Engineering,ME 2016-2017 IV Sem VIII,,Exam Fee,10000,0,0,0,0,0,0,0,0,DUE
238526,1/8/2016,2016-2017,2016-2017,AIE,DUE,456752,16CCME101188,16CCME101188,Alumni,General,School of Mechanical Engineering,B.Tech/B.Tech (Hons) Mechanical Engineering,School of Mechanical Engineering,ME 2016-2017 IV Sem VIII,,Library BookC Recieved,1899,0,0,0,0,0,0,0,0,DUE
238527,1/8/2016,2016-2017,2016-2017,AIE,DUE,456613,16CCME101150,16CCME101150,Alumni,General,School of Mechanical Engineering,B.Tech/B.Tech (Hons) Mechanical Engineering,School of Mechanical Engineering,ME 2016-2017 IV Sem VIII,,TUITION FEE,149000,0,0,0,0,0,0,0,0,DUE
238528,1/8/2016,2016-2017,2016-2017,AIE,DUE,456613,16CCME101150,16CCME101150,Alumni,General,School of Mechanical Engineering,B.Tech/B.Tech (Hons) Mechanical Engineering,School of Mechanical Engineering,ME 2016-2017 IV Sem VIII,,Exam Fee,10000,0,0,0,0,0,0,0,0,DUE
238529,1/8/2016,2016-2017,2016-2017,AIE,DUE,456613,16CCME101150,16CCME101150,Alumni,General,School of Mechanical Engineering,B.Tech/B.Tech (Hons) Mechanical Engineering,School of Mechanical Engineering,ME 2016-2017 IV Sem VIII,,Fine Fee,1000,0,0,0,0,0,0,0,0,DUE
238530,1/8/2016,2016-2017,2016-2017,AIE,DUE,456613,16CCME101150,16CCME101150,Alumni,General,School of Mechanical Engineering,B.Tech/B.Tech (Hons) Mechanical Engineering,School of Mechanical Engineering,ME 2016-2017 IV Sem VIII,,Library BookC Recieved,1899,0,0,0,0,0,0,0,0,DUE
238531,1/8/2016,2016-2017,2016-2017,AIE,DUE,500996,16CBAC101065,16CBAC101065,Alumni,General,School of Basic & Applied Sciences,B.Sc.(Hons) Forensic Sciences,School of Basic,B.Sc.(Hons) Forensic Sciences IV Sem VII,,TUITION FEE,50000,0,0,0,0,0,0,0,0,DUE
238532,1/8/2016,2016-2017,2016-2017,AIE,DUE,500996,16CBAC101065,16CBAC101065,Alumni,General,School of Basic & Applied Sciences,B.Sc.(Hons) Forensic Sciences,School of Basic,B.Sc.(Hons) Forensic Sciences IV Sem VII,,Exam Fee,10000,0,0,0,0,0,0,0,0,DUE
238533,1/8/2016,2016-2017,2016-2017,AIE,DUE,501198,16CCME101061,16CCME101061,Alumni,General,School of Mechanical Engineering,B.Tech/B.Tech (Hons) Mechanical Engineering,School of Mechanical Engineering,ME 2016-2017 IV Sem VIII,,TUITION FEE,149000,0,0,0,0,0,0,0,0,DUE
238534,1/8/2016,2016-2017,2016-2017,AIE,DUE,501198,16CCME101061,16CCME101061,Alumni,General,School of Mechanical Engineering,B.Tech/B.Tech (Hons) Mechanical Engineering,School of Mechanical Engineering,ME 2016-2017 IV Sem VIII,,Exam Fee,10000,0,0,0,0,0,0,0,0,DUE
238535,1/8/2016,2016-2017,2016-2017,AIE,DUE,501198,16CCME101061,16CCME101061,Alumni,General,School of Mechanical Engineering,B.Tech/B.Tech (Hons) Mechanical Engineering,School of Mechanical Engineering,ME 2016-2017 IV Sem VIII,,Library BookC Recieved,1400,0,0,0,0,0,0,0,0,DUE
238536,1/8/2016,2016-2017,2016-2017,AIE,DUE,501198,16CCME101061,16CCME101061,Alumni,General,School of Mechanical Engineering,B.Tech/B.Tech (Hons) Mechanical Engineering,School of Mechanical Engineering,ME 2016-2017 IV Sem VIII,,Sport Activity Received,500,0,0,0,0,0,0,0,0,DUE
238537,1/8/2016,2016-2017,2016-2017,AIE,DUE,455825,16CBAC101063,16CBAC101063,Alumni,General,School of Basic & Applied Sciences,B.Sc.(Hons) Forensic Sciences,School of Basic,B.Sc.(Hons) Forensic Sciences IV Sem VII,,TUITION FEE,50000,0,0,0,0,0,0,0,0,DUE
238538,1/8/2016,2016-2017,2016-2017,AIE,DUE,455825,16CBAC101063,16CBAC101063,Alumni,General,School of Basic & Applied Sciences,B.Sc.(Hons) Forensic Sciences,School of Basic,B.Sc.(Hons) Forensic Sciences IV Sem VII,,Exam Fee,10000,0,0,0,0,0,0,0,0,DUE
238539,1/8/2016,2016-2017,2016-2017,AIE,DUE,459634,16CCCE101625,16CCCE101625,Alumni,General,School of Computing Science & Engineering,B.Tech/B.Tech (Hons) Computer Science Engineering,School of Computing Science,B.Tech in CSE 2016-17 IV Sem VIII,,TUITION FEE,149000,0,0,0,0,0,0,0,0,DUE
238540,1/8/2016,2016-2017,2016-2017,AIE,DUE,459634,16CCCE101625,16CCCE101625,Alumni,General,School of Computing Science & Engineering,B.Tech/B.Tech (Hons) Computer Science Engineering,School of Computing Science,B.Tech in CSE 2016-17 IV Sem VIII,,Exam Fee,10000,0,0,0,0,0,0,0,0,DUE
238541,1/8/2016,2016-2017,2016-2017,AIE,DUE,459634,16CCCE101625,16CCCE101625,Alumni,General,School of Computing Science & Engineering,B.Tech/B.Tech (Hons) Computer Science Engineering,School of Computing Science,B.Tech in CSE 2016-17 IV Sem VIII,,Library BookC Recieved,1899,0,0,0,0,0,0,0,0,DUE
238542,1/8/2016,2016-2017,2016-2017,AIE,DUE,460358,16CCCE101790,16CCCE101790,Alumni,General,School of Computing Science & Engineering,B.Tech/B.Tech (Hons) Computer Science Engineering,School of Computing Science,B.Tech in CSE 2016-17 IV Sem VIII,,TUITION FEE,149000,0,0,0,0,0,0,0,0,DUE
238543,1/8/2016,2016-2017,2016-2017,AIE,DUE,460358,16CCCE101790,16CCCE101790,Alumni,General,School of Computing Science & Engineering,B.Tech/B.Tech (Hons) Computer Science Engineering,School of Computing Science,B.Tech in CSE 2016-17 IV Sem VIII,,Exam Fee,10000,0,0,0,0,0,0,0,0,DUE
238544,1/8/2016,2016-2017,2016-2017,AIE,DUE,460358,16CCCE101790,16CCCE101790,Alumni,General,School of Computing Science & Engineering,B.Tech/B.Tech (Hons) Computer Science Engineering,School of Computing Science,B.Tech in CSE 2016-17 IV Sem VIII,,Library BookC Recieved,1899,0,0,0,0,0,0,0,0,DUE
238545,1/8/2016,2016-2017,2016-2017,AIE,DUE,456890,16CCCE101005,16CCCE101005,Alumni,General,School of Computing Science & Engineering,B.Tech/B.Tech (Hons) Computer Science Engineering,School of Computing Science,B.Tech in CSE 2016-17 IV Sem VIII,,TUITION FEE,149000,0,0,0,0,0,0,0,0,DUE
238546,1/8/2016,2016-2017,2016-2017,AIE,DUE,456890,16CCCE101005,16CCCE101005,Alumni,General,School of Computing Science & Engineering,B.Tech/B.Tech (Hons) Computer Science Engineering,School of Computing Science,B.Tech in CSE 2016-17 IV Sem VIII,,Exam Fee,10000,0,0,0,0,0,0,0,0,DUE
238547,1/8/2016,2016-2017,2016-2017,AIE,DUE,456890,16CCCE101005,16CCCE101005,Alumni,General,School of Computing Science & Engineering,B.Tech/B.Tech (Hons) Computer Science Engineering,School of Computing Science,B.Tech in CSE 2016-17 IV Sem VIII,,Library BookC Recieved,1899,0,0,0,0,0,0,0,0,DUE
238548,1/8/2016,2016-2017,2016-2017,AIE,DUE,456768,16CCME101197,16CCME101197,Alumni,General,School of Mechanical Engineering,B.Tech/B.Tech (Hons) Mechanical Engineering,School of Mechanical Engineering,ME 2016-2017 IV Sem VIII,,TUITION FEE,149000,0,0,0,0,0,0,0,0,DUE
238549,1/8/2016,2016-2017,2016-2017,AIE,DUE,456768,16CCME101197,16CCME101197,Alumni,General,School of Mechanical Engineering,B.Tech/B.Tech (Hons) Mechanical Engineering,School of Mechanical Engineering,ME 2016-2017 IV Sem VIII,,Exam Fee,10000,0,0,0,0,0,0,0,0,DUE
238550,1/8/2016,2016-2017,2016-2017,AIE,DUE,456768,16CCME101197,16CCME101197,Alumni,General,School of Mechanical Engineering,B.Tech/B.Tech (Hons) Mechanical Engineering,School of Mechanical Engineering,ME 2016-2017 IV Sem VIII,,Library BookC Recieved,1400,0,0,0,0,0,0,0,0,DUE
238551,1/8/2016,2016-2017,2016-2017,AIE,DUE,456898,16CCCE101006,16CCCE101006,Alumni,General,School of Computing Science & Engineering,B.Tech/B.Tech (Hons) Computer Science Engineering,School of Computing Science,B.Tech in CSE 2016-17 IV Sem VIII,,TUITION FEE,149000,0,0,0,0,0,0,0,0,DUE
238552,1/8/2016,2016-2017,2016-2017,AIE,DUE,456898,16CCCE101006,16CCCE101006,Alumni,General,School of Computing Science & Engineering,B.Tech/B.Tech (Hons) Computer Science Engineering,School of Computing Science,B.Tech in CSE 2016-17 IV Sem VIII,,Exam Fee,10000,0,0,0,0,0,0,0,0,DUE
238553,1/8/2016,2016-2017,2016-2017,AIE,DUE,456898,16CCCE101006,16CCCE101006,Alumni,General,School of Computing Science & Engineering,B.Tech/B.Tech (Hons) Computer Science Engineering,School of Computing Science,B.Tech in CSE 2016-17 IV Sem VIII,,Library BookC Recieved,1899,0,0,0,0,0,0,0,0,DUE
238554,1/8/2016,2016-2017,2016-2017,AIE,DUE,460367,16CCCE101792,16CCCE101792,Alumni,General,School of Computing Science & Engineering,B.Tech/B.Tech (Hons) Computer Science Engineering,School of Computing Science,B.Tech in CSE 2016-17 IV Sem VIII,,TUITION FEE,149000,0,0,0,0,0,0,0,0,DUE
238555,1/8/2016,2016-2017,2016-2017,AIE,DUE,460367,16CCCE101792,16CCCE101792,Alumni,General,School of Computing Science & Engineering,B.Tech/B.Tech (Hons) Computer Science Engineering,School of Computing Science,B.Tech in CSE 2016-17 IV Sem VIII,,Exam Fee,10000,0,0,0,0,0,0,0,0,DUE
238556,1/8/2016,2016-2017,2016-2017,AIE,DUE,460367,16CCCE101792,16CCCE101792,Alumni,General,School of Computing Science & Engineering,B.Tech/B.Tech (Hons) Computer Science Engineering,School of Computing Science,B.Tech in CSE 2016-17 IV Sem VIII,,Library BookC Recieved,1400,0,0,0,0,0,0,0,0,DUE
238557,1/8/2016,2016-2017,2016-2017,AIE,DUE,460362,16CCCE101791,16CCCE101791,No Information,General,School of Computing Science & Engineering,B.Tech/B.Tech (Hons) Computer Science Engineering,School of Computing Science,B.Tech in CSE 2016-17 II Sem IV,,TUITION FEE,149000,0,0,0,0,0,0,0,0,DUE
238558,1/8/2016,2016-2017,2016-2017,AIE,DUE,460362,16CCCE101791,16CCCE101791,No Information,General,School of Computing Science & Engineering,B.Tech/B.Tech (Hons) Computer Science Engineering,School of Computing Science,B.Tech in CSE 2016-17 II Sem IV,,Exam Fee,10000,0,0,0,0,0,0,0,0,DUE
238559,1/8/2016,2016-2017,2016-2017,AIE,DUE,460362,16CCCE101791,16CCCE101791,No Information,General,School of Computing Science & Engineering,B.Tech/B.Tech (Hons) Computer Science Engineering,School of Computing Science,B.Tech in CSE 2016-17 II Sem IV,,Library BookC Recieved,1899,0,0,0,0,0,0,0,0,DUE
238560,1/8/2016,2016-2017,2016-2017,AIE,DUE,456903,16CCCE101008,16CCCE101008,Alumni,General,School of Computing Science & Engineering,B.Tech/B.Tech (Hons) Computer Science Engineering,School of Computing Science,B.Tech in CSE 2016-17 IV Sem VIII,,TUITION FEE,149000,0,0,0,0,0,0,0,0,DUE
238561,1/8/2016,2016-2017,2016-2017,AIE,DUE,456903,16CCCE101008,16CCCE101008,Alumni,General,School of Computing Science & Engineering,B.Tech/B.Tech (Hons) Computer Science Engineering,School of Computing Science,B.Tech in CSE 2016-17 IV Sem VIII,,Exam Fee,10000,0,0,0,0,0,0,0,0,DUE
238562,1/8/2016,2016-2017,2016-2017,AIE,DUE,456903,16CCCE101008,16CCCE101008,Alumni,General,School of Computing Science & Engineering,B.Tech/B.Tech (Hons) Computer Science Engineering,School of Computing Science,B.Tech in CSE 2016-17 IV Sem VIII,,Library BookC Recieved,1400,0,0,0,0,0,0,0,0,DUE
238563,1/8/2016,2016-2017,2016-2017,AIE,DUE,459629,16CCCE101623,16CCCE101623,Alumni,General,School of Computing Science & Engineering,B.Tech/B.Tech (Hons) Computer Science Engineering,School of Computing Science,B.Tech in CSE 2016-17 IV Sem VIII,,TUITION FEE,149000,0,0,0,0,0,0,0,0,DUE
238564,1/8/2016,2016-2017,2016-2017,AIE,DUE,459629,16CCCE101623,16CCCE101623,Alumni,General,School of Computing Science & Engineering,B.Tech/B.Tech (Hons) Computer Science Engineering,School of Computing Science,B.Tech in CSE 2016-17 IV Sem VIII,,Exam Fee,10000,0,0,0,0,0,0,0,0,DUE
238565,1/8/2016,2016-2017,2016-2017,AIE,DUE,459629,16CCCE101623,16CCCE101623,Alumni,General,School of Computing Science & Engineering,B.Tech/B.Tech (Hons) Computer Science Engineering,School of Computing Science,B.Tech in CSE 2016-17 IV Sem VIII,,Library BookC Recieved,1899,0,0,0,0,0,0,0,0,DUE
238566,1/8/2016,2016-2017,2016-2017,AIE,DUE,459601,16CCCE101619,16CCCE101619,Alumni,General,School of Computing Science & Engineering,B.Tech/B.Tech (Hons) Computer Science Engineering,School of Computing Science,B.Tech in CSE 2016-17 IV Sem VIII,,TUITION FEE,149000,0,0,0,0,0,0,0,0,DUE
238567,1/8/2016,2016-2017,2016-2017,AIE,DUE,459601,16CCCE101619,16CCCE101619,Alumni,General,School of Computing Science & Engineering,B.Tech/B.Tech (Hons) Computer Science Engineering,School of Computing Science,B.Tech in CSE 2016-17 IV Sem VIII,,Exam Fee,10000,0,0,0,0,0,0,0,0,DUE
238568,1/8/2016,2016-2017,2016-2017,AIE,DUE,459601,16CCCE101619,16CCCE101619,Alumni,General,School of Computing Science & Engineering,B.Tech/B.Tech (Hons) Computer Science Engineering,School of Computing Science,B.Tech in CSE 2016-17 IV Sem VIII,,Library BookC Recieved,1899,0,0,0,0,0,0,0,0,DUE
238569,1/8/2016,2016-2017,2016-2017,AIE,DUE,459596,16CCCE101617,16CCCE101617,Alumni,General,School of Computing Science & Engineering,B.Tech/B.Tech (Hons) Computer Science Engineering,School of Computing Science,B.Tech in CSE 2016-17 IV Sem VIII,,TUITION FEE,149000,0,0,0,0,0,0,0,0,DUE
238570,1/8/2016,2016-2017,2016-2017,AIE,DUE,459596,16CCCE101617,16CCCE101617,Alumni,General,School of Computing Science & Engineering,B.Tech/B.Tech (Hons) Computer Science Engineering,School of Computing Science,B.Tech in CSE 2016-17 IV Sem VIII,,Exam Fee,10000,0,0,0,0,0,0,0,0,DUE
238571,1/8/2016,2016-2017,2016-2017,AIE,DUE,459596,16CCCE101617,16CCCE101617,Alumni,General,School of Computing Science & Engineering,B.Tech/B.Tech (Hons) Computer Science Engineering,School of Computing Science,B.Tech in CSE 2016-17 IV Sem VIII,,Library BookC Recieved,1899,0,0,0,0,0,0,0,0,DUE
238572,1/8/2016,2016-2017,2016-2017,AIE,DUE,460439,16CCCE101805,16CCCE101805,Alumni,General,School of Computing Science & Engineering,B.Tech/B.Tech (Hons) Computer Science Engineering,School of Computing Science,B.Tech in CSE 2016-17 IV Sem VIII,,TUITION FEE,149000,0,0,0,0,0,0,0,0,DUE
238573,1/8/2016,2016-2017,2016-2017,AIE,DUE,460439,16CCCE101805,16CCCE101805,Alumni,General,School of Computing Science & Engineering,B.Tech/B.Tech (Hons) Computer Science Engineering,School of Computing Science,B.Tech in CSE 2016-17 IV Sem VIII,,Exam Fee,10000,0,0,0,0,0,0,0,0,DUE
238574,1/8/2016,2016-2017,2016-2017,AIE,DUE,460439,16CCCE101805,16CCCE101805,Alumni,General,School of Computing Science & Engineering,B.Tech/B.Tech (Hons) Computer Science Engineering,School of Computing Science,B.Tech in CSE 2016-17 IV Sem VIII,,Library BookC Recieved,1899,0,0,0,0,0,0,0,0,DUE
238575,1/8/2016,2016-2017,2016-2017,AIE,DUE,460447,16CCCE101807,16CCCE101807,Alumni,General,School of Computing Science & Engineering,B.Tech/B.Tech (Hons) Computer Science Engineering,School of Computing Science,B.Tech in CSE 2016-17 IV Sem VIII,,TUITION FEE,149000,0,0,0,0,0,0,0,0,DUE
238576,1/8/2016,2016-2017,2016-2017,AIE,DUE,460447,16CCCE101807,16CCCE101807,Alumni,General,School of Computing Science & Engineering,B.Tech/B.Tech (Hons) Computer Science Engineering,School of Computing Science,B.Tech in CSE 2016-17 IV Sem VIII,,Exam Fee,10000,0,0,0,0,0,0,0,0,DUE
238577,1/8/2016,2016-2017,2016-2017,AIE,DUE,460447,16CCCE101807,16CCCE101807,Alumni,General,School of Computing Science & Engineering,B.Tech/B.Tech (Hons) Computer Science Engineering,School of Computing Science,B.Tech in CSE 2016-17 IV Sem VIII,,Library BookC Recieved,1899,0,0,0,0,0,0,0,0,DUE
238578,1/8/2016,2016-2017,2016-2017,AIE,DUE,460433,16CCCE101804,16CCCE101804,Alumni,General,School of Computing Science & Engineering,B.Tech/B.Tech (Hons) Computer Science Engineering,School of Computing Science,B.Tech in CSE 2016-17 IV Sem VIII,,TUITION FEE,149000,0,0,0,0,0,0,0,0,DUE
238579,1/8/2016,2016-2017,2016-2017,AIE,DUE,460433,16CCCE101804,16CCCE101804,Alumni,General,School of Computing Science & Engineering,B.Tech/B.Tech (Hons) Computer Science Engineering,School of Computing Science,B.Tech in CSE 2016-17 IV Sem VIII,,Exam Fee,10000,0,0,0,0,0,0,0,0,DUE
238580,1/8/2016,2016-2017,2016-2017,AIE,DUE,460433,16CCCE101804,16CCCE101804,Alumni,General,School of Computing Science & Engineering,B.Tech/B.Tech (Hons) Computer Science Engineering,School of Computing Science,B.Tech in CSE 2016-17 IV Sem VIII,,Library BookC Recieved,1400,0,0,0,0,0,0,0,0,DUE
238581,1/8/2016,2016-2017,2016-2017,AIE,DUE,460428,16CCCE101802,16CCCE101802,No Information,General,School of Computing Science & Engineering,B.Tech/B.Tech (Hons) Computer Science Engineering,School of Computing Science,B.Tech/B.Tech (Hons) Computer Science Engineering 2016-2017 I Sem II,,TUITION FEE,149000,0,0,0,0,0,0,0,0,DUE
238582,1/8/2016,2016-2017,2016-2017,AIE,DUE,460428,16CCCE101802,16CCCE101802,No Information,General,School of Computing Science & Engineering,B.Tech/B.Tech (Hons) Computer Science Engineering,School of Computing Science,B.Tech/B.Tech (Hons) Computer Science Engineering 2016-2017 I Sem II,,Exam Fee,10000,0,0,0,0,0,0,0,0,DUE
238583,1/8/2016,2016-2017,2016-2017,AIE,DUE,460428,16CCCE101802,16CCCE101802,No Information,General,School of Computing Science & Engineering,B.Tech/B.Tech (Hons) Computer Science Engineering,School of Computing Science,B.Tech/B.Tech (Hons) Computer Science Engineering 2016-2017 I Sem II,,Library BookC Recieved,1400,0,0,0,0,0,0,0,0,DUE
238584,1/8/2016,2016-2017,2016-2017,AIE,DUE,456737,16CCME101182,16CCME101182,Withdrawn,General,School of Mechanical Engineering,B.Tech/B.Tech (Hons) Mechanical Engineering,School of Mechanical Engineering,ME 2016-2017 III Sem V,,TUITION FEE,149000,0,0,0,0,0,0,0,0,DUE
238585,1/8/2016,2016-2017,2016-2017,AIE,DUE,456737,16CCME101182,16CCME101182,Withdrawn,General,School of Mechanical Engineering,B.Tech/B.Tech (Hons) Mechanical Engineering,School of Mechanical Engineering,ME 2016-2017 III Sem V,,Exam Fee,10000,0,0,0,0,0,0,0,0,DUE
238586,1/8/2016,2016-2017,2016-2017,AIE,DUE,456737,16CCME101182,16CCME101182,Withdrawn,General,School of Mechanical Engineering,B.Tech/B.Tech (Hons) Mechanical Engineering,School of Mechanical Engineering,ME 2016-2017 III Sem V,,Fine Fee,400,0,0,0,0,0,0,0,0,DUE
238587,1/8/2016,2016-2017,2016-2017,AIE,DUE,456737,16CCME101182,16CCME101182,Withdrawn,General,School of Mechanical Engineering,B.Tech/B.Tech (Hons) Mechanical Engineering,School of Mechanical Engineering,ME 2016-2017 III Sem V,,Library BookC Recieved,1899,0,0,0,0,0,0,0,0,DUE
238588,1/8/2016,2016-2017,2016-2017,AIE,DUE,460455,16CCCE101809,16CCCE101809,Alumni,General,School of Computing Science & Engineering,B.Tech/B.Tech (Hons) Computer Science Engineering,School of Computing Science,B.Tech in CSE 2016-17 IV Sem VIII,,TUITION FEE,149000,0,0,0,0,0,0,0,0,DUE
238589,1/8/2016,2016-2017,2016-2017,AIE,DUE,460455,16CCCE101809,16CCCE101809,Alumni,General,School of Computing Science & Engineering,B.Tech/B.Tech (Hons) Computer Science Engineering,School of Computing Science,B.Tech in CSE 2016-17 IV Sem VIII,,Exam Fee,10000,0,0,0,0,0,0,0,0,DUE
238590,1/8/2016,2016-2017,2016-2017,AIE,DUE,460455,16CCCE101809,16CCCE101809,Alumni,General,School of Computing Science & Engineering,B.Tech/B.Tech (Hons) Computer Science Engineering,School of Computing Science,B.Tech in CSE 2016-17 IV Sem VIII,,Library BookC Recieved,1400,0,0,0,0,0,0,0,0,DUE
238591,1/8/2016,2016-2017,2016-2017,AIE,DUE,456733,16CCME101181,16CCME101181,Alumni,General,School of Mechanical Engineering,B.Tech/B.Tech (Hons) Mechanical Engineering,School of Mechanical Engineering,ME 2016-2017 IV Sem VIII,,TUITION FEE,149000,0,0,0,0,0,0,0,0,DUE
238592,1/8/2016,2016-2017,2016-2017,AIE,DUE,456733,16CCME101181,16CCME101181,Alumni,General,School of Mechanical Engineering,B.Tech/B.Tech (Hons) Mechanical Engineering,School of Mechanical Engineering,ME 2016-2017 IV Sem VIII,,Exam Fee,10000,0,0,0,0,0,0,0,0,DUE
238593,1/8/2016,2016-2017,2016-2017,AIE,DUE,456733,16CCME101181,16CCME101181,Alumni,General,School of Mechanical Engineering,B.Tech/B.Tech (Hons) Mechanical Engineering,School of Mechanical Engineering,ME 2016-2017 IV Sem VIII,,Library BookC Recieved,1899,0,0,0,0,0,0,0,0,DUE
238594,1/8/2016,2016-2017,2016-2017,AIE,DUE,460470,16CCCE101813,16CCCE101813,No Information,General,School of Computing Science & Engineering,B.Tech/B.Tech (Hons) Computer Science Engineering,School of Computing Science,B.Tech in CSE 2016-17 II Sem IV,,TUITION FEE,149000,0,0,0,0,0,0,0,0,DUE
238595,1/8/2016,2016-2017,2016-2017,AIE,DUE,460470,16CCCE101813,16CCCE101813,No Information,General,School of Computing Science & Engineering,B.Tech/B.Tech (Hons) Computer Science Engineering,School of Computing Science,B.Tech in CSE 2016-17 II Sem IV,,Exam Fee,10000,0,0,0,0,0,0,0,0,DUE
238596,1/8/2016,2016-2017,2016-2017,AIE,DUE,460470,16CCCE101813,16CCCE101813,No Information,General,School of Computing Science & Engineering,B.Tech/B.Tech (Hons) Computer Science Engineering,School of Computing Science,B.Tech in CSE 2016-17 II Sem IV,,Library BookC Recieved,1400,0,0,0,0,0,0,0,0,DUE
238597,1/8/2016,2016-2017,2016-2017,AIE,DUE,494211,15GCOL103113,15GCOL103113,No Information,General,School of Law,Test,School of Design, ,,TUITION FEE,100000,0,0,0,0,0,0,0,0,DUE
238598,1/8/2016,2016-2017,2016-2017,AIE,DUE,494211,15GCOL103113,15GCOL103113,No Information,General,School of Law,Test,School of Design, ,,Exam Fee,10000,0,0,0,0,0,0,0,0,DUE
238599,1/8/2016,2016-2017,2016-2017,AIE,DUE,494211,15GCOL103113,15GCOL103113,No Information,General,School of Law,Test,School of Design, ,,Fine Fee,4800,0,0,0,0,0,0,0,0,DUE
238600,1/8/2016,2016-2017,2016-2017,AIE,DUE,494211,15GCOL103113,15GCOL103113,No Information,General,School of Law,Test,School of Design, ,,Library BookC Recieved,499,0,0,0,0,0,0,0,0,DUE
238601,1/8/2016,2016-2017,2016-2017,AIE,DUE,503771,16CCCE105078,16CCCE105078,Alumni,General,School of Computing Science & Engineering,B.Tech (Hons) in Computer Science & Engineering with Specialization in Cloud Computing & Virtualizations,School of Computing Science,B.Tech in CSCC 2016-17 IV Sem VIII,,TUITION FEE,170000,0,0,0,0,0,0,0,0,DUE
238602,1/8/2016,2016-2017,2016-2017,AIE,DUE,503771,16CCCE105078,16CCCE105078,Alumni,General,School of Computing Science & Engineering,B.Tech (Hons) in Computer Science & Engineering with Specialization in Cloud Computing & Virtualizations,School of Computing Science,B.Tech in CSCC 2016-17 IV Sem VIII,,Exam Fee,10000,0,0,0,0,0,0,0,0,DUE
238603,1/8/2016,2016-2017,2016-2017,AIE,DUE,503771,16CCCE105078,16CCCE105078,Alumni,General,School of Computing Science & Engineering,B.Tech (Hons) in Computer Science & Engineering with Specialization in Cloud Computing & Virtualizations,School of Computing Science,B.Tech in CSCC 2016-17 IV Sem VIII,,Library BookC Recieved,1400,0,0,0,0,0,0,0,0,DUE
238604,1/8/2016,2016-2017,2016-2017,AIE,DUE,460467,16CCCE101810,16CCCE101810,Alumni,General,School of Computing Science & Engineering,B.Tech/B.Tech (Hons) Computer Science Engineering,School of Computing Science,B.Tech in CSE 2016-17 IV Sem VIII,,TUITION FEE,149000,0,0,0,0,0,0,0,0,DUE
238605,1/8/2016,2016-2017,2016-2017,AIE,DUE,460467,16CCCE101810,16CCCE101810,Alumni,General,School of Computing Science & Engineering,B.Tech/B.Tech (Hons) Computer Science Engineering,School of Computing Science,B.Tech in CSE 2016-17 IV Sem VIII,,Exam Fee,10000,0,0,0,0,0,0,0,0,DUE
238606,1/8/2016,2016-2017,2016-2017,AIE,DUE,460467,16CCCE101810,16CCCE101810,Alumni,General,School of Computing Science & Engineering,B.Tech/B.Tech (Hons) Computer Science Engineering,School of Computing Science,B.Tech in CSE 2016-17 IV Sem VIII,,Library BookC Recieved,1899,0,0,0,0,0,0,0,0,DUE
238607,1/8/2016,2016-2017,2016-2017,AIE,DUE,459580,16CCCE101615,16CCCE101615,Alumni,General,School of Computing Science & Engineering,B.Tech/B.Tech (Hons) Computer Science Engineering,School of Computing Science,B.Tech in CSE 2016-17 IV Sem VIII,,TUITION FEE,149000,0,0,0,0,0,0,0,0,DUE
238608,1/8/2016,2016-2017,2016-2017,AIE,DUE,459580,16CCCE101615,16CCCE101615,Alumni,General,School of Computing Science & Engineering,B.Tech/B.Tech (Hons) Computer Science Engineering,School of Computing Science,B.Tech in CSE 2016-17 IV Sem VIII,,Exam Fee,10000,0,0,0,0,0,0,0,0,DUE
238609,1/8/2016,2016-2017,2016-2017,AIE,DUE,459580,16CCCE101615,16CCCE101615,Alumni,General,School of Computing Science & Engineering,B.Tech/B.Tech (Hons) Computer Science Engineering,School of Computing Science,B.Tech in CSE 2016-17 IV Sem VIII,,Library BookC Recieved,1400,0,0,0,0,0,0,0,0,DUE
238610,1/8/2016,2016-2017,2016-2017,AIE,DUE,460425,16CCCE101801,16CCCE101801,Alumni,General,School of Computing Science & Engineering,B.Tech/B.Tech (Hons) Computer Science Engineering,School of Computing Science,B.Tech in CSE 2016-17 IV Sem VIII,,TUITION FEE,149000,0,0,0,0,0,0,0,0,DUE
238611,1/8/2016,2016-2017,2016-2017,AIE,DUE,460425,16CCCE101801,16CCCE101801,Alumni,General,School of Computing Science & Engineering,B.Tech/B.Tech (Hons) Computer Science Engineering,School of Computing Science,B.Tech in CSE 2016-17 IV Sem VIII,,Exam Fee,10000,0,0,0,0,0,0,0,0,DUE
238612,1/8/2016,2016-2017,2016-2017,AIE,DUE,460425,16CCCE101801,16CCCE101801,Alumni,General,School of Computing Science & Engineering,B.Tech/B.Tech (Hons) Computer Science Engineering,School of Computing Science,B.Tech in CSE 2016-17 IV Sem VIII,,Library BookC Recieved,1899,0,0,0,0,0,0,0,0,DUE
238613,1/8/2016,2016-2017,2016-2017,AIE,DUE,500999,16CBAC101071,16CBAC101071,Alumni,General,School of Basic & Applied Sciences,B.Sc.(Hons) Forensic Sciences,School of Basic,B.Sc.(Hons) Forensic Sciences IV Sem VII,,TUITION FEE,50000,0,0,0,0,0,0,0,0,DUE
238614,1/8/2016,2016-2017,2016-2017,AIE,DUE,500999,16CBAC101071,16CBAC101071,Alumni,General,School of Basic & Applied Sciences,B.Sc.(Hons) Forensic Sciences,School of Basic,B.Sc.(Hons) Forensic Sciences IV Sem VII,,Exam Fee,10000,0,0,0,0,0,0,0,0,DUE
238615,1/8/2016,2016-2017,2016-2017,AIE,DUE,460418,16CCCE101800,16CCCE101800,Year Back,General,School of Computing Science & Engineering,B.Tech/B.Tech (Hons) Computer Science Engineering,School of Computing Science,B.Tech First Year 2017-2018 I Sem II,,TUITION FEE,149000,0,0,0,0,0,0,0,0,DUE
238616,1/8/2016,2016-2017,2016-2017,AIE,DUE,460418,16CCCE101800,16CCCE101800,Year Back,General,School of Computing Science & Engineering,B.Tech/B.Tech (Hons) Computer Science Engineering,School of Computing Science,B.Tech First Year 2017-2018 I Sem II,,Exam Fee,10000,0,0,0,0,0,0,0,0,DUE
238617,1/8/2016,2016-2017,2016-2017,AIE,DUE,460418,16CCCE101800,16CCCE101800,Year Back,General,School of Computing Science & Engineering,B.Tech/B.Tech (Hons) Computer Science Engineering,School of Computing Science,B.Tech First Year 2017-2018 I Sem II,,Library BookC Recieved,1899,0,0,0,0,0,0,0,0,DUE
238618,1/8/2016,2016-2017,2016-2017,AIE,DUE,460415,16CCCE101799,16CCCE101799,Alumni,General,School of Computing Science & Engineering,B.Tech/B.Tech (Hons) Computer Science Engineering,School of Computing Science,B.Tech in CSE 2016-17 IV Sem VIII,,TUITION FEE,149000,0,0,0,0,0,0,0,0,DUE
238619,1/8/2016,2016-2017,2016-2017,AIE,DUE,460415,16CCCE101799,16CCCE101799,Alumni,General,School of Computing Science & Engineering,B.Tech/B.Tech (Hons) Computer Science Engineering,School of Computing Science,B.Tech in CSE 2016-17 IV Sem VIII,,Exam Fee,10000,0,0,0,0,0,0,0,0,DUE
238620,1/8/2016,2016-2017,2016-2017,AIE,DUE,460415,16CCCE101799,16CCCE101799,Alumni,General,School of Computing Science & Engineering,B.Tech/B.Tech (Hons) Computer Science Engineering,School of Computing Science,B.Tech in CSE 2016-17 IV Sem VIII,,Library BookC Recieved,1899,0,0,0,0,0,0,0,0,DUE
238621,1/8/2016,2016-2017,2016-2017,AIE,DUE,460410,16CCCE101798,16CCCE101798,Alumni,General,School of Computing Science & Engineering,B.Tech/B.Tech (Hons) Computer Science Engineering,School of Computing Science,B.Tech in CSE 2016-17 IV Sem VIII,,TUITION FEE,149000,0,0,0,0,0,0,0,0,DUE
238622,1/8/2016,2016-2017,2016-2017,AIE,DUE,460410,16CCCE101798,16CCCE101798,Alumni,General,School of Computing Science & Engineering,B.Tech/B.Tech (Hons) Computer Science Engineering,School of Computing Science,B.Tech in CSE 2016-17 IV Sem VIII,,Exam Fee,10000,0,0,0,0,0,0,0,0,DUE
238623,1/8/2016,2016-2017,2016-2017,AIE,DUE,460410,16CCCE101798,16CCCE101798,Alumni,General,School of Computing Science & Engineering,B.Tech/B.Tech (Hons) Computer Science Engineering,School of Computing Science,B.Tech in CSE 2016-17 IV Sem VIII,,Library BookC Recieved,1400,0,0,0,0,0,0,0,0,DUE
238624,1/8/2016,2016-2017,2016-2017,AIE,DUE,456909,16CCCE101009,16CCCE101009,Alumni,General,School of Computing Science & Engineering,B.Tech/B.Tech (Hons) Computer Science Engineering,School of Computing Science,B.Tech in CSE 2016-17 IV Sem VIII,,TUITION FEE,149000,0,0,0,0,0,0,0,0,DUE
238625,1/8/2016,2016-2017,2016-2017,AIE,DUE,456909,16CCCE101009,16CCCE101009,Alumni,General,School of Computing Science & Engineering,B.Tech/B.Tech (Hons) Computer Science Engineering,School of Computing Science,B.Tech in CSE 2016-17 IV Sem VIII,,Exam Fee,10000,0,0,0,0,0,0,0,0,DUE
238626,1/8/2016,2016-2017,2016-2017,AIE,DUE,456909,16CCCE101009,16CCCE101009,Alumni,General,School of Computing Science & Engineering,B.Tech/B.Tech (Hons) Computer Science Engineering,School of Computing Science,B.Tech in CSE 2016-17 IV Sem VIII,,Library BookC Recieved,1899,0,0,0,0,0,0,0,0,DUE
238627,1/8/2016,2016-2017,2016-2017,AIE,DUE,460083,16CCCE101732,16CCCE101732,Year Back,General,School of Computing Science & Engineering,B.Tech/B.Tech (Hons) Computer Science Engineering,School of Computing Science,B.Tech in CSE 2016-17 III Sem VI,,TUITION FEE,149000,0,0,0,0,0,0,0,0,DUE
238628,1/8/2016,2016-2017,2016-2017,AIE,DUE,460083,16CCCE101732,16CCCE101732,Year Back,General,School of Computing Science & Engineering,B.Tech/B.Tech (Hons) Computer Science Engineering,School of Computing Science,B.Tech in CSE 2016-17 III Sem VI,,Exam Fee,10000,0,0,0,0,0,0,0,0,DUE
238629,1/8/2016,2016-2017,2016-2017,AIE,DUE,460083,16CCCE101732,16CCCE101732,Year Back,General,School of Computing Science & Engineering,B.Tech/B.Tech (Hons) Computer Science Engineering,School of Computing Science,B.Tech in CSE 2016-17 III Sem VI,,Library BookC Recieved,1400,0,0,0,0,0,0,0,0,DUE
238630,1/8/2016,2016-2017,2016-2017,AIE,DUE,460083,16CCCE101732,16CCCE101732,Year Back,General,School of Computing Science & Engineering,B.Tech/B.Tech (Hons) Computer Science Engineering,School of Computing Science,B.Tech in CSE 2016-17 III Sem VI,,Sport Activity Received,700,0,0,0,0,0,0,0,0,DUE
238631,1/8/2016,2016-2017,2016-2017,AIE,DUE,503781,16CCCE105081,16CCCE105081,Alumni,General,School of Computing Science & Engineering,B.Tech (Hons) in Computer Science & Engineering with Specialization in Cloud Computing & Virtualizations,School of Computing Science,B.Tech in CSCC 2016-17 IV Sem VIII,,TUITION FEE,170000,0,0,0,0,0,0,0,0,DUE
238632,1/8/2016,2016-2017,2016-2017,AIE,DUE,503781,16CCCE105081,16CCCE105081,Alumni,General,School of Computing Science & Engineering,B.Tech (Hons) in Computer Science & Engineering with Specialization in Cloud Computing & Virtualizations,School of Computing Science,B.Tech in CSCC 2016-17 IV Sem VIII,,Exam Fee,10000,0,0,0,0,0,0,0,0,DUE
238633,1/8/2016,2016-2017,2016-2017,AIE,DUE,503781,16CCCE105081,16CCCE105081,Alumni,General,School of Computing Science & Engineering,B.Tech (Hons) in Computer Science & Engineering with Specialization in Cloud Computing & Virtualizations,School of Computing Science,B.Tech in CSCC 2016-17 IV Sem VIII,,Library BookC Recieved,1400,0,0,0,0,0,0,0,0,DUE
238634,1/8/2016,2016-2017,2016-2017,AIE,DUE,456915,16CCCE101010,16CCCE101010,Alumni,General,School of Computing Science & Engineering,B.Tech/B.Tech (Hons) Computer Science Engineering,School of Computing Science,B.Tech in CSE 2016-17 IV Sem VIII,,TUITION FEE,149000,0,0,0,0,0,0,0,0,DUE
238635,1/8/2016,2016-2017,2016-2017,AIE,DUE,456915,16CCCE101010,16CCCE101010,Alumni,General,School of Computing Science & Engineering,B.Tech/B.Tech (Hons) Computer Science Engineering,School of Computing Science,B.Tech in CSE 2016-17 IV Sem VIII,,Exam Fee,10000,0,0,0,0,0,0,0,0,DUE
238636,1/8/2016,2016-2017,2016-2017,AIE,DUE,456915,16CCCE101010,16CCCE101010,Alumni,General,School of Computing Science & Engineering,B.Tech/B.Tech (Hons) Computer Science Engineering,School of Computing Science,B.Tech in CSE 2016-17 IV Sem VIII,,Library BookC Recieved,1899,0,0,0,0,0,0,0,0,DUE
238637,1/8/2016,2016-2017,2016-2017,AIE,DUE,456743,16CCME101185,16CCME101185,Alumni,General,School of Mechanical Engineering,B.Tech/B.Tech (Hons) Mechanical Engineering,School of Mechanical Engineering,ME 2016-2017 IV Sem VIII,,TUITION FEE,149000,0,0,0,0,0,0,0,0,DUE
238638,1/8/2016,2016-2017,2016-2017,AIE,DUE,456743,16CCME101185,16CCME101185,Alumni,General,School of Mechanical Engineering,B.Tech/B.Tech (Hons) Mechanical Engineering,School of Mechanical Engineering,ME 2016-2017 IV Sem VIII,,Exam Fee,10000,0,0,0,0,0,0,0,0,DUE
238639,1/8/2016,2016-2017,2016-2017,AIE,DUE,456743,16CCME101185,16CCME101185,Alumni,General,School of Mechanical Engineering,B.Tech/B.Tech (Hons) Mechanical Engineering,School of Mechanical Engineering,ME 2016-2017 IV Sem VIII,,Library BookC Recieved,1400,0,0,0,0,0,0,0,0,DUE
238640,1/8/2016,2016-2017,2016-2017,AIE,DUE,456628,16CCME101156,16CCME101156,Withdrawn,General,School of Mechanical Engineering,B.Tech/B.Tech (Hons) Mechanical Engineering,School of Mechanical Engineering,ME 2016-2017 III Sem V,,TUITION FEE,149000,0,0,0,0,0,0,0,0,DUE
238641,1/8/2016,2016-2017,2016-2017,AIE,DUE,456628,16CCME101156,16CCME101156,Withdrawn,General,School of Mechanical Engineering,B.Tech/B.Tech (Hons) Mechanical Engineering,School of Mechanical Engineering,ME 2016-2017 III Sem V,,Exam Fee,10000,0,0,0,0,0,0,0,0,DUE
238642,1/8/2016,2016-2017,2016-2017,AIE,DUE,456628,16CCME101156,16CCME101156,Withdrawn,General,School of Mechanical Engineering,B.Tech/B.Tech (Hons) Mechanical Engineering,School of Mechanical Engineering,ME 2016-2017 III Sem V,,Library BookC Recieved,1899,0,0,0,0,0,0,0,0,DUE
238643,1/8/2016,2016-2017,2016-2017,AIE,DUE,455756,16CBAC101045,16CBAC101045,Alumni,General,School of Basic & Applied Sciences,B.Sc.(Hons) Forensic Sciences,School of Basic,B.Sc.(Hons) Forensic Sciences IV Sem VII,,TUITION FEE,50000,0,0,0,0,0,0,0,0,DUE
238644,1/8/2016,2016-2017,2016-2017,AIE,DUE,455756,16CBAC101045,16CBAC101045,Alumni,General,School of Basic & Applied Sciences,B.Sc.(Hons) Forensic Sciences,School of Basic,B.Sc.(Hons) Forensic Sciences IV Sem VII,,Exam Fee,10000,0,0,0,0,0,0,0,0,DUE
238645,1/8/2016,2016-2017,2016-2017,AIE,DUE,455756,16CBAC101045,16CBAC101045,Alumni,General,School of Basic & Applied Sciences,B.Sc.(Hons) Forensic Sciences,School of Basic,B.Sc.(Hons) Forensic Sciences IV Sem VII,,Sport Activity Received,1000,0,0,0,0,0,0,0,0,DUE
238646,1/8/2016,2016-2017,2016-2017,AIE,DUE,460346,16CCCE101789,16CCCE101789,Alumni,General,School of Computing Science & Engineering,B.Tech/B.Tech (Hons) Computer Science Engineering,School of Computing Science,B.Tech in CSE 2016-17 IV Sem VIII,,TUITION FEE,149000,0,0,0,0,0,0,0,0,DUE
238647,1/8/2016,2016-2017,2016-2017,AIE,DUE,460346,16CCCE101789,16CCCE101789,Alumni,General,School of Computing Science & Engineering,B.Tech/B.Tech (Hons) Computer Science Engineering,School of Computing Science,B.Tech in CSE 2016-17 IV Sem VIII,,Exam Fee,10000,0,0,0,0,0,0,0,0,DUE
238648,1/8/2016,2016-2017,2016-2017,AIE,DUE,460346,16CCCE101789,16CCCE101789,Alumni,General,School of Computing Science & Engineering,B.Tech/B.Tech (Hons) Computer Science Engineering,School of Computing Science,B.Tech in CSE 2016-17 IV Sem VIII,,Library BookC Recieved,1899,0,0,0,0,0,0,0,0,DUE
238649,1/8/2016,2016-2017,2016-2017,AIE,RCPT,777706,15CCCE101439,15CCCE101439,Alumni,General,School of Electrical Electronics & Communication Engineering,B.Tech/B.Tech (Hons) Electrical Engineering,School of Electrical  Electronics,Electrical Engineering-2015-16 V Sem IX,2.42E+11,Library BookC Recieved,0,300,0,0,0,0,0,0,0,
238650,1/8/2016,2016-2017,2016-2017,AIE,DUE,460298,16CCCE101776,16CCCE101776,Alumni,General,School of Computing Science & Engineering,B.Tech/B.Tech (Hons) Computer Science Engineering,School of Computing Science,B.Tech in CSE 2016-17 IV Sem VIII,,TUITION FEE,149000,0,0,0,0,0,0,0,0,DUE
238651,1/8/2016,2016-2017,2016-2017,AIE,DUE,460298,16CCCE101776,16CCCE101776,Alumni,General,School of Computing Science & Engineering,B.Tech/B.Tech (Hons) Computer Science Engineering,School of Computing Science,B.Tech in CSE 2016-17 IV Sem VIII,,Exam Fee,10000,0,0,0,0,0,0,0,0,DUE
238652,1/8/2016,2016-2017,2016-2017,AIE,DUE,460298,16CCCE101776,16CCCE101776,Alumni,General,School of Computing Science & Engineering,B.Tech/B.Tech (Hons) Computer Science Engineering,School of Computing Science,B.Tech in CSE 2016-17 IV Sem VIII,,Library BookC Recieved,1400,0,0,0,0,0,0,0,0,DUE
238653,1/8/2016,2016-2017,2016-2017,AIE,DUE,455806,16CBAC101056,16CBAC101056,Alumni,General,School of Basic & Applied Sciences,B.Sc.(Hons) Forensic Sciences,School of Basic,B.Sc.(Hons) Forensic Sciences IV Sem VII,,TUITION FEE,50000,0,0,0,0,0,0,0,0,DUE
238654,1/8/2016,2016-2017,2016-2017,AIE,DUE,455806,16CBAC101056,16CBAC101056,Alumni,General,School of Basic & Applied Sciences,B.Sc.(Hons) Forensic Sciences,School of Basic,B.Sc.(Hons) Forensic Sciences IV Sem VII,,Exam Fee,10000,0,0,0,0,0,0,0,0,DUE
238655,1/8/2016,2016-2017,2016-2017,AIE,DUE,455802,16CBAC101055,16CBAC101055,Alumni,General,School of Basic & Applied Sciences,B.Sc.(Hons) Forensic Sciences,School of Basic,B.Sc.(Hons) Forensic Sciences IV Sem VII,,TUITION FEE,50000,0,0,0,0,0,0,0,0,DUE
238656,1/8/2016,2016-2017,2016-2017,AIE,DUE,455802,16CBAC101055,16CBAC101055,Alumni,General,School of Basic & Applied Sciences,B.Sc.(Hons) Forensic Sciences,School of Basic,B.Sc.(Hons) Forensic Sciences IV Sem VII,,Exam Fee,10000,0,0,0,0,0,0,0,0,DUE
238657,1/8/2016,2016-2017,2016-2017,AIE,DUE,460293,16CCCE101775,16CCCE101775,No Information,General,School of Computing Science & Engineering,B.Tech/B.Tech (Hons) Computer Science Engineering,School of Computing Science,B.Tech in CSE 2016-17 II Sem IV,,TUITION FEE,149000,0,0,0,0,0,0,0,0,DUE
238658,1/8/2016,2016-2017,2016-2017,AIE,DUE,460293,16CCCE101775,16CCCE101775,No Information,General,School of Computing Science & Engineering,B.Tech/B.Tech (Hons) Computer Science Engineering,School of Computing Science,B.Tech in CSE 2016-17 II Sem IV,,Exam Fee,10000,0,0,0,0,0,0,0,0,DUE
238659,1/8/2016,2016-2017,2016-2017,AIE,DUE,460293,16CCCE101775,16CCCE101775,No Information,General,School of Computing Science & Engineering,B.Tech/B.Tech (Hons) Computer Science Engineering,School of Computing Science,B.Tech in CSE 2016-17 II Sem IV,,Library BookC Recieved,1899,0,0,0,0,0,0,0,0,DUE
238660,1/8/2016,2016-2017,2016-2017,AIE,DUE,460291,16CCCE101774,16CCCE101774,No Information,General,School of Computing Science & Engineering,B.Tech/B.Tech (Hons) Computer Science Engineering,School of Computing Science,B.Tech in CSE 2016-17 II Sem IV,,TUITION FEE,149000,0,0,0,0,0,0,0,0,DUE
238661,1/8/2016,2016-2017,2016-2017,AIE,DUE,460291,16CCCE101774,16CCCE101774,No Information,General,School of Computing Science & Engineering,B.Tech/B.Tech (Hons) Computer Science Engineering,School of Computing Science,B.Tech in CSE 2016-17 II Sem IV,,Exam Fee,10000,0,0,0,0,0,0,0,0,DUE
238662,1/8/2016,2016-2017,2016-2017,AIE,DUE,460291,16CCCE101774,16CCCE101774,No Information,General,School of Computing Science & Engineering,B.Tech/B.Tech (Hons) Computer Science Engineering,School of Computing Science,B.Tech in CSE 2016-17 II Sem IV,,Library BookC Recieved,1899,0,0,0,0,0,0,0,0,DUE
238663,1/8/2016,2016-2017,2016-2017,AIE,DUE,460302,16CCCE101779,16CCCE101779,No Information,General,School of Computing Science & Engineering,B.Tech/B.Tech (Hons) Computer Science Engineering,School of Computing Science,B.Tech in CSE 2016-17 II Sem IV,,TUITION FEE,149000,0,0,0,0,0,0,0,0,DUE
238664,1/8/2016,2016-2017,2016-2017,AIE,DUE,460302,16CCCE101779,16CCCE101779,No Information,General,School of Computing Science & Engineering,B.Tech/B.Tech (Hons) Computer Science Engineering,School of Computing Science,B.Tech in CSE 2016-17 II Sem IV,,Exam Fee,10000,0,0,0,0,0,0,0,0,DUE
238665,1/8/2016,2016-2017,2016-2017,AIE,DUE,460302,16CCCE101779,16CCCE101779,No Information,General,School of Computing Science & Engineering,B.Tech/B.Tech (Hons) Computer Science Engineering,School of Computing Science,B.Tech in CSE 2016-17 II Sem IV,,Fine Fee,1800,0,0,0,0,0,0,0,0,DUE
238666,1/8/2016,2016-2017,2016-2017,AIE,DUE,460302,16CCCE101779,16CCCE101779,No Information,General,School of Computing Science & Engineering,B.Tech/B.Tech (Hons) Computer Science Engineering,School of Computing Science,B.Tech in CSE 2016-17 II Sem IV,,Library BookC Recieved,1899,0,0,0,0,0,0,0,0,DUE
238667,1/8/2016,2016-2017,2016-2017,AIE,DUE,456873,16CCME205010,16CCME205010,Alumni,General,School of Mechanical Engineering,M.Tech Automobile Engineering,School of Mechanical Engineering,M.Tech Automobile Engineering 2016-2017 II Sem IV,,TUITION FEE,77000,0,0,0,0,0,0,0,0,DUE
238668,1/8/2016,2016-2017,2016-2017,AIE,DUE,456873,16CCME205010,16CCME205010,Alumni,General,School of Mechanical Engineering,M.Tech Automobile Engineering,School of Mechanical Engineering,M.Tech Automobile Engineering 2016-2017 II Sem IV,,Exam Fee,10000,0,0,0,0,0,0,0,0,DUE
238669,1/8/2016,2016-2017,2016-2017,AIE,DUE,456873,16CCME205010,16CCME205010,Alumni,General,School of Mechanical Engineering,M.Tech Automobile Engineering,School of Mechanical Engineering,M.Tech Automobile Engineering 2016-2017 II Sem IV,,Fine Fee,1200,0,0,0,0,0,0,0,0,DUE
238670,1/8/2016,2016-2017,2016-2017,AIE,DUE,460304,16CCCE101780,16CCCE101780,No Information,General,School of Computing Science & Engineering,B.Tech/B.Tech (Hons) Computer Science Engineering,School of Computing Science,B.Tech in CSE 2016-17 II Sem IV,,TUITION FEE,149000,0,0,0,0,0,0,0,0,DUE
238671,1/8/2016,2016-2017,2016-2017,AIE,DUE,460304,16CCCE101780,16CCCE101780,No Information,General,School of Computing Science & Engineering,B.Tech/B.Tech (Hons) Computer Science Engineering,School of Computing Science,B.Tech in CSE 2016-17 II Sem IV,,Exam Fee,10000,0,0,0,0,0,0,0,0,DUE
238672,1/8/2016,2016-2017,2016-2017,AIE,DUE,460304,16CCCE101780,16CCCE101780,No Information,General,School of Computing Science & Engineering,B.Tech/B.Tech (Hons) Computer Science Engineering,School of Computing Science,B.Tech in CSE 2016-17 II Sem IV,,Library BookC Recieved,1400,0,0,0,0,0,0,0,0,DUE
238673,1/8/2016,2016-2017,2016-2017,AIE,DUE,455811,16CBAC101058,16CBAC101058,Alumni,General,School of Basic & Applied Sciences,B.Sc.(Hons) Forensic Sciences,School of Basic,B.Sc.(Hons) Forensic Sciences IV Sem VII,,TUITION FEE,50000,0,0,0,0,0,0,0,0,DUE
238674,1/8/2016,2016-2017,2016-2017,AIE,DUE,455811,16CBAC101058,16CBAC101058,Alumni,General,School of Basic & Applied Sciences,B.Sc.(Hons) Forensic Sciences,School of Basic,B.Sc.(Hons) Forensic Sciences IV Sem VII,,Exam Fee,10000,0,0,0,0,0,0,0,0,DUE
238675,1/8/2016,2016-2017,2016-2017,AIE,DUE,456877,16CCCE101001,16CCCE101001,Alumni,General,School of Computing Science & Engineering,B.Tech/B.Tech (Hons) Computer Science Engineering,School of Computing Science,B.Tech in CSE 2016-17 IV Sem VIII,,TUITION FEE,149000,0,0,0,0,0,0,0,0,DUE
238676,1/8/2016,2016-2017,2016-2017,AIE,DUE,456877,16CCCE101001,16CCCE101001,Alumni,General,School of Computing Science & Engineering,B.Tech/B.Tech (Hons) Computer Science Engineering,School of Computing Science,B.Tech in CSE 2016-17 IV Sem VIII,,Exam Fee,10000,0,0,0,0,0,0,0,0,DUE
238677,1/8/2016,2016-2017,2016-2017,AIE,DUE,456877,16CCCE101001,16CCCE101001,Alumni,General,School of Computing Science & Engineering,B.Tech/B.Tech (Hons) Computer Science Engineering,School of Computing Science,B.Tech in CSE 2016-17 IV Sem VIII,,Library BookC Recieved,1400,0,0,0,0,0,0,0,0,DUE
238678,1/8/2016,2016-2017,2016-2017,AIE,DUE,459717,16CCCE101647,16CCCE101647,Alumni,General,School of Computing Science & Engineering,B.Tech/B.Tech (Hons) Computer Science Engineering,School of Computing Science,B.Tech in CSE 2016-17 IV Sem VIII,,TUITION FEE,149000,0,0,0,0,0,0,0,0,DUE
238679,1/8/2016,2016-2017,2016-2017,AIE,DUE,459717,16CCCE101647,16CCCE101647,Alumni,General,School of Computing Science & Engineering,B.Tech/B.Tech (Hons) Computer Science Engineering,School of Computing Science,B.Tech in CSE 2016-17 IV Sem VIII,,Exam Fee,10000,0,0,0,0,0,0,0,0,DUE
238680,1/8/2016,2016-2017,2016-2017,AIE,DUE,459717,16CCCE101647,16CCCE101647,Alumni,General,School of Computing Science & Engineering,B.Tech/B.Tech (Hons) Computer Science Engineering,School of Computing Science,B.Tech in CSE 2016-17 IV Sem VIII,,Library BookC Recieved,1899,0,0,0,0,0,0,0,0,DUE
238681,1/8/2016,2016-2017,2016-2017,AIE,DUE,503801,16CCCE105089,16CCCE105089,Alumni,General,School of Computing Science & Engineering,B.Tech (Hons) in Computer Science & Engineering with Specialization in Cloud Computing & Virtualizations,School of Computing Science,B.Tech in CSCC 2016-17 IV Sem VIII,,TUITION FEE,170000,0,0,0,0,0,0,0,0,DUE
238682,1/8/2016,2016-2017,2016-2017,AIE,DUE,503801,16CCCE105089,16CCCE105089,Alumni,General,School of Computing Science & Engineering,B.Tech (Hons) in Computer Science & Engineering with Specialization in Cloud Computing & Virtualizations,School of Computing Science,B.Tech in CSCC 2016-17 IV Sem VIII,,Exam Fee,10000,0,0,0,0,0,0,0,0,DUE
238683,1/8/2016,2016-2017,2016-2017,AIE,DUE,503801,16CCCE105089,16CCCE105089,Alumni,General,School of Computing Science & Engineering,B.Tech (Hons) in Computer Science & Engineering with Specialization in Cloud Computing & Virtualizations,School of Computing Science,B.Tech in CSCC 2016-17 IV Sem VIII,,Library BookC Recieved,1400,0,0,0,0,0,0,0,0,DUE
238684,1/8/2016,2016-2017,2016-2017,AIE,DUE,503801,16CCCE105089,16CCCE105089,Alumni,General,School of Computing Science & Engineering,B.Tech (Hons) in Computer Science & Engineering with Specialization in Cloud Computing & Virtualizations,School of Computing Science,B.Tech in CSCC 2016-17 IV Sem VIII,,Sport Activity Received,500,0,0,0,0,0,0,0,0,DUE
238685,1/8/2016,2016-2017,2016-2017,AIE,DUE,456870,16CCME205003,16CCME205003,Alumni,General,School of Mechanical Engineering,M.Tech Automobile Engineering,School of Mechanical Engineering,M.Tech Automobile Engineering 2016-2017 II Sem IV,,TUITION FEE,77000,0,0,0,0,0,0,0,0,DUE
238686,1/8/2016,2016-2017,2016-2017,AIE,DUE,456870,16CCME205003,16CCME205003,Alumni,General,School of Mechanical Engineering,M.Tech Automobile Engineering,School of Mechanical Engineering,M.Tech Automobile Engineering 2016-2017 II Sem IV,,Exam Fee,10000,0,0,0,0,0,0,0,0,DUE
238687,1/8/2016,2016-2017,2016-2017,AIE,DUE,456870,16CCME205003,16CCME205003,Alumni,General,School of Mechanical Engineering,M.Tech Automobile Engineering,School of Mechanical Engineering,M.Tech Automobile Engineering 2016-2017 II Sem IV,,Fine Fee,1600,0,0,0,0,0,0,0,0,DUE
238688,1/8/2016,2016-2017,2016-2017,AIE,DUE,459731,16CCCE101652,16CCCE101652,Alumni,General,School of Computing Science & Engineering,B.Tech/B.Tech (Hons) Computer Science Engineering,School of Computing Science,B.Tech in CSE 2016-17 IV Sem VIII,,TUITION FEE,149000,0,0,0,0,0,0,0,0,DUE
238689,1/8/2016,2016-2017,2016-2017,AIE,DUE,459731,16CCCE101652,16CCCE101652,Alumni,General,School of Computing Science & Engineering,B.Tech/B.Tech (Hons) Computer Science Engineering,School of Computing Science,B.Tech in CSE 2016-17 IV Sem VIII,,Exam Fee,10000,0,0,0,0,0,0,0,0,DUE
238690,1/8/2016,2016-2017,2016-2017,AIE,DUE,459731,16CCCE101652,16CCCE101652,Alumni,General,School of Computing Science & Engineering,B.Tech/B.Tech (Hons) Computer Science Engineering,School of Computing Science,B.Tech in CSE 2016-17 IV Sem VIII,,Library BookC Recieved,1400,0,0,0,0,0,0,0,0,DUE
238691,1/8/2016,2016-2017,2016-2017,AIE,DUE,456775,16CCME101199,16CCME101199,Alumni,General,School of Mechanical Engineering,B.Tech/B.Tech (Hons) Mechanical Engineering,School of Mechanical Engineering,ME 2016-2017 IV Sem VIII,,TUITION FEE,149000,0,0,0,0,0,0,0,0,DUE
238692,1/8/2016,2016-2017,2016-2017,AIE,DUE,456775,16CCME101199,16CCME101199,Alumni,General,School of Mechanical Engineering,B.Tech/B.Tech (Hons) Mechanical Engineering,School of Mechanical Engineering,ME 2016-2017 IV Sem VIII,,Exam Fee,10000,0,0,0,0,0,0,0,0,DUE
238693,1/8/2016,2016-2017,2016-2017,AIE,DUE,456775,16CCME101199,16CCME101199,Alumni,General,School of Mechanical Engineering,B.Tech/B.Tech (Hons) Mechanical Engineering,School of Mechanical Engineering,ME 2016-2017 IV Sem VIII,,Library BookC Recieved,1400,0,0,0,0,0,0,0,0,DUE
238694,1/8/2016,2016-2017,2016-2017,AIE,DUE,456775,16CCME101199,16CCME101199,Alumni,General,School of Mechanical Engineering,B.Tech/B.Tech (Hons) Mechanical Engineering,School of Mechanical Engineering,ME 2016-2017 IV Sem VIII,,Sport Activity Received,500,0,0,0,0,0,0,0,0,DUE
238695,1/8/2016,2016-2017,2016-2017,AIE,DUE,500989,16CBAC101061,16CBAC101061,No Information,General,School of Basic & Applied Sciences,B.Sc.(Hons) Forensic Sciences,School of Basic,B.Sc.(Hons) Forensic Sciences 2016-17 II Sem IV,,TUITION FEE,50000,0,0,0,0,0,0,0,0,DUE
238696,1/8/2016,2016-2017,2016-2017,AIE,DUE,500989,16CBAC101061,16CBAC101061,No Information,General,School of Basic & Applied Sciences,B.Sc.(Hons) Forensic Sciences,School of Basic,B.Sc.(Hons) Forensic Sciences 2016-17 II Sem IV,,Exam Fee,10000,0,0,0,0,0,0,0,0,DUE
238697,1/8/2016,2016-2017,2016-2017,AIE,DUE,500989,16CBAC101061,16CBAC101061,No Information,General,School of Basic & Applied Sciences,B.Sc.(Hons) Forensic Sciences,School of Basic,B.Sc.(Hons) Forensic Sciences 2016-17 II Sem IV,,Fine Fee,8000,0,0,0,0,0,0,0,0,DUE
238698,1/8/2016,2016-2017,2016-2017,AIE,DUE,500989,16CBAC101061,16CBAC101061,No Information,General,School of Basic & Applied Sciences,B.Sc.(Hons) Forensic Sciences,School of Basic,B.Sc.(Hons) Forensic Sciences 2016-17 II Sem IV,,Sport Activity Received,500,0,0,0,0,0,0,0,0,DUE
238699,1/8/2016,2016-2017,2016-2017,AIE,DUE,456867,16CCME204002,16CCME204002,Alumni,General,School of Civil Engineering,M.Tech Energy & Environmental Engineering,School of Civil Engineering,M Tech Energy and Environmental Engineering 2016-17 II Sem IV,,TUITION FEE,77000,0,0,0,0,0,0,0,0,DUE
238700,1/8/2016,2016-2017,2016-2017,AIE,DUE,456867,16CCME204002,16CCME204002,Alumni,General,School of Civil Engineering,M.Tech Energy & Environmental Engineering,School of Civil Engineering,M Tech Energy and Environmental Engineering 2016-17 II Sem IV,,Exam Fee,10000,0,0,0,0,0,0,0,0,DUE
238701,1/8/2016,2016-2017,2016-2017,AIE,DUE,455779,16CBAC101051,16CBAC101051,Alumni,General,School of Basic & Applied Sciences,B.Sc.(Hons) Forensic Sciences,School of Basic,B.Sc.(Hons) Forensic Sciences IV Sem VII,,TUITION FEE,50000,0,0,0,0,0,0,0,0,DUE
238702,1/8/2016,2016-2017,2016-2017,AIE,DUE,455779,16CBAC101051,16CBAC101051,Alumni,General,School of Basic & Applied Sciences,B.Sc.(Hons) Forensic Sciences,School of Basic,B.Sc.(Hons) Forensic Sciences IV Sem VII,,Exam Fee,10000,0,0,0,0,0,0,0,0,DUE
238703,1/8/2016,2016-2017,2016-2017,AIE,DUE,455785,16CBAC101052,16CBAC101052,Alumni,General,School of Basic & Applied Sciences,B.Sc.(Hons) Forensic Sciences,School of Basic,B.Sc.(Hons) Forensic Sciences IV Sem VII,,TUITION FEE,50000,0,0,0,0,0,0,0,0,DUE
238704,1/8/2016,2016-2017,2016-2017,AIE,DUE,455785,16CBAC101052,16CBAC101052,Alumni,General,School of Basic & Applied Sciences,B.Sc.(Hons) Forensic Sciences,School of Basic,B.Sc.(Hons) Forensic Sciences IV Sem VII,,Exam Fee,10000,0,0,0,0,0,0,0,0,DUE
238705,1/8/2016,2016-2017,2016-2017,AIE,DUE,459724,16CCCE101650,16CCCE101650,Alumni,General,School of Computing Science & Engineering,B.Tech/B.Tech (Hons) Computer Science Engineering,School of Computing Science,B.Tech in CSE 2016-17 IV Sem VIII,,TUITION FEE,149000,0,0,0,0,0,0,0,0,DUE
238706,1/8/2016,2016-2017,2016-2017,AIE,DUE,459724,16CCCE101650,16CCCE101650,Alumni,General,School of Computing Science & Engineering,B.Tech/B.Tech (Hons) Computer Science Engineering,School of Computing Science,B.Tech in CSE 2016-17 IV Sem VIII,,Exam Fee,10000,0,0,0,0,0,0,0,0,DUE
238707,1/8/2016,2016-2017,2016-2017,AIE,DUE,459724,16CCCE101650,16CCCE101650,Alumni,General,School of Computing Science & Engineering,B.Tech/B.Tech (Hons) Computer Science Engineering,School of Computing Science,B.Tech in CSE 2016-17 IV Sem VIII,,Library BookC Recieved,1400,0,0,0,0,0,0,0,0,DUE
238708,1/8/2016,2016-2017,2016-2017,AIE,DUE,460289,16CCCE101772,16CCCE101772,No Information,General,School of Computing Science & Engineering,B.Tech/B.Tech (Hons) Computer Science Engineering,School of Computing Science,B.Tech in CSE 2016-17 II Sem IV,,TUITION FEE,149000,0,0,0,0,0,0,0,0,DUE
238709,1/8/2016,2016-2017,2016-2017,AIE,DUE,460289,16CCCE101772,16CCCE101772,No Information,General,School of Computing Science & Engineering,B.Tech/B.Tech (Hons) Computer Science Engineering,School of Computing Science,B.Tech in CSE 2016-17 II Sem IV,,Exam Fee,10000,0,0,0,0,0,0,0,0,DUE
238710,1/8/2016,2016-2017,2016-2017,AIE,DUE,460289,16CCCE101772,16CCCE101772,No Information,General,School of Computing Science & Engineering,B.Tech/B.Tech (Hons) Computer Science Engineering,School of Computing Science,B.Tech in CSE 2016-17 II Sem IV,,Library BookC Recieved,1400,0,0,0,0,0,0,0,0,DUE
238711,1/8/2016,2016-2017,2016-2017,AIE,DUE,455799,16CBAC101054,16CBAC101054,Alumni,General,School of Basic & Applied Sciences,B.Sc.(Hons) Forensic Sciences,School of Basic,B.Sc.(Hons) Forensic Sciences IV Sem VII,,TUITION FEE,50000,0,0,0,0,0,0,0,0,DUE
238712,1/8/2016,2016-2017,2016-2017,AIE,DUE,455799,16CBAC101054,16CBAC101054,Alumni,General,School of Basic & Applied Sciences,B.Sc.(Hons) Forensic Sciences,School of Basic,B.Sc.(Hons) Forensic Sciences IV Sem VII,,Exam Fee,10000,0,0,0,0,0,0,0,0,DUE
238713,1/8/2016,2016-2017,2016-2017,AIE,DUE,500974,16CBAC101029,16CBAC101029,Alumni,General,School of Basic & Applied Sciences,B.Sc.(Hons) Forensic Sciences,School of Basic,B.Sc.(Hons) Forensic Sciences III Sem VI,,TUITION FEE,50000,0,0,0,0,0,0,0,0,DUE
238714,1/8/2016,2016-2017,2016-2017,AIE,DUE,500974,16CBAC101029,16CBAC101029,Alumni,General,School of Basic & Applied Sciences,B.Sc.(Hons) Forensic Sciences,School of Basic,B.Sc.(Hons) Forensic Sciences III Sem VI,,Exam Fee,10000,0,0,0,0,0,0,0,0,DUE
238715,1/8/2016,2016-2017,2016-2017,AIE,DUE,455791,16CBAC101053,16CBAC101053,Alumni,General,School of Basic & Applied Sciences,B.Sc.(Hons) Forensic Sciences,School of Basic,B.Sc.(Hons) Forensic Sciences IV Sem VII,,TUITION FEE,50000,0,0,0,0,0,0,0,0,DUE
238716,1/8/2016,2016-2017,2016-2017,AIE,DUE,455791,16CBAC101053,16CBAC101053,Alumni,General,School of Basic & Applied Sciences,B.Sc.(Hons) Forensic Sciences,School of Basic,B.Sc.(Hons) Forensic Sciences IV Sem VII,,Exam Fee,10000,0,0,0,0,0,0,0,0,DUE
238717,1/8/2016,2016-2017,2016-2017,AIE,DUE,460309,16CCCE101781,16CCCE101781,Alumni,General,School of Computing Science & Engineering,B.Tech/B.Tech (Hons) Computer Science Engineering,School of Computing Science,B.Tech in CSE 2016-17 IV Sem VIII,,TUITION FEE,149000,0,0,0,0,0,0,0,0,DUE
238718,1/8/2016,2016-2017,2016-2017,AIE,DUE,460309,16CCCE101781,16CCCE101781,Alumni,General,School of Computing Science & Engineering,B.Tech/B.Tech (Hons) Computer Science Engineering,School of Computing Science,B.Tech in CSE 2016-17 IV Sem VIII,,Exam Fee,10000,0,0,0,0,0,0,0,0,DUE
238719,1/8/2016,2016-2017,2016-2017,AIE,DUE,460309,16CCCE101781,16CCCE101781,Alumni,General,School of Computing Science & Engineering,B.Tech/B.Tech (Hons) Computer Science Engineering,School of Computing Science,B.Tech in CSE 2016-17 IV Sem VIII,,Library BookC Recieved,1400,0,0,0,0,0,0,0,0,DUE
238720,1/8/2016,2016-2017,2016-2017,AIE,DUE,455815,16CBAC101060,16CBAC101060,Alumni,General,School of Basic & Applied Sciences,B.Sc.(Hons) Forensic Sciences,School of Basic,B.Sc.(Hons) Forensic Sciences IV Sem VII,,TUITION FEE,50000,0,0,0,0,0,0,0,0,DUE
238721,1/8/2016,2016-2017,2016-2017,AIE,DUE,455815,16CBAC101060,16CBAC101060,Alumni,General,School of Basic & Applied Sciences,B.Sc.(Hons) Forensic Sciences,School of Basic,B.Sc.(Hons) Forensic Sciences IV Sem VII,,Exam Fee,10000,0,0,0,0,0,0,0,0,DUE
238722,1/8/2016,2016-2017,2016-2017,AIE,DUE,460315,16CCCE101782,16CCCE101782,Alumni,General,School of Computing Science & Engineering,B.Tech/B.Tech (Hons) Computer Science Engineering,School of Computing Science,B.Tech in CSE 2016-17 IV Sem VIII,,TUITION FEE,149000,0,0,0,0,0,0,0,0,DUE
238723,1/8/2016,2016-2017,2016-2017,AIE,DUE,460315,16CCCE101782,16CCCE101782,Alumni,General,School of Computing Science & Engineering,B.Tech/B.Tech (Hons) Computer Science Engineering,School of Computing Science,B.Tech in CSE 2016-17 IV Sem VIII,,Exam Fee,10000,0,0,0,0,0,0,0,0,DUE
238724,1/8/2016,2016-2017,2016-2017,AIE,DUE,460315,16CCCE101782,16CCCE101782,Alumni,General,School of Computing Science & Engineering,B.Tech/B.Tech (Hons) Computer Science Engineering,School of Computing Science,B.Tech in CSE 2016-17 IV Sem VIII,,Library BookC Recieved,1400,0,0,0,0,0,0,0,0,DUE
238725,1/8/2016,2016-2017,2016-2017,AIE,DUE,460322,16CCCE101784,16CCCE101784,Alumni,General,School of Computing Science & Engineering,B.Tech/B.Tech (Hons) Computer Science Engineering,School of Computing Science,B.Tech in CSE 2016-17 IV Sem VIII,,TUITION FEE,149000,0,0,0,0,0,0,0,0,DUE
238726,1/8/2016,2016-2017,2016-2017,AIE,DUE,460322,16CCCE101784,16CCCE101784,Alumni,General,School of Computing Science & Engineering,B.Tech/B.Tech (Hons) Computer Science Engineering,School of Computing Science,B.Tech in CSE 2016-17 IV Sem VIII,,Exam Fee,10000,0,0,0,0,0,0,0,0,DUE
238727,1/8/2016,2016-2017,2016-2017,AIE,DUE,460322,16CCCE101784,16CCCE101784,Alumni,General,School of Computing Science & Engineering,B.Tech/B.Tech (Hons) Computer Science Engineering,School of Computing Science,B.Tech in CSE 2016-17 IV Sem VIII,,Library BookC Recieved,1899,0,0,0,0,0,0,0,0,DUE
238728,1/8/2016,2016-2017,2016-2017,AIE,DUE,455819,16CBAC101062,16CBAC101062,Alumni,General,School of Basic & Applied Sciences,B.Sc.(Hons) Forensic Sciences,School of Basic,B.Sc.(Hons) Forensic Sciences IV Sem VII,,TUITION FEE,50000,0,0,0,0,0,0,0,0,DUE
238729,1/8/2016,2016-2017,2016-2017,AIE,DUE,455819,16CBAC101062,16CBAC101062,Alumni,General,School of Basic & Applied Sciences,B.Sc.(Hons) Forensic Sciences,School of Basic,B.Sc.(Hons) Forensic Sciences IV Sem VII,,Exam Fee,10000,0,0,0,0,0,0,0,0,DUE
238730,1/8/2016,2016-2017,2016-2017,AIE,DUE,501150,16CCME101044,16CCME101044,Alumni,General,School of Mechanical Engineering,B.Tech/B.Tech (Hons) Mechanical Engineering,School of Mechanical Engineering,ME 2016-2017 IV Sem VIII,,TUITION FEE,149000,0,0,0,0,0,0,0,0,DUE
238731,1/8/2016,2016-2017,2016-2017,AIE,DUE,501150,16CCME101044,16CCME101044,Alumni,General,School of Mechanical Engineering,B.Tech/B.Tech (Hons) Mechanical Engineering,School of Mechanical Engineering,ME 2016-2017 IV Sem VIII,,Exam Fee,10000,0,0,0,0,0,0,0,0,DUE
238732,1/8/2016,2016-2017,2016-2017,AIE,DUE,501150,16CCME101044,16CCME101044,Alumni,General,School of Mechanical Engineering,B.Tech/B.Tech (Hons) Mechanical Engineering,School of Mechanical Engineering,ME 2016-2017 IV Sem VIII,,Library BookC Recieved,1899,0,0,0,0,0,0,0,0,DUE
238733,1/8/2016,2016-2017,2016-2017,AIE,DUE,459655,16CCCE101629,16CCCE101629,Alumni,General,School of Computing Science & Engineering,B.Tech/B.Tech (Hons) Computer Science Engineering,School of Computing Science,B.Tech in CSE 2016-17 IV Sem VIII,,TUITION FEE,149000,0,0,0,0,0,0,0,0,DUE
238734,1/8/2016,2016-2017,2016-2017,AIE,DUE,459655,16CCCE101629,16CCCE101629,Alumni,General,School of Computing Science & Engineering,B.Tech/B.Tech (Hons) Computer Science Engineering,School of Computing Science,B.Tech in CSE 2016-17 IV Sem VIII,,Exam Fee,10000,0,0,0,0,0,0,0,0,DUE
238735,1/8/2016,2016-2017,2016-2017,AIE,DUE,459655,16CCCE101629,16CCCE101629,Alumni,General,School of Computing Science & Engineering,B.Tech/B.Tech (Hons) Computer Science Engineering,School of Computing Science,B.Tech in CSE 2016-17 IV Sem VIII,,Library BookC Recieved,1899,0,0,0,0,0,0,0,0,DUE
238736,1/8/2016,2016-2017,2016-2017,AIE,DUE,456884,16CCCE101004,16CCCE101004,Alumni,General,School of Computing Science & Engineering,B.Tech/B.Tech (Hons) Computer Science Engineering,School of Computing Science,B.Tech in CSE 2016-17 IV Sem VIII,,TUITION FEE,149000,0,0,0,0,0,0,0,0,DUE
238737,1/8/2016,2016-2017,2016-2017,AIE,DUE,456884,16CCCE101004,16CCCE101004,Alumni,General,School of Computing Science & Engineering,B.Tech/B.Tech (Hons) Computer Science Engineering,School of Computing Science,B.Tech in CSE 2016-17 IV Sem VIII,,Exam Fee,10000,0,0,0,0,0,0,0,0,DUE
238738,1/8/2016,2016-2017,2016-2017,AIE,DUE,456884,16CCCE101004,16CCCE101004,Alumni,General,School of Computing Science & Engineering,B.Tech/B.Tech (Hons) Computer Science Engineering,School of Computing Science,B.Tech in CSE 2016-17 IV Sem VIII,,Library BookC Recieved,1899,0,0,0,0,0,0,0,0,DUE
238739,1/8/2016,2016-2017,2016-2017,AIE,DUE,460329,16CCCE101785,16CCCE101785,Alumni,General,School of Computing Science & Engineering,B.Tech/B.Tech (Hons) Computer Science Engineering,School of Computing Science,B.Tech in CSE 2016-17 IV Sem VIII,,TUITION FEE,149000,0,0,0,0,0,0,0,0,DUE
238740,1/8/2016,2016-2017,2016-2017,AIE,DUE,460329,16CCCE101785,16CCCE101785,Alumni,General,School of Computing Science & Engineering,B.Tech/B.Tech (Hons) Computer Science Engineering,School of Computing Science,B.Tech in CSE 2016-17 IV Sem VIII,,Exam Fee,10000,0,0,0,0,0,0,0,0,DUE
238741,1/8/2016,2016-2017,2016-2017,AIE,DUE,460329,16CCCE101785,16CCCE101785,Alumni,General,School of Computing Science & Engineering,B.Tech/B.Tech (Hons) Computer Science Engineering,School of Computing Science,B.Tech in CSE 2016-17 IV Sem VIII,,Library BookC Recieved,1400,0,0,0,0,0,0,0,0,DUE
238742,1/8/2016,2016-2017,2016-2017,AIE,DUE,460338,16CCCE101788,16CCCE101788,Alumni,General,School of Computing Science & Engineering,B.Tech/B.Tech (Hons) Computer Science Engineering,School of Computing Science,B.Tech in CSE 2016-17 IV Sem VIII,,TUITION FEE,149000,0,0,0,0,0,0,0,0,DUE
238743,1/8/2016,2016-2017,2016-2017,AIE,DUE,460338,16CCCE101788,16CCCE101788,Alumni,General,School of Computing Science & Engineering,B.Tech/B.Tech (Hons) Computer Science Engineering,School of Computing Science,B.Tech in CSE 2016-17 IV Sem VIII,,Exam Fee,10000,0,0,0,0,0,0,0,0,DUE
238744,1/8/2016,2016-2017,2016-2017,AIE,DUE,460338,16CCCE101788,16CCCE101788,Alumni,General,School of Computing Science & Engineering,B.Tech/B.Tech (Hons) Computer Science Engineering,School of Computing Science,B.Tech in CSE 2016-17 IV Sem VIII,,Library BookC Recieved,1899,0,0,0,0,0,0,0,0,DUE
238745,1/8/2016,2016-2017,2016-2017,AIE,DUE,459640,16CCCE101626,16CCCE101626,Alumni,General,School of Computing Science & Engineering,B.Tech/B.Tech (Hons) Computer Science Engineering,School of Computing Science,B.Tech in CSE 2016-17 IV Sem VIII,,TUITION FEE,149000,0,0,0,0,0,0,0,0,DUE
238746,1/8/2016,2016-2017,2016-2017,AIE,DUE,459640,16CCCE101626,16CCCE101626,Alumni,General,School of Computing Science & Engineering,B.Tech/B.Tech (Hons) Computer Science Engineering,School of Computing Science,B.Tech in CSE 2016-17 IV Sem VIII,,Exam Fee,10000,0,0,0,0,0,0,0,0,DUE
238747,1/8/2016,2016-2017,2016-2017,AIE,DUE,459640,16CCCE101626,16CCCE101626,Alumni,General,School of Computing Science & Engineering,B.Tech/B.Tech (Hons) Computer Science Engineering,School of Computing Science,B.Tech in CSE 2016-17 IV Sem VIII,,Library BookC Recieved,1899,0,0,0,0,0,0,0,0,DUE
238748,1/8/2016,2016-2017,2016-2017,AIE,DUE,460333,16CCCE101787,16CCCE101787,No Information,General,School of Computing Science & Engineering,B.Tech/B.Tech (Hons) Computer Science Engineering,School of Computing Science,B.Tech in CSE 2016-17 II Sem IV,,TUITION FEE,149000,0,0,0,0,0,0,0,0,DUE
238749,1/8/2016,2016-2017,2016-2017,AIE,DUE,460333,16CCCE101787,16CCCE101787,No Information,General,School of Computing Science & Engineering,B.Tech/B.Tech (Hons) Computer Science Engineering,School of Computing Science,B.Tech in CSE 2016-17 II Sem IV,,Exam Fee,10000,0,0,0,0,0,0,0,0,DUE
238750,1/8/2016,2016-2017,2016-2017,AIE,DUE,460333,16CCCE101787,16CCCE101787,No Information,General,School of Computing Science & Engineering,B.Tech/B.Tech (Hons) Computer Science Engineering,School of Computing Science,B.Tech in CSE 2016-17 II Sem IV,,Library BookC Recieved,1400,0,0,0,0,0,0,0,0,DUE
238751,1/8/2016,2016-2017,2016-2017,AIE,DUE,459647,16CCCE101627,16CCCE101627,Alumni,General,School of Computing Science & Engineering,B.Tech/B.Tech (Hons) Computer Science Engineering,School of Computing Science,B.Tech in CSE 2016-17 IV Sem VIII,,TUITION FEE,149000,0,0,0,0,0,0,0,0,DUE
238752,1/8/2016,2016-2017,2016-2017,AIE,DUE,459647,16CCCE101627,16CCCE101627,Alumni,General,School of Computing Science & Engineering,B.Tech/B.Tech (Hons) Computer Science Engineering,School of Computing Science,B.Tech in CSE 2016-17 IV Sem VIII,,Exam Fee,10000,0,0,0,0,0,0,0,0,DUE
238753,1/8/2016,2016-2017,2016-2017,AIE,DUE,459647,16CCCE101627,16CCCE101627,Alumni,General,School of Computing Science & Engineering,B.Tech/B.Tech (Hons) Computer Science Engineering,School of Computing Science,B.Tech in CSE 2016-17 IV Sem VIII,,Library BookC Recieved,1899,0,0,0,0,0,0,0,0,DUE
238754,1/8/2016,2016-2017,2016-2017,AIE,DUE,459659,16CCCE101630,16CCCE101630,Alumni,General,School of Computing Science & Engineering,B.Tech/B.Tech (Hons) Computer Science Engineering,School of Computing Science,B.Tech in CSE 2016-17 IV Sem VIII,,TUITION FEE,149000,0,0,0,0,0,0,0,0,DUE
238755,1/8/2016,2016-2017,2016-2017,AIE,DUE,459659,16CCCE101630,16CCCE101630,Alumni,General,School of Computing Science & Engineering,B.Tech/B.Tech (Hons) Computer Science Engineering,School of Computing Science,B.Tech in CSE 2016-17 IV Sem VIII,,Exam Fee,10000,0,0,0,0,0,0,0,0,DUE
238756,1/8/2016,2016-2017,2016-2017,AIE,DUE,459659,16CCCE101630,16CCCE101630,Alumni,General,School of Computing Science & Engineering,B.Tech/B.Tech (Hons) Computer Science Engineering,School of Computing Science,B.Tech in CSE 2016-17 IV Sem VIII,,Library BookC Recieved,1899,0,0,0,0,0,0,0,0,DUE
238757,1/8/2016,2016-2017,2016-2017,AIE,DUE,459662,16CCCE101631,16CCCE101631,Cancelled,General,School of Computing Science & Engineering,B.Tech/B.Tech (Hons) Computer Science Engineering,School of Computing Science,B.Tech in CSE 2018-19 II Sem III,,TUITION FEE,149000,0,0,0,0,0,0,0,0,DUE
238758,1/8/2016,2016-2017,2016-2017,AIE,DUE,459662,16CCCE101631,16CCCE101631,Cancelled,General,School of Computing Science & Engineering,B.Tech/B.Tech (Hons) Computer Science Engineering,School of Computing Science,B.Tech in CSE 2018-19 II Sem III,,Exam Fee,10000,0,0,0,0,0,0,0,0,DUE
238759,1/8/2016,2016-2017,2016-2017,AIE,DUE,459662,16CCCE101631,16CCCE101631,Cancelled,General,School of Computing Science & Engineering,B.Tech/B.Tech (Hons) Computer Science Engineering,School of Computing Science,B.Tech in CSE 2018-19 II Sem III,,Library BookC Recieved,1899,0,0,0,0,0,0,0,0,DUE
238760,1/8/2016,2016-2017,2016-2017,AIE,DUE,459696,16CCCE101643,16CCCE101643,Alumni,General,School of Computing Science & Engineering,B.Tech/B.Tech (Hons) Computer Science Engineering,School of Computing Science,B.Tech in CSE 2016-17 IV Sem VIII,,TUITION FEE,149000,0,0,0,0,0,0,0,0,DUE
238761,1/8/2016,2016-2017,2016-2017,AIE,DUE,459696,16CCCE101643,16CCCE101643,Alumni,General,School of Computing Science & Engineering,B.Tech/B.Tech (Hons) Computer Science Engineering,School of Computing Science,B.Tech in CSE 2016-17 IV Sem VIII,,Exam Fee,10000,0,0,0,0,0,0,0,0,DUE
238762,1/8/2016,2016-2017,2016-2017,AIE,DUE,459696,16CCCE101643,16CCCE101643,Alumni,General,School of Computing Science & Engineering,B.Tech/B.Tech (Hons) Computer Science Engineering,School of Computing Science,B.Tech in CSE 2016-17 IV Sem VIII,,Library BookC Recieved,1400,0,0,0,0,0,0,0,0,DUE
238763,1/8/2016,2016-2017,2016-2017,AIE,DUE,456879,16CCCE101003,16CCCE101003,No Information,General,School of Computing Science & Engineering,B.Tech/B.Tech (Hons) Computer Science Engineering,School of Computing Science,B.Tech in CSE 2016-17 II Sem IV,,TUITION FEE,149000,0,0,0,0,0,0,0,0,DUE
238764,1/8/2016,2016-2017,2016-2017,AIE,DUE,456879,16CCCE101003,16CCCE101003,No Information,General,School of Computing Science & Engineering,B.Tech/B.Tech (Hons) Computer Science Engineering,School of Computing Science,B.Tech in CSE 2016-17 II Sem IV,,Exam Fee,10000,0,0,0,0,0,0,0,0,DUE
238765,1/8/2016,2016-2017,2016-2017,AIE,DUE,456879,16CCCE101003,16CCCE101003,No Information,General,School of Computing Science & Engineering,B.Tech/B.Tech (Hons) Computer Science Engineering,School of Computing Science,B.Tech in CSE 2016-17 II Sem IV,,Library BookC Recieved,1400,0,0,0,0,0,0,0,0,DUE
238766,1/8/2016,2016-2017,2016-2017,AIE,DUE,459700,16CCCE101644,16CCCE101644,No Information,General,School of Computing Science & Engineering,B.Tech/B.Tech (Hons) Computer Science Engineering,School of Computing Science,B.Tech in CSE 2016-17 II Sem IV,,TUITION FEE,149000,0,0,0,0,0,0,0,0,DUE
238767,1/8/2016,2016-2017,2016-2017,AIE,DUE,459700,16CCCE101644,16CCCE101644,No Information,General,School of Computing Science & Engineering,B.Tech/B.Tech (Hons) Computer Science Engineering,School of Computing Science,B.Tech in CSE 2016-17 II Sem IV,,Exam Fee,10000,0,0,0,0,0,0,0,0,DUE
238768,1/8/2016,2016-2017,2016-2017,AIE,DUE,459700,16CCCE101644,16CCCE101644,No Information,General,School of Computing Science & Engineering,B.Tech/B.Tech (Hons) Computer Science Engineering,School of Computing Science,B.Tech in CSE 2016-17 II Sem IV,,Library BookC Recieved,1899,0,0,0,0,0,0,0,0,DUE
238769,1/8/2016,2016-2017,2016-2017,AIE,DUE,459702,16CCCE101645,16CCCE101645,No Information,General,School of Computing Science & Engineering,B.Tech/B.Tech (Hons) Computer Science Engineering,School of Computing Science,B.Tech in CSE 2016-17 II Sem IV,,TUITION FEE,149000,0,0,0,0,0,0,0,0,DUE
238770,1/8/2016,2016-2017,2016-2017,AIE,DUE,459702,16CCCE101645,16CCCE101645,No Information,General,School of Computing Science & Engineering,B.Tech/B.Tech (Hons) Computer Science Engineering,School of Computing Science,B.Tech in CSE 2016-17 II Sem IV,,Exam Fee,10000,0,0,0,0,0,0,0,0,DUE
238771,1/8/2016,2016-2017,2016-2017,AIE,DUE,459702,16CCCE101645,16CCCE101645,No Information,General,School of Computing Science & Engineering,B.Tech/B.Tech (Hons) Computer Science Engineering,School of Computing Science,B.Tech in CSE 2016-17 II Sem IV,,Library BookC Recieved,1899,0,0,0,0,0,0,0,0,DUE
238772,1/8/2016,2016-2017,2016-2017,AIE,DUE,459709,16CCCE101646,16CCCE101646,Alumni,General,School of Computing Science & Engineering,B.Tech/B.Tech (Hons) Computer Science Engineering,School of Computing Science,B.Tech in CSE 2016-17 IV Sem VIII,,TUITION FEE,149000,0,0,0,0,0,0,0,0,DUE
238773,1/8/2016,2016-2017,2016-2017,AIE,DUE,459709,16CCCE101646,16CCCE101646,Alumni,General,School of Computing Science & Engineering,B.Tech/B.Tech (Hons) Computer Science Engineering,School of Computing Science,B.Tech in CSE 2016-17 IV Sem VIII,,Exam Fee,10000,0,0,0,0,0,0,0,0,DUE
238774,1/8/2016,2016-2017,2016-2017,AIE,DUE,459709,16CCCE101646,16CCCE101646,Alumni,General,School of Computing Science & Engineering,B.Tech/B.Tech (Hons) Computer Science Engineering,School of Computing Science,B.Tech in CSE 2016-17 IV Sem VIII,,Library BookC Recieved,1899,0,0,0,0,0,0,0,0,DUE
238775,1/8/2016,2016-2017,2016-2017,AIE,DUE,459689,16CCCE101642,16CCCE101642,Active,General,School of Computing Science & Engineering,B.Tech/B.Tech (Hons) Computer Science Engineering,School of Computing Science,B.Tech in CSE 2016-17 IV Sem VIII,,TUITION FEE,149000,0,0,0,0,0,0,0,0,DUE
238776,1/8/2016,2016-2017,2016-2017,AIE,DUE,459689,16CCCE101642,16CCCE101642,Active,General,School of Computing Science & Engineering,B.Tech/B.Tech (Hons) Computer Science Engineering,School of Computing Science,B.Tech in CSE 2016-17 IV Sem VIII,,Exam Fee,10000,0,0,0,0,0,0,0,0,DUE
238777,1/8/2016,2016-2017,2016-2017,AIE,DUE,459689,16CCCE101642,16CCCE101642,Active,General,School of Computing Science & Engineering,B.Tech/B.Tech (Hons) Computer Science Engineering,School of Computing Science,B.Tech in CSE 2016-17 IV Sem VIII,,Library BookC Recieved,1899,0,0,0,0,0,0,0,0,DUE
238778,1/8/2016,2016-2017,2016-2017,AIE,DUE,459683,16CCCE101640,16CCCE101640,No Information,General,School of Computing Science & Engineering,B.Tech/B.Tech (Hons) Computer Science Engineering,School of Computing Science,B.Tech in CSE 2016-17 II Sem IV,,TUITION FEE,149000,0,0,0,0,0,0,0,0,DUE
238779,1/8/2016,2016-2017,2016-2017,AIE,DUE,459683,16CCCE101640,16CCCE101640,No Information,General,School of Computing Science & Engineering,B.Tech/B.Tech (Hons) Computer Science Engineering,School of Computing Science,B.Tech in CSE 2016-17 II Sem IV,,Exam Fee,10000,0,0,0,0,0,0,0,0,DUE
238780,1/8/2016,2016-2017,2016-2017,AIE,DUE,459683,16CCCE101640,16CCCE101640,No Information,General,School of Computing Science & Engineering,B.Tech/B.Tech (Hons) Computer Science Engineering,School of Computing Science,B.Tech in CSE 2016-17 II Sem IV,,Library BookC Recieved,1400,0,0,0,0,0,0,0,0,DUE
238781,1/8/2016,2016-2017,2016-2017,AIE,DUE,459669,16CCCE101634,16CCCE101634,Alumni,General,School of Computing Science & Engineering,B.Tech/B.Tech (Hons) Computer Science Engineering,School of Computing Science,B.Tech in CSE 2016-17 IV Sem VIII,,TUITION FEE,149000,0,0,0,0,0,0,0,0,DUE
238782,1/8/2016,2016-2017,2016-2017,AIE,DUE,459669,16CCCE101634,16CCCE101634,Alumni,General,School of Computing Science & Engineering,B.Tech/B.Tech (Hons) Computer Science Engineering,School of Computing Science,B.Tech in CSE 2016-17 IV Sem VIII,,Exam Fee,10000,0,0,0,0,0,0,0,0,DUE
238783,1/8/2016,2016-2017,2016-2017,AIE,DUE,459669,16CCCE101634,16CCCE101634,Alumni,General,School of Computing Science & Engineering,B.Tech/B.Tech (Hons) Computer Science Engineering,School of Computing Science,B.Tech in CSE 2016-17 IV Sem VIII,,Library BookC Recieved,1899,0,0,0,0,0,0,0,0,DUE
238784,1/8/2016,2016-2017,2016-2017,AIE,DUE,459672,16CCCE101635,16CCCE101635,Withdrawn,General,School of Computing Science & Engineering,B.Tech/B.Tech (Hons) Computer Science Engineering,School of Computing Science,B.Tech in CSE 2016-17 II Sem IV,,TUITION FEE,149000,0,0,0,0,0,0,0,0,DUE
238785,1/8/2016,2016-2017,2016-2017,AIE,DUE,459672,16CCCE101635,16CCCE101635,Withdrawn,General,School of Computing Science & Engineering,B.Tech/B.Tech (Hons) Computer Science Engineering,School of Computing Science,B.Tech in CSE 2016-17 II Sem IV,,Exam Fee,10000,0,0,0,0,0,0,0,0,DUE
238786,1/8/2016,2016-2017,2016-2017,AIE,DUE,459672,16CCCE101635,16CCCE101635,Withdrawn,General,School of Computing Science & Engineering,B.Tech/B.Tech (Hons) Computer Science Engineering,School of Computing Science,B.Tech in CSE 2016-17 II Sem IV,,Library BookC Recieved,1400,0,0,0,0,0,0,0,0,DUE
238787,1/8/2016,2016-2017,2016-2017,AIE,DUE,459677,16CCCE101636,16CCCE101636,Alumni,General,School of Computing Science & Engineering,B.Tech/B.Tech (Hons) Computer Science Engineering,School of Computing Science,B.Tech in CSE 2016-17 IV Sem VIII,,TUITION FEE,149000,0,0,0,0,0,0,0,0,DUE
238788,1/8/2016,2016-2017,2016-2017,AIE,DUE,459677,16CCCE101636,16CCCE101636,Alumni,General,School of Computing Science & Engineering,B.Tech/B.Tech (Hons) Computer Science Engineering,School of Computing Science,B.Tech in CSE 2016-17 IV Sem VIII,,Exam Fee,10000,0,0,0,0,0,0,0,0,DUE
238789,1/8/2016,2016-2017,2016-2017,AIE,DUE,459677,16CCCE101636,16CCCE101636,Alumni,General,School of Computing Science & Engineering,B.Tech/B.Tech (Hons) Computer Science Engineering,School of Computing Science,B.Tech in CSE 2016-17 IV Sem VIII,,Library BookC Recieved,1400,0,0,0,0,0,0,0,0,DUE
238790,1/8/2016,2016-2017,2016-2017,AIE,DUE,459681,16CCCE101637,16CCCE101637,No Information,General,School of Computing Science & Engineering,B.Tech/B.Tech (Hons) Computer Science Engineering,School of Computing Science,B.Tech in CSE 2016-17 II Sem IV,,TUITION FEE,149000,0,0,0,0,0,0,0,0,DUE
238791,1/8/2016,2016-2017,2016-2017,AIE,DUE,459681,16CCCE101637,16CCCE101637,No Information,General,School of Computing Science & Engineering,B.Tech/B.Tech (Hons) Computer Science Engineering,School of Computing Science,B.Tech in CSE 2016-17 II Sem IV,,Exam Fee,10000,0,0,0,0,0,0,0,0,DUE
238792,1/8/2016,2016-2017,2016-2017,AIE,DUE,459681,16CCCE101637,16CCCE101637,No Information,General,School of Computing Science & Engineering,B.Tech/B.Tech (Hons) Computer Science Engineering,School of Computing Science,B.Tech in CSE 2016-17 II Sem IV,,Library BookC Recieved,1899,0,0,0,0,0,0,0,0,DUE
238793,1/8/2016,2016-2017,2016-2017,AIE,DUE,456721,16CCME101180,16CCME101180,Alumni,General,School of Mechanical Engineering,B.Tech/B.Tech (Hons) Mechanical Engineering,School of Mechanical Engineering,ME 2016-2017 IV Sem VIII,,TUITION FEE,149000,0,0,0,0,0,0,0,0,DUE
238794,1/8/2016,2016-2017,2016-2017,AIE,DUE,456721,16CCME101180,16CCME101180,Alumni,General,School of Mechanical Engineering,B.Tech/B.Tech (Hons) Mechanical Engineering,School of Mechanical Engineering,ME 2016-2017 IV Sem VIII,,Exam Fee,10000,0,0,0,0,0,0,0,0,DUE
238795,1/8/2016,2016-2017,2016-2017,AIE,DUE,456721,16CCME101180,16CCME101180,Alumni,General,School of Mechanical Engineering,B.Tech/B.Tech (Hons) Mechanical Engineering,School of Mechanical Engineering,ME 2016-2017 IV Sem VIII,,Fine Fee,200,0,0,0,0,0,0,0,0,DUE
238796,1/8/2016,2016-2017,2016-2017,AIE,DUE,456721,16CCME101180,16CCME101180,Alumni,General,School of Mechanical Engineering,B.Tech/B.Tech (Hons) Mechanical Engineering,School of Mechanical Engineering,ME 2016-2017 IV Sem VIII,,Library BookC Recieved,1400,0,0,0,0,0,0,0,0,DUE
238797,1/8/2016,2016-2017,2016-2017,AIE,DUE,459115,16CCCE101498,16CCCE101498,Alumni,General,School of Computing Science & Engineering,B.Tech/B.Tech (Hons) Computer Science Engineering,School of Computing Science,B.Tech in CSE 2016-17 IV Sem VIII,,TUITION FEE,149000,0,0,0,0,0,0,0,0,DUE
238798,1/8/2016,2016-2017,2016-2017,AIE,DUE,459115,16CCCE101498,16CCCE101498,Alumni,General,School of Computing Science & Engineering,B.Tech/B.Tech (Hons) Computer Science Engineering,School of Computing Science,B.Tech in CSE 2016-17 IV Sem VIII,,Exam Fee,10000,0,0,0,0,0,0,0,0,DUE
238799,1/8/2016,2016-2017,2016-2017,AIE,DUE,459115,16CCCE101498,16CCCE101498,Alumni,General,School of Computing Science & Engineering,B.Tech/B.Tech (Hons) Computer Science Engineering,School of Computing Science,B.Tech in CSE 2016-17 IV Sem VIII,,Library BookC Recieved,1400,0,0,0,0,0,0,0,0,DUE
238800,1/8/2016,2016-2017,2016-2017,AIE,DUE,458239,16CCCE101305,16CCCE101305,Withdrawn,General,School of Computing Science & Engineering,B.Tech/B.Tech (Hons) Computer Science Engineering,School of Computing Science,B.Tech in CSE 2016-17 III Sem V,,TUITION FEE,149000,0,0,0,0,0,0,0,0,DUE
238801,1/8/2016,2016-2017,2016-2017,AIE,DUE,458239,16CCCE101305,16CCCE101305,Withdrawn,General,School of Computing Science & Engineering,B.Tech/B.Tech (Hons) Computer Science Engineering,School of Computing Science,B.Tech in CSE 2016-17 III Sem V,,Exam Fee,10000,0,0,0,0,0,0,0,0,DUE
238802,1/8/2016,2016-2017,2016-2017,AIE,DUE,458239,16CCCE101305,16CCCE101305,Withdrawn,General,School of Computing Science & Engineering,B.Tech/B.Tech (Hons) Computer Science Engineering,School of Computing Science,B.Tech in CSE 2016-17 III Sem V,,Library BookC Recieved,1400,0,0,0,0,0,0,0,0,DUE
238803,1/8/2016,2016-2017,2016-2017,AIE,DUE,503732,16CCCE105063,16CCCE105063,Active,General,School of Computing Science & Engineering,B.Tech (Hons) in Computer Science & Engineering with Specialization in Cloud Computing & Virtualizations,School of Computing Science,B.Tech CSE CSCC 2018-19 III Sem VI,,TUITION FEE,170000,0,0,0,0,0,0,0,0,DUE
238804,1/8/2016,2016-2017,2016-2017,AIE,DUE,503732,16CCCE105063,16CCCE105063,Active,General,School of Computing Science & Engineering,B.Tech (Hons) in Computer Science & Engineering with Specialization in Cloud Computing & Virtualizations,School of Computing Science,B.Tech CSE CSCC 2018-19 III Sem VI,,Exam Fee,10000,0,0,0,0,0,0,0,0,DUE
238805,1/8/2016,2016-2017,2016-2017,AIE,DUE,503732,16CCCE105063,16CCCE105063,Active,General,School of Computing Science & Engineering,B.Tech (Hons) in Computer Science & Engineering with Specialization in Cloud Computing & Virtualizations,School of Computing Science,B.Tech CSE CSCC 2018-19 III Sem VI,,Fine Fee,600,0,0,0,0,0,0,0,0,DUE
238806,1/8/2016,2016-2017,2016-2017,AIE,DUE,503732,16CCCE105063,16CCCE105063,Active,General,School of Computing Science & Engineering,B.Tech (Hons) in Computer Science & Engineering with Specialization in Cloud Computing & Virtualizations,School of Computing Science,B.Tech CSE CSCC 2018-19 III Sem VI,,Library BookC Recieved,1400,0,0,0,0,0,0,0,0,DUE
238807,1/8/2016,2016-2017,2016-2017,AIE,DUE,457455,16CCCE101128,16CCCE101128,No Information,General,School of Computing Science & Engineering,B.Tech/B.Tech (Hons) Computer Science Engineering,School of Computing Science,B.Tech in CSE 2016-17 II Sem IV,,TUITION FEE,149000,0,0,0,0,0,0,0,0,DUE
238808,1/8/2016,2016-2017,2016-2017,AIE,DUE,457455,16CCCE101128,16CCCE101128,No Information,General,School of Computing Science & Engineering,B.Tech/B.Tech (Hons) Computer Science Engineering,School of Computing Science,B.Tech in CSE 2016-17 II Sem IV,,Exam Fee,10000,0,0,0,0,0,0,0,0,DUE
238809,1/8/2016,2016-2017,2016-2017,AIE,DUE,457455,16CCCE101128,16CCCE101128,No Information,General,School of Computing Science & Engineering,B.Tech/B.Tech (Hons) Computer Science Engineering,School of Computing Science,B.Tech in CSE 2016-17 II Sem IV,,Library BookC Recieved,1899,0,0,0,0,0,0,0,0,DUE
238810,1/8/2016,2016-2017,2016-2017,AIE,DUE,456249,16CCME101046,16CCME101046,Active,General,School of Mechanical Engineering,B.Tech/B.Tech (Hons) Mechanical Engineering,School of Mechanical Engineering,ME 2016-2017 IV Sem VIII,,TUITION FEE,149000,0,0,0,0,0,0,0,0,DUE
238811,1/8/2016,2016-2017,2016-2017,AIE,DUE,456249,16CCME101046,16CCME101046,Active,General,School of Mechanical Engineering,B.Tech/B.Tech (Hons) Mechanical Engineering,School of Mechanical Engineering,ME 2016-2017 IV Sem VIII,,Exam Fee,10000,0,0,0,0,0,0,0,0,DUE
238812,1/8/2016,2016-2017,2016-2017,AIE,DUE,456249,16CCME101046,16CCME101046,Active,General,School of Mechanical Engineering,B.Tech/B.Tech (Hons) Mechanical Engineering,School of Mechanical Engineering,ME 2016-2017 IV Sem VIII,,Library BookC Recieved,1899,0,0,0,0,0,0,0,0,DUE
238813,1/8/2016,2016-2017,2016-2017,AIE,DUE,456249,16CCME101046,16CCME101046,Active,General,School of Mechanical Engineering,B.Tech/B.Tech (Hons) Mechanical Engineering,School of Mechanical Engineering,ME 2016-2017 IV Sem VIII,,Sport Activity Received,700,0,0,0,0,0,0,0,0,DUE
238814,1/8/2016,2016-2017,2016-2017,AIE,DUE,458253,16CCCE101307,16CCCE101307,Withdrawn,General,School of Computing Science & Engineering,B.Tech/B.Tech (Hons) Computer Science Engineering,School of Computing Science,B.Tech in CSE 2016-17 III Sem V,,TUITION FEE,149000,0,0,0,0,0,0,0,0,DUE
238815,1/8/2016,2016-2017,2016-2017,AIE,DUE,458253,16CCCE101307,16CCCE101307,Withdrawn,General,School of Computing Science & Engineering,B.Tech/B.Tech (Hons) Computer Science Engineering,School of Computing Science,B.Tech in CSE 2016-17 III Sem V,,Exam Fee,10000,0,0,0,0,0,0,0,0,DUE
238816,1/8/2016,2016-2017,2016-2017,AIE,DUE,458253,16CCCE101307,16CCCE101307,Withdrawn,General,School of Computing Science & Engineering,B.Tech/B.Tech (Hons) Computer Science Engineering,School of Computing Science,B.Tech in CSE 2016-17 III Sem V,,Library BookC Recieved,1899,0,0,0,0,0,0,0,0,DUE
238817,1/8/2016,2016-2017,2016-2017,AIE,DUE,458245,16CCCE101306,16CCCE101306,Alumni,General,School of Computing Science & Engineering,B.Tech/B.Tech (Hons) Computer Science Engineering,School of Computing Science,B.Tech in CSE 2016-17 IV Sem VIII,,TUITION FEE,149000,0,0,0,0,0,0,0,0,DUE
238818,1/8/2016,2016-2017,2016-2017,AIE,DUE,458245,16CCCE101306,16CCCE101306,Alumni,General,School of Computing Science & Engineering,B.Tech/B.Tech (Hons) Computer Science Engineering,School of Computing Science,B.Tech in CSE 2016-17 IV Sem VIII,,Exam Fee,10000,0,0,0,0,0,0,0,0,DUE
238819,1/8/2016,2016-2017,2016-2017,AIE,DUE,458245,16CCCE101306,16CCCE101306,Alumni,General,School of Computing Science & Engineering,B.Tech/B.Tech (Hons) Computer Science Engineering,School of Computing Science,B.Tech in CSE 2016-17 IV Sem VIII,,Library BookC Recieved,1899,0,0,0,0,0,0,0,0,DUE
238820,1/8/2016,2016-2017,2016-2017,AIE,DUE,458236,16CCCE101304,16CCCE101304,Alumni,General,School of Computing Science & Engineering,B.Tech/B.Tech (Hons) Computer Science Engineering,School of Computing Science,B.Tech in CSE 2016-17 IV Sem VIII,,TUITION FEE,149000,0,0,0,0,0,0,0,0,DUE
238821,1/8/2016,2016-2017,2016-2017,AIE,DUE,458236,16CCCE101304,16CCCE101304,Alumni,General,School of Computing Science & Engineering,B.Tech/B.Tech (Hons) Computer Science Engineering,School of Computing Science,B.Tech in CSE 2016-17 IV Sem VIII,,Exam Fee,10000,0,0,0,0,0,0,0,0,DUE
238822,1/8/2016,2016-2017,2016-2017,AIE,DUE,458236,16CCCE101304,16CCCE101304,Alumni,General,School of Computing Science & Engineering,B.Tech/B.Tech (Hons) Computer Science Engineering,School of Computing Science,B.Tech in CSE 2016-17 IV Sem VIII,,Library BookC Recieved,1400,0,0,0,0,0,0,0,0,DUE
238823,1/8/2016,2016-2017,2016-2017,AIE,DUE,493367,15GCOL102007,15GCOL102007,Active,General,School of Law,Integrated BA + LLB (Hons.),School of Law,BALLB 2016-2017 V SEM X,,TUITION FEE,100000,0,0,0,0,0,0,0,0,DUE
238824,1/8/2016,2016-2017,2016-2017,AIE,DUE,493367,15GCOL102007,15GCOL102007,Active,General,School of Law,Integrated BA + LLB (Hons.),School of Law,BALLB 2016-2017 V SEM X,,Exam Fee,10000,0,0,0,0,0,0,0,0,DUE
238825,1/8/2016,2016-2017,2016-2017,AIE,DUE,493367,15GCOL102007,15GCOL102007,Active,General,School of Law,Integrated BA + LLB (Hons.),School of Law,BALLB 2016-2017 V SEM X,,Tuition Fee (Back Paper),5400,0,0,0,0,0,0,0,0,DUE
238826,1/8/2016,2016-2017,2016-2017,AIE,DUE,493367,15GCOL102007,15GCOL102007,Active,General,School of Law,Integrated BA + LLB (Hons.),School of Law,BALLB 2016-2017 V SEM X,,Exam Fee (Back Paper),4500,0,0,0,0,0,0,0,0,DUE
238827,1/8/2016,2016-2017,2016-2017,AIE,DUE,457457,16CCCE101129,16CCCE101129,No Information,General,School of Computing Science & Engineering,B.Tech/B.Tech (Hons) Computer Science Engineering,School of Computing Science,B.Tech in CSE 2016-17 II Sem IV,,TUITION FEE,149000,0,0,0,0,0,0,0,0,DUE
238828,1/8/2016,2016-2017,2016-2017,AIE,DUE,457457,16CCCE101129,16CCCE101129,No Information,General,School of Computing Science & Engineering,B.Tech/B.Tech (Hons) Computer Science Engineering,School of Computing Science,B.Tech in CSE 2016-17 II Sem IV,,Exam Fee,10000,0,0,0,0,0,0,0,0,DUE
238829,1/8/2016,2016-2017,2016-2017,AIE,DUE,457457,16CCCE101129,16CCCE101129,No Information,General,School of Computing Science & Engineering,B.Tech/B.Tech (Hons) Computer Science Engineering,School of Computing Science,B.Tech in CSE 2016-17 II Sem IV,,Library BookC Recieved,1899,0,0,0,0,0,0,0,0,DUE
238830,1/8/2016,2016-2017,2016-2017,AIE,DUE,457462,16CCCE101130,16CCCE101130,Alumni,General,School of Computing Science & Engineering,B.Tech/B.Tech (Hons) Computer Science Engineering,School of Computing Science,B.Tech in CSE 2016-17 IV Sem VIII,,TUITION FEE,149000,0,0,0,0,0,0,0,0,DUE
238831,1/8/2016,2016-2017,2016-2017,AIE,DUE,457462,16CCCE101130,16CCCE101130,Alumni,General,School of Computing Science & Engineering,B.Tech/B.Tech (Hons) Computer Science Engineering,School of Computing Science,B.Tech in CSE 2016-17 IV Sem VIII,,Exam Fee,10000,0,0,0,0,0,0,0,0,DUE
238832,1/8/2016,2016-2017,2016-2017,AIE,DUE,457462,16CCCE101130,16CCCE101130,Alumni,General,School of Computing Science & Engineering,B.Tech/B.Tech (Hons) Computer Science Engineering,School of Computing Science,B.Tech in CSE 2016-17 IV Sem VIII,,Library BookC Recieved,1899,0,0,0,0,0,0,0,0,DUE
238833,1/8/2016,2016-2017,2016-2017,AIE,DUE,458222,16CCCE101299,16CCCE101299,Alumni,General,School of Computing Science & Engineering,B.Tech/B.Tech (Hons) Computer Science Engineering,School of Computing Science,B.Tech in CSE 2016-17 IV Sem VIII,,TUITION FEE,149000,0,0,0,0,0,0,0,0,DUE
238834,1/8/2016,2016-2017,2016-2017,AIE,DUE,458222,16CCCE101299,16CCCE101299,Alumni,General,School of Computing Science & Engineering,B.Tech/B.Tech (Hons) Computer Science Engineering,School of Computing Science,B.Tech in CSE 2016-17 IV Sem VIII,,Exam Fee,10000,0,0,0,0,0,0,0,0,DUE
238835,1/8/2016,2016-2017,2016-2017,AIE,DUE,458222,16CCCE101299,16CCCE101299,Alumni,General,School of Computing Science & Engineering,B.Tech/B.Tech (Hons) Computer Science Engineering,School of Computing Science,B.Tech in CSE 2016-17 IV Sem VIII,,Library BookC Recieved,1899,0,0,0,0,0,0,0,0,DUE
238836,1/8/2016,2016-2017,2016-2017,AIE,DUE,456243,16CCME101042,16CCME101042,Alumni,General,School of Mechanical Engineering,B.Tech/B.Tech (Hons) Mechanical Engineering,School of Mechanical Engineering,ME 2016-2017 IV Sem VIII,,TUITION FEE,149000,0,0,0,0,0,0,0,0,DUE
238837,1/8/2016,2016-2017,2016-2017,AIE,DUE,456243,16CCME101042,16CCME101042,Alumni,General,School of Mechanical Engineering,B.Tech/B.Tech (Hons) Mechanical Engineering,School of Mechanical Engineering,ME 2016-2017 IV Sem VIII,,Exam Fee,10000,0,0,0,0,0,0,0,0,DUE
238838,1/8/2016,2016-2017,2016-2017,AIE,DUE,456243,16CCME101042,16CCME101042,Alumni,General,School of Mechanical Engineering,B.Tech/B.Tech (Hons) Mechanical Engineering,School of Mechanical Engineering,ME 2016-2017 IV Sem VIII,,Library BookC Recieved,1899,0,0,0,0,0,0,0,0,DUE
238839,1/8/2016,2016-2017,2016-2017,AIE,DUE,458227,16CCCE101300,16CCCE101300,Alumni,General,School of Computing Science & Engineering,B.Tech/B.Tech (Hons) Computer Science Engineering,School of Computing Science,B.Tech in CSE 2016-17 IV Sem VIII,,TUITION FEE,149000,0,0,0,0,0,0,0,0,DUE
238840,1/8/2016,2016-2017,2016-2017,AIE,DUE,458227,16CCCE101300,16CCCE101300,Alumni,General,School of Computing Science & Engineering,B.Tech/B.Tech (Hons) Computer Science Engineering,School of Computing Science,B.Tech in CSE 2016-17 IV Sem VIII,,Exam Fee,10000,0,0,0,0,0,0,0,0,DUE
238841,1/8/2016,2016-2017,2016-2017,AIE,DUE,458227,16CCCE101300,16CCCE101300,Alumni,General,School of Computing Science & Engineering,B.Tech/B.Tech (Hons) Computer Science Engineering,School of Computing Science,B.Tech in CSE 2016-17 IV Sem VIII,,Library BookC Recieved,1899,0,0,0,0,0,0,0,0,DUE
238842,1/8/2016,2016-2017,2016-2017,AIE,DUE,457452,16CCCE101127,16CCCE101127,Alumni,General,School of Computing Science & Engineering,B.Tech/B.Tech (Hons) Computer Science Engineering,School of Computing Science,B.Tech in CSE 2016-17 IV Sem VIII,,TUITION FEE,149000,0,0,0,0,0,0,0,0,DUE
238843,1/8/2016,2016-2017,2016-2017,AIE,DUE,457452,16CCCE101127,16CCCE101127,Alumni,General,School of Computing Science & Engineering,B.Tech/B.Tech (Hons) Computer Science Engineering,School of Computing Science,B.Tech in CSE 2016-17 IV Sem VIII,,Exam Fee,10000,0,0,0,0,0,0,0,0,DUE
238844,1/8/2016,2016-2017,2016-2017,AIE,DUE,457452,16CCCE101127,16CCCE101127,Alumni,General,School of Computing Science & Engineering,B.Tech/B.Tech (Hons) Computer Science Engineering,School of Computing Science,B.Tech in CSE 2016-17 IV Sem VIII,,Library BookC Recieved,1899,0,0,0,0,0,0,0,0,DUE
238845,1/8/2016,2016-2017,2016-2017,AIE,DUE,458266,16CCCE101309,16CCCE101309,Withdrawn,General,School of Computing Science & Engineering,B.Tech/B.Tech (Hons) Computer Science Engineering,School of Computing Science,B.Tech in CSE 2016-17 III Sem V,,TUITION FEE,149000,0,0,0,0,0,0,0,0,DUE
238846,1/8/2016,2016-2017,2016-2017,AIE,DUE,458266,16CCCE101309,16CCCE101309,Withdrawn,General,School of Computing Science & Engineering,B.Tech/B.Tech (Hons) Computer Science Engineering,School of Computing Science,B.Tech in CSE 2016-17 III Sem V,,Exam Fee,10000,0,0,0,0,0,0,0,0,DUE
238847,1/8/2016,2016-2017,2016-2017,AIE,DUE,458266,16CCCE101309,16CCCE101309,Withdrawn,General,School of Computing Science & Engineering,B.Tech/B.Tech (Hons) Computer Science Engineering,School of Computing Science,B.Tech in CSE 2016-17 III Sem V,,Library BookC Recieved,1899,0,0,0,0,0,0,0,0,DUE
238848,1/8/2016,2016-2017,2016-2017,AIE,DUE,458290,16CCCE101315,16CCCE101315,Alumni,General,School of Computing Science & Engineering,B.Tech/B.Tech (Hons) Computer Science Engineering,School of Computing Science,B.Tech in CSE 2016-17 IV Sem VIII,,TUITION FEE,149000,0,0,0,0,0,0,0,0,DUE
238849,1/8/2016,2016-2017,2016-2017,AIE,DUE,458290,16CCCE101315,16CCCE101315,Alumni,General,School of Computing Science & Engineering,B.Tech/B.Tech (Hons) Computer Science Engineering,School of Computing Science,B.Tech in CSE 2016-17 IV Sem VIII,,Exam Fee,10000,0,0,0,0,0,0,0,0,DUE
238850,1/8/2016,2016-2017,2016-2017,AIE,DUE,458290,16CCCE101315,16CCCE101315,Alumni,General,School of Computing Science & Engineering,B.Tech/B.Tech (Hons) Computer Science Engineering,School of Computing Science,B.Tech in CSE 2016-17 IV Sem VIII,,Library BookC Recieved,1400,0,0,0,0,0,0,0,0,DUE
238851,1/8/2016,2016-2017,2016-2017,AIE,DUE,457427,16CCCE101122,16CCCE101122,Alumni,General,School of Computing Science & Engineering,B.Tech/B.Tech (Hons) Computer Science Engineering,School of Computing Science,B.Tech in CSE 2016-17 IV Sem VIII,,TUITION FEE,149000,0,0,0,0,0,0,0,0,DUE
238852,1/8/2016,2016-2017,2016-2017,AIE,DUE,457427,16CCCE101122,16CCCE101122,Alumni,General,School of Computing Science & Engineering,B.Tech/B.Tech (Hons) Computer Science Engineering,School of Computing Science,B.Tech in CSE 2016-17 IV Sem VIII,,Exam Fee,10000,0,0,0,0,0,0,0,0,DUE
238853,1/8/2016,2016-2017,2016-2017,AIE,DUE,457427,16CCCE101122,16CCCE101122,Alumni,General,School of Computing Science & Engineering,B.Tech/B.Tech (Hons) Computer Science Engineering,School of Computing Science,B.Tech in CSE 2016-17 IV Sem VIII,,Fine Fee,10000,0,0,0,0,0,0,0,0,DUE
238854,1/8/2016,2016-2017,2016-2017,AIE,DUE,457427,16CCCE101122,16CCCE101122,Alumni,General,School of Computing Science & Engineering,B.Tech/B.Tech (Hons) Computer Science Engineering,School of Computing Science,B.Tech in CSE 2016-17 IV Sem VIII,,Library BookC Recieved,1899,0,0,0,0,0,0,0,0,DUE
238855,1/8/2016,2016-2017,2016-2017,AIE,DUE,457419,16CCCE101121,16CCCE101121,Alumni,General,School of Computing Science & Engineering,B.Tech/B.Tech (Hons) Computer Science Engineering,School of Computing Science,B.Tech in CSE 2016-17 IV Sem VIII,,TUITION FEE,149000,0,0,0,0,0,0,0,0,DUE
238856,1/8/2016,2016-2017,2016-2017,AIE,DUE,457419,16CCCE101121,16CCCE101121,Alumni,General,School of Computing Science & Engineering,B.Tech/B.Tech (Hons) Computer Science Engineering,School of Computing Science,B.Tech in CSE 2016-17 IV Sem VIII,,Exam Fee,10000,0,0,0,0,0,0,0,0,DUE
238857,1/8/2016,2016-2017,2016-2017,AIE,DUE,457419,16CCCE101121,16CCCE101121,Alumni,General,School of Computing Science & Engineering,B.Tech/B.Tech (Hons) Computer Science Engineering,School of Computing Science,B.Tech in CSE 2016-17 IV Sem VIII,,Library BookC Recieved,1899,0,0,0,0,0,0,0,0,DUE
238858,1/8/2016,2016-2017,2016-2017,AIE,DUE,456260,16CCME101048,16CCME101048,Alumni,General,School of Mechanical Engineering,B.Tech/B.Tech (Hons) Mechanical Engineering,School of Mechanical Engineering,ME 2016-2017 IV Sem VIII,,TUITION FEE,149000,0,0,0,0,0,0,0,0,DUE
238859,1/8/2016,2016-2017,2016-2017,AIE,DUE,456260,16CCME101048,16CCME101048,Alumni,General,School of Mechanical Engineering,B.Tech/B.Tech (Hons) Mechanical Engineering,School of Mechanical Engineering,ME 2016-2017 IV Sem VIII,,Exam Fee,10000,0,0,0,0,0,0,0,0,DUE
238860,1/8/2016,2016-2017,2016-2017,AIE,DUE,456260,16CCME101048,16CCME101048,Alumni,General,School of Mechanical Engineering,B.Tech/B.Tech (Hons) Mechanical Engineering,School of Mechanical Engineering,ME 2016-2017 IV Sem VIII,,Library BookC Recieved,1899,0,0,0,0,0,0,0,0,DUE
238861,1/8/2016,2016-2017,2016-2017,AIE,DUE,458301,16CCCE101318,16CCCE101318,Alumni,General,School of Computing Science & Engineering,B.Tech/B.Tech (Hons) Computer Science Engineering,School of Computing Science,B.Tech in CSE 2016-17 IV Sem VIII,,TUITION FEE,149000,0,0,0,0,0,0,0,0,DUE
238862,1/8/2016,2016-2017,2016-2017,AIE,DUE,458301,16CCCE101318,16CCCE101318,Alumni,General,School of Computing Science & Engineering,B.Tech/B.Tech (Hons) Computer Science Engineering,School of Computing Science,B.Tech in CSE 2016-17 IV Sem VIII,,Exam Fee,10000,0,0,0,0,0,0,0,0,DUE
238863,1/8/2016,2016-2017,2016-2017,AIE,DUE,458301,16CCCE101318,16CCCE101318,Alumni,General,School of Computing Science & Engineering,B.Tech/B.Tech (Hons) Computer Science Engineering,School of Computing Science,B.Tech in CSE 2016-17 IV Sem VIII,,Library BookC Recieved,1899,0,0,0,0,0,0,0,0,DUE
238864,1/8/2016,2016-2017,2016-2017,AIE,DUE,458295,16CCCE101316,16CCCE101316,Alumni,General,School of Computing Science & Engineering,B.Tech/B.Tech (Hons) Computer Science Engineering,School of Computing Science,B.Tech in CSE 2016-17 IV Sem VIII,,TUITION FEE,149000,0,0,0,0,0,0,0,0,DUE
238865,1/8/2016,2016-2017,2016-2017,AIE,DUE,458295,16CCCE101316,16CCCE101316,Alumni,General,School of Computing Science & Engineering,B.Tech/B.Tech (Hons) Computer Science Engineering,School of Computing Science,B.Tech in CSE 2016-17 IV Sem VIII,,Exam Fee,10000,0,0,0,0,0,0,0,0,DUE
238866,1/8/2016,2016-2017,2016-2017,AIE,DUE,458295,16CCCE101316,16CCCE101316,Alumni,General,School of Computing Science & Engineering,B.Tech/B.Tech (Hons) Computer Science Engineering,School of Computing Science,B.Tech in CSE 2016-17 IV Sem VIII,,Library BookC Recieved,1400,0,0,0,0,0,0,0,0,DUE
238867,1/8/2016,2016-2017,2016-2017,AIE,DUE,458281,16CCCE101314,16CCCE101314,Alumni,General,School of Computing Science & Engineering,B.Tech/B.Tech (Hons) Computer Science Engineering,School of Computing Science,B.Tech in CSE 2016-17 IV Sem VIII,,TUITION FEE,149000,0,0,0,0,0,0,0,0,DUE
238868,1/8/2016,2016-2017,2016-2017,AIE,DUE,458281,16CCCE101314,16CCCE101314,Alumni,General,School of Computing Science & Engineering,B.Tech/B.Tech (Hons) Computer Science Engineering,School of Computing Science,B.Tech in CSE 2016-17 IV Sem VIII,,Exam Fee,10000,0,0,0,0,0,0,0,0,DUE
238869,1/8/2016,2016-2017,2016-2017,AIE,DUE,458281,16CCCE101314,16CCCE101314,Alumni,General,School of Computing Science & Engineering,B.Tech/B.Tech (Hons) Computer Science Engineering,School of Computing Science,B.Tech in CSE 2016-17 IV Sem VIII,,Library BookC Recieved,1899,0,0,0,0,0,0,0,0,DUE
238870,1/8/2016,2016-2017,2016-2017,AIE,DUE,457433,16CCCE101123,16CCCE101123,Alumni,General,School of Computing Science & Engineering,B.Tech/B.Tech (Hons) Computer Science Engineering,School of Computing Science,B.Tech in CSE 2016-17 IV Sem VIII,,TUITION FEE,149000,0,0,0,0,0,0,0,0,DUE
238871,1/8/2016,2016-2017,2016-2017,AIE,DUE,457433,16CCCE101123,16CCCE101123,Alumni,General,School of Computing Science & Engineering,B.Tech/B.Tech (Hons) Computer Science Engineering,School of Computing Science,B.Tech in CSE 2016-17 IV Sem VIII,,Exam Fee,10000,0,0,0,0,0,0,0,0,DUE
238872,1/8/2016,2016-2017,2016-2017,AIE,DUE,457433,16CCCE101123,16CCCE101123,Alumni,General,School of Computing Science & Engineering,B.Tech/B.Tech (Hons) Computer Science Engineering,School of Computing Science,B.Tech in CSE 2016-17 IV Sem VIII,,Library BookC Recieved,1899,0,0,0,0,0,0,0,0,DUE
238873,1/8/2016,2016-2017,2016-2017,AIE,DUE,458271,16CCCE101311,16CCCE101311,Alumni,General,School of Computing Science & Engineering,B.Tech/B.Tech (Hons) Computer Science Engineering,School of Computing Science,B.Tech in CSE 2016-17 IV Sem VIII,,TUITION FEE,149000,0,0,0,0,0,0,0,0,DUE
238874,1/8/2016,2016-2017,2016-2017,AIE,DUE,458271,16CCCE101311,16CCCE101311,Alumni,General,School of Computing Science & Engineering,B.Tech/B.Tech (Hons) Computer Science Engineering,School of Computing Science,B.Tech in CSE 2016-17 IV Sem VIII,,Exam Fee,10000,0,0,0,0,0,0,0,0,DUE
238875,1/8/2016,2016-2017,2016-2017,AIE,DUE,458271,16CCCE101311,16CCCE101311,Alumni,General,School of Computing Science & Engineering,B.Tech/B.Tech (Hons) Computer Science Engineering,School of Computing Science,B.Tech in CSE 2016-17 IV Sem VIII,,Library BookC Recieved,1400,0,0,0,0,0,0,0,0,DUE
238876,1/8/2016,2016-2017,2016-2017,AIE,DUE,456027,16CBAC202006,16CBAC202006,Alumni,General,School of Basic & Applied Sciences,M. Sc Physics,School of Basic,MSC Physics 2016-2017 II Sem IV,,TUITION FEE,46000,0,0,0,0,0,0,0,0,DUE
238877,1/8/2016,2016-2017,2016-2017,AIE,DUE,456027,16CBAC202006,16CBAC202006,Alumni,General,School of Basic & Applied Sciences,M. Sc Physics,School of Basic,MSC Physics 2016-2017 II Sem IV,,Exam Fee,10000,0,0,0,0,0,0,0,0,DUE
238878,1/8/2016,2016-2017,2016-2017,AIE,DUE,456027,16CBAC202006,16CBAC202006,Alumni,General,School of Basic & Applied Sciences,M. Sc Physics,School of Basic,MSC Physics 2016-2017 II Sem IV,,Library BookC Recieved,438,0,0,0,0,0,0,0,0,DUE
238879,1/8/2016,2016-2017,2016-2017,AIE,DUE,458275,16CCCE101312,16CCCE101312,Alumni,General,School of Computing Science & Engineering,B.Tech/B.Tech (Hons) Computer Science Engineering,School of Computing Science,B.Tech in CSE 2016-17 IV Sem VIII,,TUITION FEE,149000,0,0,0,0,0,0,0,0,DUE
238880,1/8/2016,2016-2017,2016-2017,AIE,DUE,458275,16CCCE101312,16CCCE101312,Alumni,General,School of Computing Science & Engineering,B.Tech/B.Tech (Hons) Computer Science Engineering,School of Computing Science,B.Tech in CSE 2016-17 IV Sem VIII,,Exam Fee,10000,0,0,0,0,0,0,0,0,DUE
238881,1/8/2016,2016-2017,2016-2017,AIE,DUE,458275,16CCCE101312,16CCCE101312,Alumni,General,School of Computing Science & Engineering,B.Tech/B.Tech (Hons) Computer Science Engineering,School of Computing Science,B.Tech in CSE 2016-17 IV Sem VIII,,Library BookC Recieved,1400,0,0,0,0,0,0,0,0,DUE
238882,1/8/2016,2016-2017,2016-2017,AIE,DUE,457447,16CCCE101125,16CCCE101125,Alumni,General,School of Computing Science & Engineering,B.Tech/B.Tech (Hons) Computer Science Engineering,School of Computing Science,B.Tech in CSE 2016-17 IV Sem VIII,,TUITION FEE,149000,0,0,0,0,0,0,0,0,DUE
238883,1/8/2016,2016-2017,2016-2017,AIE,DUE,457447,16CCCE101125,16CCCE101125,Alumni,General,School of Computing Science & Engineering,B.Tech/B.Tech (Hons) Computer Science Engineering,School of Computing Science,B.Tech in CSE 2016-17 IV Sem VIII,,Exam Fee,10000,0,0,0,0,0,0,0,0,DUE
238884,1/8/2016,2016-2017,2016-2017,AIE,DUE,457447,16CCCE101125,16CCCE101125,Alumni,General,School of Computing Science & Engineering,B.Tech/B.Tech (Hons) Computer Science Engineering,School of Computing Science,B.Tech in CSE 2016-17 IV Sem VIII,,Library BookC Recieved,1400,0,0,0,0,0,0,0,0,DUE
238885,1/8/2016,2016-2017,2016-2017,AIE,DUE,457440,16CCCE101124,16CCCE101124,Alumni,General,School of Computing Science & Engineering,B.Tech/B.Tech (Hons) Computer Science Engineering,School of Computing Science,B.Tech in CSE 2016-17 IV Sem VIII,,TUITION FEE,149000,0,0,0,0,0,0,0,0,DUE
238886,1/8/2016,2016-2017,2016-2017,AIE,DUE,457440,16CCCE101124,16CCCE101124,Alumni,General,School of Computing Science & Engineering,B.Tech/B.Tech (Hons) Computer Science Engineering,School of Computing Science,B.Tech in CSE 2016-17 IV Sem VIII,,Exam Fee,10000,0,0,0,0,0,0,0,0,DUE
238887,1/8/2016,2016-2017,2016-2017,AIE,DUE,457440,16CCCE101124,16CCCE101124,Alumni,General,School of Computing Science & Engineering,B.Tech/B.Tech (Hons) Computer Science Engineering,School of Computing Science,B.Tech in CSE 2016-17 IV Sem VIII,,Library BookC Recieved,1899,0,0,0,0,0,0,0,0,DUE
238888,1/8/2016,2016-2017,2016-2017,AIE,DUE,457470,16CCCE101131,16CCCE101131,Active,General,School of Computing Science & Engineering,B.Tech/B.Tech (Hons) Computer Science Engineering,School of Computing Science,B.Tech in CSE 2016-17 IV Sem VIII,,TUITION FEE,149000,0,0,0,0,0,0,0,0,DUE
238889,1/8/2016,2016-2017,2016-2017,AIE,DUE,457470,16CCCE101131,16CCCE101131,Active,General,School of Computing Science & Engineering,B.Tech/B.Tech (Hons) Computer Science Engineering,School of Computing Science,B.Tech in CSE 2016-17 IV Sem VIII,,Exam Fee,10000,0,0,0,0,0,0,0,0,DUE
238890,1/8/2016,2016-2017,2016-2017,AIE,DUE,457470,16CCCE101131,16CCCE101131,Active,General,School of Computing Science & Engineering,B.Tech/B.Tech (Hons) Computer Science Engineering,School of Computing Science,B.Tech in CSE 2016-17 IV Sem VIII,,Library BookC Recieved,1899,0,0,0,0,0,0,0,0,DUE
238891,1/8/2016,2016-2017,2016-2017,AIE,DUE,457481,16CCCE101132,16CCCE101132,Alumni,General,School of Computing Science & Engineering,B.Tech/B.Tech (Hons) Computer Science Engineering,School of Computing Science,B.Tech in CSE 2016-17 IV Sem VIII,,TUITION FEE,149000,0,0,0,0,0,0,0,0,DUE
238892,1/8/2016,2016-2017,2016-2017,AIE,DUE,457481,16CCCE101132,16CCCE101132,Alumni,General,School of Computing Science & Engineering,B.Tech/B.Tech (Hons) Computer Science Engineering,School of Computing Science,B.Tech in CSE 2016-17 IV Sem VIII,,Exam Fee,10000,0,0,0,0,0,0,0,0,DUE
238893,1/8/2016,2016-2017,2016-2017,AIE,DUE,457481,16CCCE101132,16CCCE101132,Alumni,General,School of Computing Science & Engineering,B.Tech/B.Tech (Hons) Computer Science Engineering,School of Computing Science,B.Tech in CSE 2016-17 IV Sem VIII,,Library BookC Recieved,1899,0,0,0,0,0,0,0,0,DUE
238894,1/8/2016,2016-2017,2016-2017,AIE,DUE,458158,16CCCE101283,16CCCE101283,Alumni,General,School of Computing Science & Engineering,B.Tech/B.Tech (Hons) Computer Science Engineering,School of Computing Science,B.Tech in CSE 2016-17 IV Sem VIII,,TUITION FEE,149000,0,0,0,0,0,0,0,0,DUE
238895,1/8/2016,2016-2017,2016-2017,AIE,DUE,458158,16CCCE101283,16CCCE101283,Alumni,General,School of Computing Science & Engineering,B.Tech/B.Tech (Hons) Computer Science Engineering,School of Computing Science,B.Tech in CSE 2016-17 IV Sem VIII,,Exam Fee,10000,0,0,0,0,0,0,0,0,DUE
238896,1/8/2016,2016-2017,2016-2017,AIE,DUE,458158,16CCCE101283,16CCCE101283,Alumni,General,School of Computing Science & Engineering,B.Tech/B.Tech (Hons) Computer Science Engineering,School of Computing Science,B.Tech in CSE 2016-17 IV Sem VIII,,Library BookC Recieved,1899,0,0,0,0,0,0,0,0,DUE
238897,1/8/2016,2016-2017,2016-2017,AIE,DUE,458153,16CCCE101281,16CCCE101281,Alumni,General,School of Computing Science & Engineering,B.Tech/B.Tech (Hons) Computer Science Engineering,School of Computing Science,B.Tech in CSE 2016-17 IV Sem VIII,,TUITION FEE,149000,0,0,0,0,0,0,0,0,DUE
238898,1/8/2016,2016-2017,2016-2017,AIE,DUE,458153,16CCCE101281,16CCCE101281,Alumni,General,School of Computing Science & Engineering,B.Tech/B.Tech (Hons) Computer Science Engineering,School of Computing Science,B.Tech in CSE 2016-17 IV Sem VIII,,Exam Fee,10000,0,0,0,0,0,0,0,0,DUE
238899,1/8/2016,2016-2017,2016-2017,AIE,DUE,458153,16CCCE101281,16CCCE101281,Alumni,General,School of Computing Science & Engineering,B.Tech/B.Tech (Hons) Computer Science Engineering,School of Computing Science,B.Tech in CSE 2016-17 IV Sem VIII,,Library BookC Recieved,1899,0,0,0,0,0,0,0,0,DUE
238900,1/8/2016,2016-2017,2016-2017,AIE,DUE,456035,16CBAC203002,16CBAC203002,Alumni,General,School of Basic & Applied Sciences,M. Sc Chemistry,School of Basic,M.Sc. Chemistry 2016-17 II Sem IV,,TUITION FEE,46000,0,0,0,0,0,0,0,0,DUE
238901,1/8/2016,2016-2017,2016-2017,AIE,DUE,456035,16CBAC203002,16CBAC203002,Alumni,General,School of Basic & Applied Sciences,M. Sc Chemistry,School of Basic,M.Sc. Chemistry 2016-17 II Sem IV,,Exam Fee,10000,0,0,0,0,0,0,0,0,DUE
238902,1/8/2016,2016-2017,2016-2017,AIE,DUE,456035,16CBAC203002,16CBAC203002,Alumni,General,School of Basic & Applied Sciences,M. Sc Chemistry,School of Basic,M.Sc. Chemistry 2016-17 II Sem IV,,Library BookC Recieved,403,0,0,0,0,0,0,0,0,DUE
238903,1/8/2016,2016-2017,2016-2017,AIE,DUE,501079,16CCME101029,16CCME101029,Alumni,General,School of Mechanical Engineering,B.Tech/B.Tech (Hons) Mechanical Engineering,School of Mechanical Engineering,ME 2016-2017 IV Sem VIII,,TUITION FEE,149000,0,0,0,0,0,0,0,0,DUE
238904,1/8/2016,2016-2017,2016-2017,AIE,DUE,501079,16CCME101029,16CCME101029,Alumni,General,School of Mechanical Engineering,B.Tech/B.Tech (Hons) Mechanical Engineering,School of Mechanical Engineering,ME 2016-2017 IV Sem VIII,,Exam Fee,10000,0,0,0,0,0,0,0,0,DUE
238905,1/8/2016,2016-2017,2016-2017,AIE,DUE,501079,16CCME101029,16CCME101029,Alumni,General,School of Mechanical Engineering,B.Tech/B.Tech (Hons) Mechanical Engineering,School of Mechanical Engineering,ME 2016-2017 IV Sem VIII,,Library BookC Recieved,1899,0,0,0,0,0,0,0,0,DUE
238906,1/8/2016,2016-2017,2016-2017,AIE,DUE,457496,16CCCE101134,16CCCE101134,Alumni,General,School of Computing Science & Engineering,B.Tech (Hons) Computer Science & Engineering with specialisation in Computer Network & Cyber Security,School of Computing Science,B.Tech in CSCN 2016-17 IV Sem VIII,,TUITION FEE,149000,0,0,0,0,0,0,0,0,DUE
238907,1/8/2016,2016-2017,2016-2017,AIE,DUE,457496,16CCCE101134,16CCCE101134,Alumni,General,School of Computing Science & Engineering,B.Tech (Hons) Computer Science & Engineering with specialisation in Computer Network & Cyber Security,School of Computing Science,B.Tech in CSCN 2016-17 IV Sem VIII,,Exam Fee,10000,0,0,0,0,0,0,0,0,DUE
238908,1/8/2016,2016-2017,2016-2017,AIE,DUE,457496,16CCCE101134,16CCCE101134,Alumni,General,School of Computing Science & Engineering,B.Tech (Hons) Computer Science & Engineering with specialisation in Computer Network & Cyber Security,School of Computing Science,B.Tech in CSCN 2016-17 IV Sem VIII,,Library BookC Recieved,1400,0,0,0,0,0,0,0,0,DUE
238909,1/8/2016,2016-2017,2016-2017,AIE,DUE,457502,16CCCE101135,16CCCE101135,Alumni,General,School of Computing Science & Engineering,B.Tech/B.Tech (Hons) Computer Science Engineering,School of Computing Science,B.Tech in CSE 2016-17 IV Sem VIII,,TUITION FEE,149000,0,0,0,0,0,0,0,0,DUE
238910,1/8/2016,2016-2017,2016-2017,AIE,DUE,457502,16CCCE101135,16CCCE101135,Alumni,General,School of Computing Science & Engineering,B.Tech/B.Tech (Hons) Computer Science Engineering,School of Computing Science,B.Tech in CSE 2016-17 IV Sem VIII,,Exam Fee,10000,0,0,0,0,0,0,0,0,DUE
238911,1/8/2016,2016-2017,2016-2017,AIE,DUE,457502,16CCCE101135,16CCCE101135,Alumni,General,School of Computing Science & Engineering,B.Tech/B.Tech (Hons) Computer Science Engineering,School of Computing Science,B.Tech in CSE 2016-17 IV Sem VIII,,Library BookC Recieved,1899,0,0,0,0,0,0,0,0,DUE
238912,1/8/2016,2016-2017,2016-2017,AIE,DUE,458145,16CCCE101280,16CCCE101280,Alumni,General,School of Computing Science & Engineering,B.Tech/B.Tech (Hons) Computer Science Engineering,School of Computing Science,B.Tech in CSE 2016-17 IV Sem VIII,,TUITION FEE,149000,0,0,0,0,0,0,0,0,DUE
238913,1/8/2016,2016-2017,2016-2017,AIE,DUE,458145,16CCCE101280,16CCCE101280,Alumni,General,School of Computing Science & Engineering,B.Tech/B.Tech (Hons) Computer Science Engineering,School of Computing Science,B.Tech in CSE 2016-17 IV Sem VIII,,Exam Fee,10000,0,0,0,0,0,0,0,0,DUE
238914,1/8/2016,2016-2017,2016-2017,AIE,DUE,458145,16CCCE101280,16CCCE101280,Alumni,General,School of Computing Science & Engineering,B.Tech/B.Tech (Hons) Computer Science Engineering,School of Computing Science,B.Tech in CSE 2016-17 IV Sem VIII,,Library BookC Recieved,1899,0,0,0,0,0,0,0,0,DUE
238915,1/8/2016,2016-2017,2016-2017,AIE,DUE,458138,16CCCE101279,16CCCE101279,Alumni,General,School of Computing Science & Engineering,B.Tech/B.Tech (Hons) Computer Science Engineering,School of Computing Science,B.Tech in CSE 2016-17 IV Sem VIII,,TUITION FEE,149000,0,0,0,0,0,0,0,0,DUE
238916,1/8/2016,2016-2017,2016-2017,AIE,DUE,458138,16CCCE101279,16CCCE101279,Alumni,General,School of Computing Science & Engineering,B.Tech/B.Tech (Hons) Computer Science Engineering,School of Computing Science,B.Tech in CSE 2016-17 IV Sem VIII,,Exam Fee,10000,0,0,0,0,0,0,0,0,DUE
238917,1/8/2016,2016-2017,2016-2017,AIE,DUE,458138,16CCCE101279,16CCCE101279,Alumni,General,School of Computing Science & Engineering,B.Tech/B.Tech (Hons) Computer Science Engineering,School of Computing Science,B.Tech in CSE 2016-17 IV Sem VIII,,Fine Fee,1600,0,0,0,0,0,0,0,0,DUE
238918,1/8/2016,2016-2017,2016-2017,AIE,DUE,458138,16CCCE101279,16CCCE101279,Alumni,General,School of Computing Science & Engineering,B.Tech/B.Tech (Hons) Computer Science Engineering,School of Computing Science,B.Tech in CSE 2016-17 IV Sem VIII,,Library BookC Recieved,1400,0,0,0,0,0,0,0,0,DUE
238919,1/8/2016,2016-2017,2016-2017,AIE,DUE,458126,16CCCE101275,16CCCE101275,Alumni,General,School of Computing Science & Engineering,B.Tech/B.Tech (Hons) Computer Science Engineering,School of Computing Science,B.Tech in CSE 2016-17 IV Sem VIII,,TUITION FEE,149000,0,0,0,0,0,0,0,0,DUE
238920,1/8/2016,2016-2017,2016-2017,AIE,DUE,458126,16CCCE101275,16CCCE101275,Alumni,General,School of Computing Science & Engineering,B.Tech/B.Tech (Hons) Computer Science Engineering,School of Computing Science,B.Tech in CSE 2016-17 IV Sem VIII,,Exam Fee,10000,0,0,0,0,0,0,0,0,DUE
238921,1/8/2016,2016-2017,2016-2017,AIE,DUE,458126,16CCCE101275,16CCCE101275,Alumni,General,School of Computing Science & Engineering,B.Tech/B.Tech (Hons) Computer Science Engineering,School of Computing Science,B.Tech in CSE 2016-17 IV Sem VIII,,Library BookC Recieved,1899,0,0,0,0,0,0,0,0,DUE
238922,1/8/2016,2016-2017,2016-2017,AIE,DUE,458117,16CCCE101274,16CCCE101274,Alumni,General,School of Computing Science & Engineering,B.Tech/B.Tech (Hons) Computer Science Engineering,School of Computing Science,B.Tech in CSE 2016-17 IV Sem VIII,,TUITION FEE,149000,0,0,0,0,0,0,0,0,DUE
238923,1/8/2016,2016-2017,2016-2017,AIE,DUE,458117,16CCCE101274,16CCCE101274,Alumni,General,School of Computing Science & Engineering,B.Tech/B.Tech (Hons) Computer Science Engineering,School of Computing Science,B.Tech in CSE 2016-17 IV Sem VIII,,Exam Fee,10000,0,0,0,0,0,0,0,0,DUE
238924,1/8/2016,2016-2017,2016-2017,AIE,DUE,458117,16CCCE101274,16CCCE101274,Alumni,General,School of Computing Science & Engineering,B.Tech/B.Tech (Hons) Computer Science Engineering,School of Computing Science,B.Tech in CSE 2016-17 IV Sem VIII,,Library BookC Recieved,1400,0,0,0,0,0,0,0,0,DUE
238925,1/8/2016,2016-2017,2016-2017,AIE,DUE,457522,16CCCE101137,16CCCE101137,Alumni,General,School of Computing Science & Engineering,B.Tech/B.Tech (Hons) Computer Science Engineering,School of Computing Science,B.Tech in CSE 2016-17 IV Sem VIII,,TUITION FEE,149000,0,0,0,0,0,0,0,0,DUE
238926,1/8/2016,2016-2017,2016-2017,AIE,DUE,457522,16CCCE101137,16CCCE101137,Alumni,General,School of Computing Science & Engineering,B.Tech/B.Tech (Hons) Computer Science Engineering,School of Computing Science,B.Tech in CSE 2016-17 IV Sem VIII,,Exam Fee,10000,0,0,0,0,0,0,0,0,DUE
238927,1/8/2016,2016-2017,2016-2017,AIE,DUE,457522,16CCCE101137,16CCCE101137,Alumni,General,School of Computing Science & Engineering,B.Tech/B.Tech (Hons) Computer Science Engineering,School of Computing Science,B.Tech in CSE 2016-17 IV Sem VIII,,Library BookC Recieved,1899,0,0,0,0,0,0,0,0,DUE
238928,1/8/2016,2016-2017,2016-2017,AIE,DUE,457513,16CCCE101136,16CCCE101136,Alumni,General,School of Computing Science & Engineering,B.Tech/B.Tech (Hons) Computer Science Engineering,School of Computing Science,B.Tech in CSE 2016-17 IV Sem VIII,,TUITION FEE,149000,0,0,0,0,0,0,0,0,DUE
238929,1/8/2016,2016-2017,2016-2017,AIE,DUE,457513,16CCCE101136,16CCCE101136,Alumni,General,School of Computing Science & Engineering,B.Tech/B.Tech (Hons) Computer Science Engineering,School of Computing Science,B.Tech in CSE 2016-17 IV Sem VIII,,Exam Fee,10000,0,0,0,0,0,0,0,0,DUE
238930,1/8/2016,2016-2017,2016-2017,AIE,DUE,457513,16CCCE101136,16CCCE101136,Alumni,General,School of Computing Science & Engineering,B.Tech/B.Tech (Hons) Computer Science Engineering,School of Computing Science,B.Tech in CSE 2016-17 IV Sem VIII,,Library BookC Recieved,1400,0,0,0,0,0,0,0,0,DUE
238931,1/8/2016,2016-2017,2016-2017,AIE,DUE,457513,16CCCE101136,16CCCE101136,Alumni,General,School of Computing Science & Engineering,B.Tech/B.Tech (Hons) Computer Science Engineering,School of Computing Science,B.Tech in CSE 2016-17 IV Sem VIII,,Sport Activity Received,1400,0,0,0,0,0,0,0,0,DUE
238932,1/8/2016,2016-2017,2016-2017,AIE,DUE,458131,16CCCE101278,16CCCE101278,Alumni,General,School of Computing Science & Engineering,B.Tech/B.Tech (Hons) Computer Science Engineering,School of Computing Science,B.Tech in CSE 2016-17 IV Sem VIII,,TUITION FEE,149000,0,0,0,0,0,0,0,0,DUE
238933,1/8/2016,2016-2017,2016-2017,AIE,DUE,458131,16CCCE101278,16CCCE101278,Alumni,General,School of Computing Science & Engineering,B.Tech/B.Tech (Hons) Computer Science Engineering,School of Computing Science,B.Tech in CSE 2016-17 IV Sem VIII,,Exam Fee,10000,0,0,0,0,0,0,0,0,DUE
238934,1/8/2016,2016-2017,2016-2017,AIE,DUE,458131,16CCCE101278,16CCCE101278,Alumni,General,School of Computing Science & Engineering,B.Tech/B.Tech (Hons) Computer Science Engineering,School of Computing Science,B.Tech in CSE 2016-17 IV Sem VIII,,Library BookC Recieved,1899,0,0,0,0,0,0,0,0,DUE
238935,1/8/2016,2016-2017,2016-2017,AIE,DUE,458164,16CCCE101284,16CCCE101284,Alumni,General,School of Computing Science & Engineering,B.Tech/B.Tech (Hons) Computer Science Engineering,School of Computing Science,B.Tech in CSE 2016-17 IV Sem VIII,,TUITION FEE,149000,0,0,0,0,0,0,0,0,DUE
238936,1/8/2016,2016-2017,2016-2017,AIE,DUE,458164,16CCCE101284,16CCCE101284,Alumni,General,School of Computing Science & Engineering,B.Tech/B.Tech (Hons) Computer Science Engineering,School of Computing Science,B.Tech in CSE 2016-17 IV Sem VIII,,Exam Fee,10000,0,0,0,0,0,0,0,0,DUE
238937,1/8/2016,2016-2017,2016-2017,AIE,DUE,458164,16CCCE101284,16CCCE101284,Alumni,General,School of Computing Science & Engineering,B.Tech/B.Tech (Hons) Computer Science Engineering,School of Computing Science,B.Tech in CSE 2016-17 IV Sem VIII,,Library BookC Recieved,1899,0,0,0,0,0,0,0,0,DUE
238938,1/8/2016,2016-2017,2016-2017,AIE,DUE,458164,16CCCE101284,16CCCE101284,Alumni,General,School of Computing Science & Engineering,B.Tech/B.Tech (Hons) Computer Science Engineering,School of Computing Science,B.Tech in CSE 2016-17 IV Sem VIII,,Sport Activity Received,1400,0,0,0,0,0,0,0,0,DUE
238939,1/8/2016,2016-2017,2016-2017,AIE,DUE,458171,16CCCE101287,16CCCE101287,Alumni,General,School of Computing Science & Engineering,B.Tech/B.Tech (Hons) Computer Science Engineering,School of Computing Science,B.Tech in CSE 2016-17 IV Sem VIII,,TUITION FEE,149000,0,0,0,0,0,0,0,0,DUE
238940,1/8/2016,2016-2017,2016-2017,AIE,DUE,458171,16CCCE101287,16CCCE101287,Alumni,General,School of Computing Science & Engineering,B.Tech/B.Tech (Hons) Computer Science Engineering,School of Computing Science,B.Tech in CSE 2016-17 IV Sem VIII,,Exam Fee,10000,0,0,0,0,0,0,0,0,DUE
238941,1/8/2016,2016-2017,2016-2017,AIE,DUE,458171,16CCCE101287,16CCCE101287,Alumni,General,School of Computing Science & Engineering,B.Tech/B.Tech (Hons) Computer Science Engineering,School of Computing Science,B.Tech in CSE 2016-17 IV Sem VIII,,Library BookC Recieved,1899,0,0,0,0,0,0,0,0,DUE
238942,1/8/2016,2016-2017,2016-2017,AIE,DUE,458204,16CCCE101295,16CCCE101295,Alumni,General,School of Computing Science & Engineering,B.Tech/B.Tech (Hons) Computer Science Engineering,School of Computing Science,B.Tech in CSE 2016-17 IV Sem VIII,,TUITION FEE,149000,0,0,0,0,0,0,0,0,DUE
238943,1/8/2016,2016-2017,2016-2017,AIE,DUE,458204,16CCCE101295,16CCCE101295,Alumni,General,School of Computing Science & Engineering,B.Tech/B.Tech (Hons) Computer Science Engineering,School of Computing Science,B.Tech in CSE 2016-17 IV Sem VIII,,Exam Fee,10000,0,0,0,0,0,0,0,0,DUE
238944,1/8/2016,2016-2017,2016-2017,AIE,DUE,458204,16CCCE101295,16CCCE101295,Alumni,General,School of Computing Science & Engineering,B.Tech/B.Tech (Hons) Computer Science Engineering,School of Computing Science,B.Tech in CSE 2016-17 IV Sem VIII,,Library BookC Recieved,1899,0,0,0,0,0,0,0,0,DUE
238945,1/8/2016,2016-2017,2016-2017,AIE,DUE,456232,16CCME101038,16CCME101038,Alumni,General,School of Mechanical Engineering,B.Tech/B.Tech (Hons) Mechanical Engineering,School of Mechanical Engineering,ME 2016-2017 IV Sem VIII,,TUITION FEE,149000,0,0,0,0,0,0,0,0,DUE
238946,1/8/2016,2016-2017,2016-2017,AIE,DUE,456232,16CCME101038,16CCME101038,Alumni,General,School of Mechanical Engineering,B.Tech/B.Tech (Hons) Mechanical Engineering,School of Mechanical Engineering,ME 2016-2017 IV Sem VIII,,Exam Fee,10000,0,0,0,0,0,0,0,0,DUE
238947,1/8/2016,2016-2017,2016-2017,AIE,DUE,456232,16CCME101038,16CCME101038,Alumni,General,School of Mechanical Engineering,B.Tech/B.Tech (Hons) Mechanical Engineering,School of Mechanical Engineering,ME 2016-2017 IV Sem VIII,,Library BookC Recieved,1899,0,0,0,0,0,0,0,0,DUE
238948,1/8/2016,2016-2017,2016-2017,AIE,DUE,458209,16CCCE101297,16CCCE101297,Alumni,General,School of Computing Science & Engineering,B.Tech/B.Tech (Hons) Computer Science Engineering,School of Computing Science,B.Tech in CSE 2016-17 IV Sem VIII,,TUITION FEE,149000,0,0,0,0,0,0,0,0,DUE
238949,1/8/2016,2016-2017,2016-2017,AIE,DUE,458209,16CCCE101297,16CCCE101297,Alumni,General,School of Computing Science & Engineering,B.Tech/B.Tech (Hons) Computer Science Engineering,School of Computing Science,B.Tech in CSE 2016-17 IV Sem VIII,,Exam Fee,10000,0,0,0,0,0,0,0,0,DUE
238950,1/8/2016,2016-2017,2016-2017,AIE,DUE,458209,16CCCE101297,16CCCE101297,Alumni,General,School of Computing Science & Engineering,B.Tech/B.Tech (Hons) Computer Science Engineering,School of Computing Science,B.Tech in CSE 2016-17 IV Sem VIII,,Library BookC Recieved,1400,0,0,0,0,0,0,0,0,DUE
238951,1/8/2016,2016-2017,2016-2017,AIE,DUE,458213,16CCCE101298,16CCCE101298,Alumni,General,School of Computing Science & Engineering,B.Tech/B.Tech (Hons) Computer Science Engineering,School of Computing Science,B.Tech in CSE 2016-17 IV Sem VIII,,TUITION FEE,149000,0,0,0,0,0,0,0,0,DUE
238952,1/8/2016,2016-2017,2016-2017,AIE,DUE,458213,16CCCE101298,16CCCE101298,Alumni,General,School of Computing Science & Engineering,B.Tech/B.Tech (Hons) Computer Science Engineering,School of Computing Science,B.Tech in CSE 2016-17 IV Sem VIII,,Exam Fee,10000,0,0,0,0,0,0,0,0,DUE
238953,1/8/2016,2016-2017,2016-2017,AIE,DUE,458213,16CCCE101298,16CCCE101298,Alumni,General,School of Computing Science & Engineering,B.Tech/B.Tech (Hons) Computer Science Engineering,School of Computing Science,B.Tech in CSE 2016-17 IV Sem VIII,,Library BookC Recieved,1899,0,0,0,0,0,0,0,0,DUE
238954,1/8/2016,2016-2017,2016-2017,AIE,DUE,501070,16CCME101023,16CCME101023,Alumni,General,School of Mechanical Engineering,B.Tech/B.Tech (Hons) Mechanical Engineering,School of Mechanical Engineering,ME 2016-2017 IV Sem VIII,,TUITION FEE,149000,0,0,0,0,0,0,0,0,DUE
238955,1/8/2016,2016-2017,2016-2017,AIE,DUE,501070,16CCME101023,16CCME101023,Alumni,General,School of Mechanical Engineering,B.Tech/B.Tech (Hons) Mechanical Engineering,School of Mechanical Engineering,ME 2016-2017 IV Sem VIII,,Exam Fee,10000,0,0,0,0,0,0,0,0,DUE
238956,1/8/2016,2016-2017,2016-2017,AIE,DUE,501070,16CCME101023,16CCME101023,Alumni,General,School of Mechanical Engineering,B.Tech/B.Tech (Hons) Mechanical Engineering,School of Mechanical Engineering,ME 2016-2017 IV Sem VIII,,Library BookC Recieved,1899,0,0,0,0,0,0,0,0,DUE
238957,1/8/2016,2016-2017,2016-2017,AIE,DUE,501070,16CCME101023,16CCME101023,Alumni,General,School of Mechanical Engineering,B.Tech/B.Tech (Hons) Mechanical Engineering,School of Mechanical Engineering,ME 2016-2017 IV Sem VIII,,Sport Activity Received,500,0,0,0,0,0,0,0,0,DUE
238958,1/8/2016,2016-2017,2016-2017,AIE,DUE,501176,16CCME101050,16CCME101050,Alumni,General,School of Mechanical Engineering,B.Tech/B.Tech (Hons) Mechanical Engineering,School of Mechanical Engineering,ME 2016-2017 IV Sem VIII,,TUITION FEE,149000,0,0,0,0,0,0,0,0,DUE
238959,1/8/2016,2016-2017,2016-2017,AIE,DUE,501176,16CCME101050,16CCME101050,Alumni,General,School of Mechanical Engineering,B.Tech/B.Tech (Hons) Mechanical Engineering,School of Mechanical Engineering,ME 2016-2017 IV Sem VIII,,Exam Fee,10000,0,0,0,0,0,0,0,0,DUE
238960,1/8/2016,2016-2017,2016-2017,AIE,DUE,501176,16CCME101050,16CCME101050,Alumni,General,School of Mechanical Engineering,B.Tech/B.Tech (Hons) Mechanical Engineering,School of Mechanical Engineering,ME 2016-2017 IV Sem VIII,,Library BookC Recieved,1400,0,0,0,0,0,0,0,0,DUE
238961,1/8/2016,2016-2017,2016-2017,AIE,DUE,501176,16CCME101050,16CCME101050,Alumni,General,School of Mechanical Engineering,B.Tech/B.Tech (Hons) Mechanical Engineering,School of Mechanical Engineering,ME 2016-2017 IV Sem VIII,,Sport Activity Received,700,0,0,0,0,0,0,0,0,DUE
238962,1/8/2016,2016-2017,2016-2017,AIE,DUE,458198,16CCCE101293,16CCCE101293,Alumni,General,School of Computing Science & Engineering,B.Tech/B.Tech (Hons) Computer Science Engineering,School of Computing Science,B.Tech in CSE 2016-17 IV Sem VIII,,TUITION FEE,149000,0,0,0,0,0,0,0,0,DUE
238963,1/8/2016,2016-2017,2016-2017,AIE,DUE,458198,16CCCE101293,16CCCE101293,Alumni,General,School of Computing Science & Engineering,B.Tech/B.Tech (Hons) Computer Science Engineering,School of Computing Science,B.Tech in CSE 2016-17 IV Sem VIII,,Exam Fee,10000,0,0,0,0,0,0,0,0,DUE
238964,1/8/2016,2016-2017,2016-2017,AIE,DUE,458198,16CCCE101293,16CCCE101293,Alumni,General,School of Computing Science & Engineering,B.Tech/B.Tech (Hons) Computer Science Engineering,School of Computing Science,B.Tech in CSE 2016-17 IV Sem VIII,,Library BookC Recieved,1899,0,0,0,0,0,0,0,0,DUE
238965,1/8/2016,2016-2017,2016-2017,AIE,DUE,458193,16CCCE101292,16CCCE101292,Alumni,General,School of Computing Science & Engineering,B.Tech/B.Tech (Hons) Computer Science Engineering,School of Computing Science,B.Tech in CSE 2016-17 IV Sem VIII,,TUITION FEE,149000,0,0,0,0,0,0,0,0,DUE
238966,1/8/2016,2016-2017,2016-2017,AIE,DUE,458193,16CCCE101292,16CCCE101292,Alumni,General,School of Computing Science & Engineering,B.Tech/B.Tech (Hons) Computer Science Engineering,School of Computing Science,B.Tech in CSE 2016-17 IV Sem VIII,,Exam Fee,10000,0,0,0,0,0,0,0,0,DUE
238967,1/8/2016,2016-2017,2016-2017,AIE,DUE,458193,16CCCE101292,16CCCE101292,Alumni,General,School of Computing Science & Engineering,B.Tech/B.Tech (Hons) Computer Science Engineering,School of Computing Science,B.Tech in CSE 2016-17 IV Sem VIII,,Library BookC Recieved,1899,0,0,0,0,0,0,0,0,DUE
238968,1/8/2016,2016-2017,2016-2017,AIE,DUE,456031,16CBAC203001,16CBAC203001,Alumni,General,School of Basic & Applied Sciences,M. Sc Chemistry,School of Basic,M.Sc. Chemistry 2016-17 II Sem IV,,TUITION FEE,46000,0,0,0,0,0,0,0,0,DUE
238969,1/8/2016,2016-2017,2016-2017,AIE,DUE,456031,16CBAC203001,16CBAC203001,Alumni,General,School of Basic & Applied Sciences,M. Sc Chemistry,School of Basic,M.Sc. Chemistry 2016-17 II Sem IV,,Exam Fee,10000,0,0,0,0,0,0,0,0,DUE
238970,1/8/2016,2016-2017,2016-2017,AIE,DUE,456031,16CBAC203001,16CBAC203001,Alumni,General,School of Basic & Applied Sciences,M. Sc Chemistry,School of Basic,M.Sc. Chemistry 2016-17 II Sem IV,,Library BookC Recieved,403,0,0,0,0,0,0,0,0,DUE
238971,1/8/2016,2016-2017,2016-2017,AIE,DUE,456222,16CCME101034,16CCME101034,Alumni,General,School of Mechanical Engineering,B.Tech/B.Tech (Hons) Mechanical Engineering,School of Mechanical Engineering,ME 2016-2017 IV Sem VIII,,TUITION FEE,149000,0,0,0,0,0,0,0,0,DUE
238972,1/8/2016,2016-2017,2016-2017,AIE,DUE,456222,16CCME101034,16CCME101034,Alumni,General,School of Mechanical Engineering,B.Tech/B.Tech (Hons) Mechanical Engineering,School of Mechanical Engineering,ME 2016-2017 IV Sem VIII,,Exam Fee,10000,0,0,0,0,0,0,0,0,DUE
238973,1/8/2016,2016-2017,2016-2017,AIE,DUE,456222,16CCME101034,16CCME101034,Alumni,General,School of Mechanical Engineering,B.Tech/B.Tech (Hons) Mechanical Engineering,School of Mechanical Engineering,ME 2016-2017 IV Sem VIII,,Fine Fee,2600,0,0,0,0,0,0,0,0,DUE
238974,1/8/2016,2016-2017,2016-2017,AIE,DUE,456222,16CCME101034,16CCME101034,Alumni,General,School of Mechanical Engineering,B.Tech/B.Tech (Hons) Mechanical Engineering,School of Mechanical Engineering,ME 2016-2017 IV Sem VIII,,Library BookC Recieved,1400,0,0,0,0,0,0,0,0,DUE
238975,1/8/2016,2016-2017,2016-2017,AIE,DUE,458176,16CCCE101288,16CCCE101288,Alumni,General,School of Computing Science & Engineering,B.Tech/B.Tech (Hons) Computer Science Engineering,School of Computing Science,B.Tech in CSE 2016-17 IV Sem VIII,,TUITION FEE,149000,0,0,0,0,0,0,0,0,DUE
238976,1/8/2016,2016-2017,2016-2017,AIE,DUE,458176,16CCCE101288,16CCCE101288,Alumni,General,School of Computing Science & Engineering,B.Tech/B.Tech (Hons) Computer Science Engineering,School of Computing Science,B.Tech in CSE 2016-17 IV Sem VIII,,Exam Fee,10000,0,0,0,0,0,0,0,0,DUE
238977,1/8/2016,2016-2017,2016-2017,AIE,DUE,458176,16CCCE101288,16CCCE101288,Alumni,General,School of Computing Science & Engineering,B.Tech/B.Tech (Hons) Computer Science Engineering,School of Computing Science,B.Tech in CSE 2016-17 IV Sem VIII,,Library BookC Recieved,1899,0,0,0,0,0,0,0,0,DUE
238978,1/8/2016,2016-2017,2016-2017,AIE,DUE,457488,16CCCE101133,16CCCE101133,Alumni,General,School of Computing Science & Engineering,B.Tech/B.Tech (Hons) Computer Science Engineering,School of Computing Science,B.Tech in CSE 2016-17 IV Sem VIII,,TUITION FEE,149000,0,0,0,0,0,0,0,0,DUE
238979,1/8/2016,2016-2017,2016-2017,AIE,DUE,457488,16CCCE101133,16CCCE101133,Alumni,General,School of Computing Science & Engineering,B.Tech/B.Tech (Hons) Computer Science Engineering,School of Computing Science,B.Tech in CSE 2016-17 IV Sem VIII,,Exam Fee,10000,0,0,0,0,0,0,0,0,DUE
238980,1/8/2016,2016-2017,2016-2017,AIE,DUE,457488,16CCCE101133,16CCCE101133,Alumni,General,School of Computing Science & Engineering,B.Tech/B.Tech (Hons) Computer Science Engineering,School of Computing Science,B.Tech in CSE 2016-17 IV Sem VIII,,Library BookC Recieved,1899,0,0,0,0,0,0,0,0,DUE
238981,1/8/2016,2016-2017,2016-2017,AIE,DUE,458185,16CCCE101291,16CCCE101291,Alumni,General,School of Computing Science & Engineering,B.Tech/B.Tech (Hons) Computer Science Engineering,School of Computing Science,B.Tech in CSE 2016-17 IV Sem VIII,,TUITION FEE,149000,0,0,0,0,0,0,0,0,DUE
238982,1/8/2016,2016-2017,2016-2017,AIE,DUE,458185,16CCCE101291,16CCCE101291,Alumni,General,School of Computing Science & Engineering,B.Tech/B.Tech (Hons) Computer Science Engineering,School of Computing Science,B.Tech in CSE 2016-17 IV Sem VIII,,Exam Fee,10000,0,0,0,0,0,0,0,0,DUE
238983,1/8/2016,2016-2017,2016-2017,AIE,DUE,458185,16CCCE101291,16CCCE101291,Alumni,General,School of Computing Science & Engineering,B.Tech/B.Tech (Hons) Computer Science Engineering,School of Computing Science,B.Tech in CSE 2016-17 IV Sem VIII,,Library BookC Recieved,1899,0,0,0,0,0,0,0,0,DUE
238984,1/8/2016,2016-2017,2016-2017,AIE,DUE,458310,16CCCE101320,16CCCE101320,Alumni,General,School of Computing Science & Engineering,B.Tech/B.Tech (Hons) Computer Science Engineering,School of Computing Science,B.Tech in CSE 2016-17 IV Sem VIII,,TUITION FEE,149000,0,0,0,0,0,0,0,0,DUE
238985,1/8/2016,2016-2017,2016-2017,AIE,DUE,458310,16CCCE101320,16CCCE101320,Alumni,General,School of Computing Science & Engineering,B.Tech/B.Tech (Hons) Computer Science Engineering,School of Computing Science,B.Tech in CSE 2016-17 IV Sem VIII,,Exam Fee,10000,0,0,0,0,0,0,0,0,DUE
238986,1/8/2016,2016-2017,2016-2017,AIE,DUE,458310,16CCCE101320,16CCCE101320,Alumni,General,School of Computing Science & Engineering,B.Tech/B.Tech (Hons) Computer Science Engineering,School of Computing Science,B.Tech in CSE 2016-17 IV Sem VIII,,Library BookC Recieved,1400,0,0,0,0,0,0,0,0,DUE
238987,1/8/2016,2016-2017,2016-2017,AIE,DUE,458320,16CCCE101321,16CCCE101321,Alumni,General,School of Computing Science & Engineering,B.Tech/B.Tech (Hons) Computer Science Engineering,School of Computing Science,B.Tech in CSE 2016-17 IV Sem VIII,,TUITION FEE,149000,0,0,0,0,0,0,0,0,DUE
238988,1/8/2016,2016-2017,2016-2017,AIE,DUE,458320,16CCCE101321,16CCCE101321,Alumni,General,School of Computing Science & Engineering,B.Tech/B.Tech (Hons) Computer Science Engineering,School of Computing Science,B.Tech in CSE 2016-17 IV Sem VIII,,Exam Fee,10000,0,0,0,0,0,0,0,0,DUE
238989,1/8/2016,2016-2017,2016-2017,AIE,DUE,458320,16CCCE101321,16CCCE101321,Alumni,General,School of Computing Science & Engineering,B.Tech/B.Tech (Hons) Computer Science Engineering,School of Computing Science,B.Tech in CSE 2016-17 IV Sem VIII,,Library BookC Recieved,1899,0,0,0,0,0,0,0,0,DUE
238990,1/8/2016,2016-2017,2016-2017,AIE,DUE,458477,16CCCE101350,16CCCE101350,Alumni,General,School of Computing Science & Engineering,B.Tech/B.Tech (Hons) Computer Science Engineering,School of Computing Science,B.Tech in CSE 2016-17 IV Sem VIII,,TUITION FEE,149000,0,0,0,0,0,0,0,0,DUE
238991,1/8/2016,2016-2017,2016-2017,AIE,DUE,458477,16CCCE101350,16CCCE101350,Alumni,General,School of Computing Science & Engineering,B.Tech/B.Tech (Hons) Computer Science Engineering,School of Computing Science,B.Tech in CSE 2016-17 IV Sem VIII,,Exam Fee,10000,0,0,0,0,0,0,0,0,DUE
238992,1/8/2016,2016-2017,2016-2017,AIE,DUE,458477,16CCCE101350,16CCCE101350,Alumni,General,School of Computing Science & Engineering,B.Tech/B.Tech (Hons) Computer Science Engineering,School of Computing Science,B.Tech in CSE 2016-17 IV Sem VIII,,Library BookC Recieved,1899,0,0,0,0,0,0,0,0,DUE
238993,1/8/2016,2016-2017,2016-2017,AIE,DUE,457342,16CCCE101110,16CCCE101110,Alumni,General,School of Computing Science & Engineering,B.Tech/B.Tech (Hons) Computer Science Engineering,School of Computing Science,B.Tech in CSE 2016-17 IV Sem VIII,,TUITION FEE,149000,0,0,0,0,0,0,0,0,DUE
238994,1/8/2016,2016-2017,2016-2017,AIE,DUE,457342,16CCCE101110,16CCCE101110,Alumni,General,School of Computing Science & Engineering,B.Tech/B.Tech (Hons) Computer Science Engineering,School of Computing Science,B.Tech in CSE 2016-17 IV Sem VIII,,Exam Fee,10000,0,0,0,0,0,0,0,0,DUE
238995,1/8/2016,2016-2017,2016-2017,AIE,DUE,457342,16CCCE101110,16CCCE101110,Alumni,General,School of Computing Science & Engineering,B.Tech/B.Tech (Hons) Computer Science Engineering,School of Computing Science,B.Tech in CSE 2016-17 IV Sem VIII,,Library BookC Recieved,1400,0,0,0,0,0,0,0,0,DUE
238996,1/8/2016,2016-2017,2016-2017,AIE,DUE,458484,16CCCE101351,16CCCE101351,Alumni,General,School of Computing Science & Engineering,B.Tech/B.Tech (Hons) Computer Science Engineering,School of Computing Science,B.Tech in CSE 2016-17 IV Sem VIII,,TUITION FEE,149000,0,0,0,0,0,0,0,0,DUE
238997,1/8/2016,2016-2017,2016-2017,AIE,DUE,458484,16CCCE101351,16CCCE101351,Alumni,General,School of Computing Science & Engineering,B.Tech/B.Tech (Hons) Computer Science Engineering,School of Computing Science,B.Tech in CSE 2016-17 IV Sem VIII,,Exam Fee,10000,0,0,0,0,0,0,0,0,DUE
238998,1/8/2016,2016-2017,2016-2017,AIE,DUE,458484,16CCCE101351,16CCCE101351,Alumni,General,School of Computing Science & Engineering,B.Tech/B.Tech (Hons) Computer Science Engineering,School of Computing Science,B.Tech in CSE 2016-17 IV Sem VIII,,Library BookC Recieved,1400,0,0,0,0,0,0,0,0,DUE
238999,1/8/2016,2016-2017,2016-2017,AIE,DUE,457336,16CCCE101108,16CCCE101108,Alumni,General,School of Computing Science & Engineering,B.Tech/B.Tech (Hons) Computer Science Engineering,School of Computing Science,B.Tech in CSE 2016-17 IV Sem VIII,,TUITION FEE,149000,0,0,0,0,0,0,0,0,DUE
239000,1/8/2016,2016-2017,2016-2017,AIE,DUE,457336,16CCCE101108,16CCCE101108,Alumni,General,School of Computing Science & Engineering,B.Tech/B.Tech (Hons) Computer Science Engineering,School of Computing Science,B.Tech in CSE 2016-17 IV Sem VIII,,Exam Fee,10000,0,0,0,0,0,0,0,0,DUE
239001,1/8/2016,2016-2017,2016-2017,AIE,DUE,457336,16CCCE101108,16CCCE101108,Alumni,General,School of Computing Science & Engineering,B.Tech/B.Tech (Hons) Computer Science Engineering,School of Computing Science,B.Tech in CSE 2016-17 IV Sem VIII,,Library BookC Recieved,1899,0,0,0,0,0,0,0,0,DUE
239002,1/8/2016,2016-2017,2016-2017,AIE,DUE,457327,16CCCE101107,16CCCE101107,Alumni,General,School of Computing Science & Engineering,B.Tech/B.Tech (Hons) Computer Science Engineering,School of Computing Science,B.Tech in CSE 2016-17 IV Sem VIII,,TUITION FEE,149000,0,0,0,0,0,0,0,0,DUE
239003,1/8/2016,2016-2017,2016-2017,AIE,DUE,457327,16CCCE101107,16CCCE101107,Alumni,General,School of Computing Science & Engineering,B.Tech/B.Tech (Hons) Computer Science Engineering,School of Computing Science,B.Tech in CSE 2016-17 IV Sem VIII,,Exam Fee,10000,0,0,0,0,0,0,0,0,DUE
239004,1/8/2016,2016-2017,2016-2017,AIE,DUE,457327,16CCCE101107,16CCCE101107,Alumni,General,School of Computing Science & Engineering,B.Tech/B.Tech (Hons) Computer Science Engineering,School of Computing Science,B.Tech in CSE 2016-17 IV Sem VIII,,Library BookC Recieved,1899,0,0,0,0,0,0,0,0,DUE
239005,1/8/2016,2016-2017,2016-2017,AIE,DUE,458489,16CCCE101352,16CCCE101352,Alumni,General,School of Computing Science & Engineering,B.Tech/B.Tech (Hons) Computer Science Engineering,School of Computing Science,B.Tech in CSE 2016-17 IV Sem VIII,,TUITION FEE,149000,0,0,0,0,0,0,0,0,DUE
239006,1/8/2016,2016-2017,2016-2017,AIE,DUE,458489,16CCCE101352,16CCCE101352,Alumni,General,School of Computing Science & Engineering,B.Tech/B.Tech (Hons) Computer Science Engineering,School of Computing Science,B.Tech in CSE 2016-17 IV Sem VIII,,Exam Fee,10000,0,0,0,0,0,0,0,0,DUE
239007,1/8/2016,2016-2017,2016-2017,AIE,DUE,458489,16CCCE101352,16CCCE101352,Alumni,General,School of Computing Science & Engineering,B.Tech/B.Tech (Hons) Computer Science Engineering,School of Computing Science,B.Tech in CSE 2016-17 IV Sem VIII,,Library BookC Recieved,1400,0,0,0,0,0,0,0,0,DUE
239008,1/8/2016,2016-2017,2016-2017,AIE,DUE,458473,16CCCE101348,16CCCE101348,Alumni,General,School of Computing Science & Engineering,B.Tech/B.Tech (Hons) Computer Science Engineering,School of Computing Science,B.Tech in CSE 2016-17 IV Sem VIII,,TUITION FEE,149000,0,0,0,0,0,0,0,0,DUE
239009,1/8/2016,2016-2017,2016-2017,AIE,DUE,458473,16CCCE101348,16CCCE101348,Alumni,General,School of Computing Science & Engineering,B.Tech/B.Tech (Hons) Computer Science Engineering,School of Computing Science,B.Tech in CSE 2016-17 IV Sem VIII,,Exam Fee,10000,0,0,0,0,0,0,0,0,DUE
239010,1/8/2016,2016-2017,2016-2017,AIE,DUE,458473,16CCCE101348,16CCCE101348,Alumni,General,School of Computing Science & Engineering,B.Tech/B.Tech (Hons) Computer Science Engineering,School of Computing Science,B.Tech in CSE 2016-17 IV Sem VIII,,Library BookC Recieved,1899,0,0,0,0,0,0,0,0,DUE
239011,1/8/2016,2016-2017,2016-2017,AIE,DUE,456017,16CBAC202003,16CBAC202003,Alumni,General,School of Basic & Applied Sciences,M. Sc Physics,School of Basic,MSC Physics 2016-2017 II Sem IV,,TUITION FEE,46000,0,0,0,0,0,0,0,0,DUE
239012,1/8/2016,2016-2017,2016-2017,AIE,DUE,456017,16CBAC202003,16CBAC202003,Alumni,General,School of Basic & Applied Sciences,M. Sc Physics,School of Basic,MSC Physics 2016-2017 II Sem IV,,Exam Fee,10000,0,0,0,0,0,0,0,0,DUE
239013,1/8/2016,2016-2017,2016-2017,AIE,DUE,456017,16CBAC202003,16CBAC202003,Alumni,General,School of Basic & Applied Sciences,M. Sc Physics,School of Basic,MSC Physics 2016-2017 II Sem IV,,Library BookC Recieved,438,0,0,0,0,0,0,0,0,DUE
239014,1/8/2016,2016-2017,2016-2017,AIE,DUE,457353,16CCCE101111,16CCCE101111,Alumni,General,School of Computing Science & Engineering,B.Tech/B.Tech (Hons) Computer Science Engineering,School of Computing Science,B.Tech in CSE 2016-17 IV Sem VIII,,TUITION FEE,149000,0,0,0,0,0,0,0,0,DUE
239015,1/8/2016,2016-2017,2016-2017,AIE,DUE,457353,16CCCE101111,16CCCE101111,Alumni,General,School of Computing Science & Engineering,B.Tech/B.Tech (Hons) Computer Science Engineering,School of Computing Science,B.Tech in CSE 2016-17 IV Sem VIII,,Exam Fee,10000,0,0,0,0,0,0,0,0,DUE
239016,1/8/2016,2016-2017,2016-2017,AIE,DUE,457353,16CCCE101111,16CCCE101111,Alumni,General,School of Computing Science & Engineering,B.Tech/B.Tech (Hons) Computer Science Engineering,School of Computing Science,B.Tech in CSE 2016-17 IV Sem VIII,,Library BookC Recieved,1400,0,0,0,0,0,0,0,0,DUE
239017,1/8/2016,2016-2017,2016-2017,AIE,DUE,457362,16CCCE101112,16CCCE101112,Active,General,School of Computing Science & Engineering,B.Tech/B.Tech (Hons) Computer Science Engineering,School of Computing Science,B.Tech in CSE 2016-17 IV Sem VIII,,TUITION FEE,149000,0,0,0,0,0,0,0,0,DUE
239018,1/8/2016,2016-2017,2016-2017,AIE,DUE,457362,16CCCE101112,16CCCE101112,Active,General,School of Computing Science & Engineering,B.Tech/B.Tech (Hons) Computer Science Engineering,School of Computing Science,B.Tech in CSE 2016-17 IV Sem VIII,,Exam Fee,10000,0,0,0,0,0,0,0,0,DUE
239019,1/8/2016,2016-2017,2016-2017,AIE,DUE,457362,16CCCE101112,16CCCE101112,Active,General,School of Computing Science & Engineering,B.Tech/B.Tech (Hons) Computer Science Engineering,School of Computing Science,B.Tech in CSE 2016-17 IV Sem VIII,,Library BookC Recieved,1899,0,0,0,0,0,0,0,0,DUE
239020,1/8/2016,2016-2017,2016-2017,AIE,DUE,458447,16CCCE101345,16CCCE101345,Alumni,General,School of Computing Science & Engineering,B.Tech/B.Tech (Hons) Computer Science Engineering,School of Computing Science,B.Tech in CSE 2016-17 IV Sem VIII,,TUITION FEE,149000,0,0,0,0,0,0,0,0,DUE
239021,1/8/2016,2016-2017,2016-2017,AIE,DUE,458447,16CCCE101345,16CCCE101345,Alumni,General,School of Computing Science & Engineering,B.Tech/B.Tech (Hons) Computer Science Engineering,School of Computing Science,B.Tech in CSE 2016-17 IV Sem VIII,,Exam Fee,10000,0,0,0,0,0,0,0,0,DUE
239022,1/8/2016,2016-2017,2016-2017,AIE,DUE,458447,16CCCE101345,16CCCE101345,Alumni,General,School of Computing Science & Engineering,B.Tech/B.Tech (Hons) Computer Science Engineering,School of Computing Science,B.Tech in CSE 2016-17 IV Sem VIII,,Library BookC Recieved,1899,0,0,0,0,0,0,0,0,DUE
239023,1/8/2016,2016-2017,2016-2017,AIE,DUE,458457,16CCCE101346,16CCCE101346,Alumni,General,School of Computing Science & Engineering,B.Tech/B.Tech (Hons) Computer Science Engineering,School of Computing Science,B.Tech in CSE 2016-17 IV Sem VIII,,TUITION FEE,149000,0,0,0,0,0,0,0,0,DUE
239024,1/8/2016,2016-2017,2016-2017,AIE,DUE,458457,16CCCE101346,16CCCE101346,Alumni,General,School of Computing Science & Engineering,B.Tech/B.Tech (Hons) Computer Science Engineering,School of Computing Science,B.Tech in CSE 2016-17 IV Sem VIII,,Exam Fee,10000,0,0,0,0,0,0,0,0,DUE
239025,1/8/2016,2016-2017,2016-2017,AIE,DUE,458457,16CCCE101346,16CCCE101346,Alumni,General,School of Computing Science & Engineering,B.Tech/B.Tech (Hons) Computer Science Engineering,School of Computing Science,B.Tech in CSE 2016-17 IV Sem VIII,,Library BookC Recieved,1899,0,0,0,0,0,0,0,0,DUE
239026,1/8/2016,2016-2017,2016-2017,AIE,DUE,458461,16CCCE101347,16CCCE101347,Alumni,General,School of Computing Science & Engineering,B.Tech/B.Tech (Hons) Computer Science Engineering,School of Computing Science,B.Tech in CSE 2016-17 IV Sem VIII,,TUITION FEE,149000,0,0,0,0,0,0,0,0,DUE
239027,1/8/2016,2016-2017,2016-2017,AIE,DUE,458461,16CCCE101347,16CCCE101347,Alumni,General,School of Computing Science & Engineering,B.Tech/B.Tech (Hons) Computer Science Engineering,School of Computing Science,B.Tech in CSE 2016-17 IV Sem VIII,,Exam Fee,10000,0,0,0,0,0,0,0,0,DUE
239028,1/8/2016,2016-2017,2016-2017,AIE,DUE,458461,16CCCE101347,16CCCE101347,Alumni,General,School of Computing Science & Engineering,B.Tech/B.Tech (Hons) Computer Science Engineering,School of Computing Science,B.Tech in CSE 2016-17 IV Sem VIII,,Library BookC Recieved,1899,0,0,0,0,0,0,0,0,DUE
239029,1/8/2016,2016-2017,2016-2017,AIE,DUE,458461,16CCCE101347,16CCCE101347,Alumni,General,School of Computing Science & Engineering,B.Tech/B.Tech (Hons) Computer Science Engineering,School of Computing Science,B.Tech in CSE 2016-17 IV Sem VIII,,Sport Activity Received,500,0,0,0,0,0,0,0,0,DUE
239030,1/8/2016,2016-2017,2016-2017,AIE,DUE,458498,16CCCE101354,16CCCE101354,Alumni,General,School of Computing Science & Engineering,B.Tech/B.Tech (Hons) Computer Science Engineering,School of Computing Science,B.Tech in CSE 2016-17 IV Sem VIII,,TUITION FEE,149000,0,0,0,0,0,0,0,0,DUE
239031,1/8/2016,2016-2017,2016-2017,AIE,DUE,458498,16CCCE101354,16CCCE101354,Alumni,General,School of Computing Science & Engineering,B.Tech/B.Tech (Hons) Computer Science Engineering,School of Computing Science,B.Tech in CSE 2016-17 IV Sem VIII,,Exam Fee,10000,0,0,0,0,0,0,0,0,DUE
239032,1/8/2016,2016-2017,2016-2017,AIE,DUE,458498,16CCCE101354,16CCCE101354,Alumni,General,School of Computing Science & Engineering,B.Tech/B.Tech (Hons) Computer Science Engineering,School of Computing Science,B.Tech in CSE 2016-17 IV Sem VIII,,Library BookC Recieved,1899,0,0,0,0,0,0,0,0,DUE
239033,1/8/2016,2016-2017,2016-2017,AIE,DUE,457322,16CCCE101105,16CCCE101105,Alumni,General,School of Computing Science & Engineering,B.Tech/B.Tech (Hons) Computer Science Engineering,School of Computing Science,B.Tech in CSE 2016-17 IV Sem VIII,,TUITION FEE,149000,0,0,0,0,0,0,0,0,DUE
239034,1/8/2016,2016-2017,2016-2017,AIE,DUE,457322,16CCCE101105,16CCCE101105,Alumni,General,School of Computing Science & Engineering,B.Tech/B.Tech (Hons) Computer Science Engineering,School of Computing Science,B.Tech in CSE 2016-17 IV Sem VIII,,Exam Fee,10000,0,0,0,0,0,0,0,0,DUE
239035,1/8/2016,2016-2017,2016-2017,AIE,DUE,457322,16CCCE101105,16CCCE101105,Alumni,General,School of Computing Science & Engineering,B.Tech/B.Tech (Hons) Computer Science Engineering,School of Computing Science,B.Tech in CSE 2016-17 IV Sem VIII,,Library BookC Recieved,1899,0,0,0,0,0,0,0,0,DUE
239036,1/8/2016,2016-2017,2016-2017,AIE,DUE,456011,16CBAC201021,16CBAC201021,Alumni,General,School of Basic & Applied Sciences,M.Sc. Forensic Sciences,School of Basic,M. Sc. Forensic Science 2016-17 II Sem IV,,TUITION FEE,50000,0,0,0,0,0,0,0,0,DUE
239037,1/8/2016,2016-2017,2016-2017,AIE,DUE,456011,16CBAC201021,16CBAC201021,Alumni,General,School of Basic & Applied Sciences,M.Sc. Forensic Sciences,School of Basic,M. Sc. Forensic Science 2016-17 II Sem IV,,Exam Fee,10000,0,0,0,0,0,0,0,0,DUE
239038,1/8/2016,2016-2017,2016-2017,AIE,DUE,458512,16CCCE101357,16CCCE101357,Alumni,General,School of Computing Science & Engineering,B.Tech/B.Tech (Hons) Computer Science Engineering,School of Computing Science,B.Tech in CSE 2016-17 IV Sem VIII,,TUITION FEE,149000,0,0,0,0,0,0,0,0,DUE
239039,1/8/2016,2016-2017,2016-2017,AIE,DUE,458512,16CCCE101357,16CCCE101357,Alumni,General,School of Computing Science & Engineering,B.Tech/B.Tech (Hons) Computer Science Engineering,School of Computing Science,B.Tech in CSE 2016-17 IV Sem VIII,,Exam Fee,10000,0,0,0,0,0,0,0,0,DUE
239040,1/8/2016,2016-2017,2016-2017,AIE,DUE,458512,16CCCE101357,16CCCE101357,Alumni,General,School of Computing Science & Engineering,B.Tech/B.Tech (Hons) Computer Science Engineering,School of Computing Science,B.Tech in CSE 2016-17 IV Sem VIII,,Library BookC Recieved,1899,0,0,0,0,0,0,0,0,DUE
239041,1/8/2016,2016-2017,2016-2017,AIE,DUE,456008,16CBAC201019,16CBAC201019,Alumni,General,School of Basic & Applied Sciences,M.Sc. Forensic Sciences,School of Basic,M. Sc. Forensic Science 2016-17 II Sem IV,,TUITION FEE,50000,0,0,0,0,0,0,0,0,DUE
239042,1/8/2016,2016-2017,2016-2017,AIE,DUE,456008,16CBAC201019,16CBAC201019,Alumni,General,School of Basic & Applied Sciences,M.Sc. Forensic Sciences,School of Basic,M. Sc. Forensic Science 2016-17 II Sem IV,,Exam Fee,10000,0,0,0,0,0,0,0,0,DUE
239043,1/8/2016,2016-2017,2016-2017,AIE,DUE,457285,16CCCE101098,16CCCE101098,Alumni,General,School of Computing Science & Engineering,B.Tech/B.Tech (Hons) Computer Science Engineering,School of Computing Science,B.Tech in CSE 2016-17 IV Sem VIII,,TUITION FEE,149000,0,0,0,0,0,0,0,0,DUE
239044,1/8/2016,2016-2017,2016-2017,AIE,DUE,457285,16CCCE101098,16CCCE101098,Alumni,General,School of Computing Science & Engineering,B.Tech/B.Tech (Hons) Computer Science Engineering,School of Computing Science,B.Tech in CSE 2016-17 IV Sem VIII,,Exam Fee,10000,0,0,0,0,0,0,0,0,DUE
239045,1/8/2016,2016-2017,2016-2017,AIE,DUE,457285,16CCCE101098,16CCCE101098,Alumni,General,School of Computing Science & Engineering,B.Tech/B.Tech (Hons) Computer Science Engineering,School of Computing Science,B.Tech in CSE 2016-17 IV Sem VIII,,Library BookC Recieved,1400,0,0,0,0,0,0,0,0,DUE
239046,1/8/2016,2016-2017,2016-2017,AIE,DUE,456001,16CBAC201017,16CBAC201017,Alumni,General,School of Basic & Applied Sciences,M.Sc. Forensic Sciences,School of Basic,M. Sc. Forensic Science 2016-17 II Sem IV,,TUITION FEE,50000,0,0,0,0,0,0,0,0,DUE
239047,1/8/2016,2016-2017,2016-2017,AIE,DUE,456001,16CBAC201017,16CBAC201017,Alumni,General,School of Basic & Applied Sciences,M.Sc. Forensic Sciences,School of Basic,M. Sc. Forensic Science 2016-17 II Sem IV,,Exam Fee,10000,0,0,0,0,0,0,0,0,DUE
239048,1/8/2016,2016-2017,2016-2017,AIE,DUE,456004,16CBAC201018,16CBAC201018,Alumni,General,School of Basic & Applied Sciences,M.Sc. Forensic Sciences,School of Basic,M. Sc. Forensic Science 2016-17 II Sem IV,,TUITION FEE,50000,0,0,0,0,0,0,0,0,DUE
239049,1/8/2016,2016-2017,2016-2017,AIE,DUE,456004,16CBAC201018,16CBAC201018,Alumni,General,School of Basic & Applied Sciences,M.Sc. Forensic Sciences,School of Basic,M. Sc. Forensic Science 2016-17 II Sem IV,,Exam Fee,10000,0,0,0,0,0,0,0,0,DUE
239050,1/8/2016,2016-2017,2016-2017,AIE,DUE,456013,16CBAC202002,16CBAC202002,Alumni,General,School of Basic & Applied Sciences,M. Sc Physics,School of Basic,MSC Physics 2016-2017 II Sem IV,,TUITION FEE,46000,0,0,0,0,0,0,0,0,DUE
239051,1/8/2016,2016-2017,2016-2017,AIE,DUE,456013,16CBAC202002,16CBAC202002,Alumni,General,School of Basic & Applied Sciences,M. Sc Physics,School of Basic,MSC Physics 2016-2017 II Sem IV,,Exam Fee,10000,0,0,0,0,0,0,0,0,DUE
239052,1/8/2016,2016-2017,2016-2017,AIE,DUE,456013,16CBAC202002,16CBAC202002,Alumni,General,School of Basic & Applied Sciences,M. Sc Physics,School of Basic,MSC Physics 2016-2017 II Sem IV,,Library BookC Recieved,438,0,0,0,0,0,0,0,0,DUE
239053,1/8/2016,2016-2017,2016-2017,AIE,DUE,457291,16CCCE101099,16CCCE101099,Alumni,General,School of Computing Science & Engineering,B.Tech/B.Tech (Hons) Computer Science Engineering,School of Computing Science,B.Tech in CSE 2016-17 IV Sem VIII,,TUITION FEE,149000,0,0,0,0,0,0,0,0,DUE
239054,1/8/2016,2016-2017,2016-2017,AIE,DUE,457291,16CCCE101099,16CCCE101099,Alumni,General,School of Computing Science & Engineering,B.Tech/B.Tech (Hons) Computer Science Engineering,School of Computing Science,B.Tech in CSE 2016-17 IV Sem VIII,,Exam Fee,10000,0,0,0,0,0,0,0,0,DUE
239055,1/8/2016,2016-2017,2016-2017,AIE,DUE,457291,16CCCE101099,16CCCE101099,Alumni,General,School of Computing Science & Engineering,B.Tech/B.Tech (Hons) Computer Science Engineering,School of Computing Science,B.Tech in CSE 2016-17 IV Sem VIII,,Library BookC Recieved,1899,0,0,0,0,0,0,0,0,DUE
239056,1/8/2016,2016-2017,2016-2017,AIE,DUE,457315,16CCCE101103,16CCCE101103,Alumni,General,School of Computing Science & Engineering,B.Tech/B.Tech (Hons) Computer Science Engineering,School of Computing Science,B.Tech in CSE 2016-17 IV Sem VIII,,TUITION FEE,149000,0,0,0,0,0,0,0,0,DUE
239057,1/8/2016,2016-2017,2016-2017,AIE,DUE,457315,16CCCE101103,16CCCE101103,Alumni,General,School of Computing Science & Engineering,B.Tech/B.Tech (Hons) Computer Science Engineering,School of Computing Science,B.Tech in CSE 2016-17 IV Sem VIII,,Exam Fee,10000,0,0,0,0,0,0,0,0,DUE
239058,1/8/2016,2016-2017,2016-2017,AIE,DUE,457315,16CCCE101103,16CCCE101103,Alumni,General,School of Computing Science & Engineering,B.Tech/B.Tech (Hons) Computer Science Engineering,School of Computing Science,B.Tech in CSE 2016-17 IV Sem VIII,,Library BookC Recieved,1899,0,0,0,0,0,0,0,0,DUE
239059,1/8/2016,2016-2017,2016-2017,AIE,DUE,458504,16CCCE101356,16CCCE101356,Alumni,General,School of Computing Science & Engineering,B.Tech/B.Tech (Hons) Computer Science Engineering,School of Computing Science,B.Tech in CSE 2016-17 IV Sem VIII,,TUITION FEE,149000,0,0,0,0,0,0,0,0,DUE
239060,1/8/2016,2016-2017,2016-2017,AIE,DUE,458504,16CCCE101356,16CCCE101356,Alumni,General,School of Computing Science & Engineering,B.Tech/B.Tech (Hons) Computer Science Engineering,School of Computing Science,B.Tech in CSE 2016-17 IV Sem VIII,,Exam Fee,10000,0,0,0,0,0,0,0,0,DUE
239061,1/8/2016,2016-2017,2016-2017,AIE,DUE,458504,16CCCE101356,16CCCE101356,Alumni,General,School of Computing Science & Engineering,B.Tech/B.Tech (Hons) Computer Science Engineering,School of Computing Science,B.Tech in CSE 2016-17 IV Sem VIII,,Library BookC Recieved,1400,0,0,0,0,0,0,0,0,DUE
239062,1/8/2016,2016-2017,2016-2017,AIE,DUE,503692,16CCCE105049,16CCCE105049,Alumni,General,School of Computing Science & Engineering,B.Tech (Hons) in Computer Science & Engineering with Specialization in Cloud Computing & Virtualizations,School of Computing Science,B.Tech in CSCC 2016-17 IV Sem VIII,,TUITION FEE,170000,0,0,0,0,0,0,0,0,DUE
239063,1/8/2016,2016-2017,2016-2017,AIE,DUE,503692,16CCCE105049,16CCCE105049,Alumni,General,School of Computing Science & Engineering,B.Tech (Hons) in Computer Science & Engineering with Specialization in Cloud Computing & Virtualizations,School of Computing Science,B.Tech in CSCC 2016-17 IV Sem VIII,,Exam Fee,10000,0,0,0,0,0,0,0,0,DUE
239064,1/8/2016,2016-2017,2016-2017,AIE,DUE,503692,16CCCE105049,16CCCE105049,Alumni,General,School of Computing Science & Engineering,B.Tech (Hons) in Computer Science & Engineering with Specialization in Cloud Computing & Virtualizations,School of Computing Science,B.Tech in CSCC 2016-17 IV Sem VIII,,Library BookC Recieved,1400,0,0,0,0,0,0,0,0,DUE
239065,1/8/2016,2016-2017,2016-2017,AIE,DUE,457309,16CCCE101102,16CCCE101102,Alumni,General,School of Computing Science & Engineering,B.Tech/B.Tech (Hons) Computer Science Engineering,School of Computing Science,B.Tech in CSE 2016-17 IV Sem VIII,,TUITION FEE,149000,0,0,0,0,0,0,0,0,DUE
239066,1/8/2016,2016-2017,2016-2017,AIE,DUE,457309,16CCCE101102,16CCCE101102,Alumni,General,School of Computing Science & Engineering,B.Tech/B.Tech (Hons) Computer Science Engineering,School of Computing Science,B.Tech in CSE 2016-17 IV Sem VIII,,Exam Fee,10000,0,0,0,0,0,0,0,0,DUE
239067,1/8/2016,2016-2017,2016-2017,AIE,DUE,457309,16CCCE101102,16CCCE101102,Alumni,General,School of Computing Science & Engineering,B.Tech/B.Tech (Hons) Computer Science Engineering,School of Computing Science,B.Tech in CSE 2016-17 IV Sem VIII,,Library BookC Recieved,1400,0,0,0,0,0,0,0,0,DUE
239068,1/8/2016,2016-2017,2016-2017,AIE,DUE,457297,16CCCE101101,16CCCE101101,Alumni,General,School of Computing Science & Engineering,B.Tech/B.Tech (Hons) Computer Science Engineering,School of Computing Science,B.Tech in CSE 2016-17 IV Sem VIII,,TUITION FEE,149000,0,0,0,0,0,0,0,0,DUE
239069,1/8/2016,2016-2017,2016-2017,AIE,DUE,457297,16CCCE101101,16CCCE101101,Alumni,General,School of Computing Science & Engineering,B.Tech/B.Tech (Hons) Computer Science Engineering,School of Computing Science,B.Tech in CSE 2016-17 IV Sem VIII,,Exam Fee,10000,0,0,0,0,0,0,0,0,DUE
239070,1/8/2016,2016-2017,2016-2017,AIE,DUE,457297,16CCCE101101,16CCCE101101,Alumni,General,School of Computing Science & Engineering,B.Tech/B.Tech (Hons) Computer Science Engineering,School of Computing Science,B.Tech in CSE 2016-17 IV Sem VIII,,Library BookC Recieved,1899,0,0,0,0,0,0,0,0,DUE
239071,1/8/2016,2016-2017,2016-2017,AIE,DUE,457297,16CCCE101101,16CCCE101101,Alumni,General,School of Computing Science & Engineering,B.Tech/B.Tech (Hons) Computer Science Engineering,School of Computing Science,B.Tech in CSE 2016-17 IV Sem VIII,,Sport Activity Received,1200,0,0,0,0,0,0,0,0,DUE
239072,1/8/2016,2016-2017,2016-2017,AIE,DUE,458439,16CCCE101344,16CCCE101344,Alumni,General,School of Computing Science & Engineering,B.Tech/B.Tech (Hons) Computer Science Engineering,School of Computing Science,B.Tech in CSE 2016-17 IV Sem VIII,,TUITION FEE,149000,0,0,0,0,0,0,0,0,DUE
239073,1/8/2016,2016-2017,2016-2017,AIE,DUE,458439,16CCCE101344,16CCCE101344,Alumni,General,School of Computing Science & Engineering,B.Tech/B.Tech (Hons) Computer Science Engineering,School of Computing Science,B.Tech in CSE 2016-17 IV Sem VIII,,Exam Fee,10000,0,0,0,0,0,0,0,0,DUE
239074,1/8/2016,2016-2017,2016-2017,AIE,DUE,458439,16CCCE101344,16CCCE101344,Alumni,General,School of Computing Science & Engineering,B.Tech/B.Tech (Hons) Computer Science Engineering,School of Computing Science,B.Tech in CSE 2016-17 IV Sem VIII,,Library BookC Recieved,1899,0,0,0,0,0,0,0,0,DUE
239075,1/8/2016,2016-2017,2016-2017,AIE,DUE,458432,16CCCE101343,16CCCE101343,Alumni,General,School of Computing Science & Engineering,B.Tech/B.Tech (Hons) Computer Science Engineering,School of Computing Science,B.Tech in CSE 2016-17 IV Sem VIII,,TUITION FEE,149000,0,0,0,0,0,0,0,0,DUE
239076,1/8/2016,2016-2017,2016-2017,AIE,DUE,458432,16CCCE101343,16CCCE101343,Alumni,General,School of Computing Science & Engineering,B.Tech/B.Tech (Hons) Computer Science Engineering,School of Computing Science,B.Tech in CSE 2016-17 IV Sem VIII,,Exam Fee,10000,0,0,0,0,0,0,0,0,DUE
239077,1/8/2016,2016-2017,2016-2017,AIE,DUE,458432,16CCCE101343,16CCCE101343,Alumni,General,School of Computing Science & Engineering,B.Tech/B.Tech (Hons) Computer Science Engineering,School of Computing Science,B.Tech in CSE 2016-17 IV Sem VIII,,Library BookC Recieved,1899,0,0,0,0,0,0,0,0,DUE
239078,1/8/2016,2016-2017,2016-2017,AIE,DUE,458358,16CCCE101330,16CCCE101330,Alumni,General,School of Computing Science & Engineering,B.Tech/B.Tech (Hons) Computer Science Engineering,School of Computing Science,B.Tech in CSE 2016-17 IV Sem VIII,,TUITION FEE,149000,0,0,0,0,0,0,0,0,DUE
239079,1/8/2016,2016-2017,2016-2017,AIE,DUE,458358,16CCCE101330,16CCCE101330,Alumni,General,School of Computing Science & Engineering,B.Tech/B.Tech (Hons) Computer Science Engineering,School of Computing Science,B.Tech in CSE 2016-17 IV Sem VIII,,Exam Fee,10000,0,0,0,0,0,0,0,0,DUE
239080,1/8/2016,2016-2017,2016-2017,AIE,DUE,458358,16CCCE101330,16CCCE101330,Alumni,General,School of Computing Science & Engineering,B.Tech/B.Tech (Hons) Computer Science Engineering,School of Computing Science,B.Tech in CSE 2016-17 IV Sem VIII,,Library BookC Recieved,1400,0,0,0,0,0,0,0,0,DUE
239081,1/8/2016,2016-2017,2016-2017,AIE,DUE,456024,16CBAC202005,16CBAC202005,Alumni,General,School of Basic & Applied Sciences,M. Sc Physics,School of Basic,MSC Physics 2016-2017 II Sem IV,,TUITION FEE,46000,0,0,0,0,0,0,0,0,DUE
239082,1/8/2016,2016-2017,2016-2017,AIE,DUE,456024,16CBAC202005,16CBAC202005,Alumni,General,School of Basic & Applied Sciences,M. Sc Physics,School of Basic,MSC Physics 2016-2017 II Sem IV,,Exam Fee,10000,0,0,0,0,0,0,0,0,DUE
239083,1/8/2016,2016-2017,2016-2017,AIE,DUE,456024,16CBAC202005,16CBAC202005,Alumni,General,School of Basic & Applied Sciences,M. Sc Physics,School of Basic,MSC Physics 2016-2017 II Sem IV,,Library BookC Recieved,438,0,0,0,0,0,0,0,0,DUE
239084,1/8/2016,2016-2017,2016-2017,AIE,DUE,458366,16CCCE101331,16CCCE101331,Alumni,General,School of Computing Science & Engineering,B.Tech/B.Tech (Hons) Computer Science Engineering,School of Computing Science,B.Tech in CSE 2016-17 IV Sem VIII,,TUITION FEE,149000,0,0,0,0,0,0,0,0,DUE
239085,1/8/2016,2016-2017,2016-2017,AIE,DUE,458366,16CCCE101331,16CCCE101331,Alumni,General,School of Computing Science & Engineering,B.Tech/B.Tech (Hons) Computer Science Engineering,School of Computing Science,B.Tech in CSE 2016-17 IV Sem VIII,,Exam Fee,10000,0,0,0,0,0,0,0,0,DUE
239086,1/8/2016,2016-2017,2016-2017,AIE,DUE,458366,16CCCE101331,16CCCE101331,Alumni,General,School of Computing Science & Engineering,B.Tech/B.Tech (Hons) Computer Science Engineering,School of Computing Science,B.Tech in CSE 2016-17 IV Sem VIII,,Library BookC Recieved,1899,0,0,0,0,0,0,0,0,DUE
239087,1/8/2016,2016-2017,2016-2017,AIE,DUE,458376,16CCCE101332,16CCCE101332,Alumni,General,School of Mechanical Engineering,B.Tech/B.Tech (Hons) Mechanical Engineering,School of Mechanical Engineering,ME 2016-2017 IV Sem VIII,,TUITION FEE,149000,0,0,0,0,0,0,0,0,DUE
239088,1/8/2016,2016-2017,2016-2017,AIE,DUE,458376,16CCCE101332,16CCCE101332,Alumni,General,School of Mechanical Engineering,B.Tech/B.Tech (Hons) Mechanical Engineering,School of Mechanical Engineering,ME 2016-2017 IV Sem VIII,,Exam Fee,10000,0,0,0,0,0,0,0,0,DUE
239089,1/8/2016,2016-2017,2016-2017,AIE,DUE,458376,16CCCE101332,16CCCE101332,Alumni,General,School of Mechanical Engineering,B.Tech/B.Tech (Hons) Mechanical Engineering,School of Mechanical Engineering,ME 2016-2017 IV Sem VIII,,Library BookC Recieved,1899,0,0,0,0,0,0,0,0,DUE
239090,1/8/2016,2016-2017,2016-2017,AIE,DUE,458394,16CCCE101334,16CCCE101334,Alumni,General,School of Computing Science & Engineering,B.Tech/B.Tech (Hons) Computer Science Engineering,School of Computing Science,B.Tech in CSE 2016-17 IV Sem VIII,,TUITION FEE,149000,0,0,0,0,0,0,0,0,DUE
239091,1/8/2016,2016-2017,2016-2017,AIE,DUE,458394,16CCCE101334,16CCCE101334,Alumni,General,School of Computing Science & Engineering,B.Tech/B.Tech (Hons) Computer Science Engineering,School of Computing Science,B.Tech in CSE 2016-17 IV Sem VIII,,Exam Fee,10000,0,0,0,0,0,0,0,0,DUE
239092,1/8/2016,2016-2017,2016-2017,AIE,DUE,458394,16CCCE101334,16CCCE101334,Alumni,General,School of Computing Science & Engineering,B.Tech/B.Tech (Hons) Computer Science Engineering,School of Computing Science,B.Tech in CSE 2016-17 IV Sem VIII,,Library BookC Recieved,1400,0,0,0,0,0,0,0,0,DUE
239093,1/8/2016,2016-2017,2016-2017,AIE,DUE,458387,16CCCE101333,16CCCE101333,Alumni,General,School of Computing Science & Engineering,B.Tech/B.Tech (Hons) Computer Science Engineering,School of Computing Science,B.Tech in CSE 2016-17 IV Sem VIII,,TUITION FEE,149000,0,0,0,0,0,0,0,0,DUE
239094,1/8/2016,2016-2017,2016-2017,AIE,DUE,458387,16CCCE101333,16CCCE101333,Alumni,General,School of Computing Science & Engineering,B.Tech/B.Tech (Hons) Computer Science Engineering,School of Computing Science,B.Tech in CSE 2016-17 IV Sem VIII,,Exam Fee,10000,0,0,0,0,0,0,0,0,DUE
239095,1/8/2016,2016-2017,2016-2017,AIE,DUE,458387,16CCCE101333,16CCCE101333,Alumni,General,School of Computing Science & Engineering,B.Tech/B.Tech (Hons) Computer Science Engineering,School of Computing Science,B.Tech in CSE 2016-17 IV Sem VIII,,Library BookC Recieved,1899,0,0,0,0,0,0,0,0,DUE
239096,1/8/2016,2016-2017,2016-2017,AIE,DUE,458351,16CCCE101329,16CCCE101329,Year Back,General,School of Computing Science & Engineering,B.Tech/B.Tech (Hons) Computer Science Engineering,School of Computing Science,B.Tech in CSE 2016-17 II Sem IV,,TUITION FEE,149000,0,0,0,0,0,0,0,0,DUE
239097,1/8/2016,2016-2017,2016-2017,AIE,DUE,458351,16CCCE101329,16CCCE101329,Year Back,General,School of Computing Science & Engineering,B.Tech/B.Tech (Hons) Computer Science Engineering,School of Computing Science,B.Tech in CSE 2016-17 II Sem IV,,Exam Fee,10000,0,0,0,0,0,0,0,0,DUE
239098,1/8/2016,2016-2017,2016-2017,AIE,DUE,458351,16CCCE101329,16CCCE101329,Year Back,General,School of Computing Science & Engineering,B.Tech/B.Tech (Hons) Computer Science Engineering,School of Computing Science,B.Tech in CSE 2016-17 II Sem IV,,Fine Fee,1400,0,0,0,0,0,0,0,0,DUE
239099,1/8/2016,2016-2017,2016-2017,AIE,DUE,458351,16CCCE101329,16CCCE101329,Year Back,General,School of Computing Science & Engineering,B.Tech/B.Tech (Hons) Computer Science Engineering,School of Computing Science,B.Tech in CSE 2016-17 II Sem IV,,Library BookC Recieved,1899,0,0,0,0,0,0,0,0,DUE
239100,1/8/2016,2016-2017,2016-2017,AIE,DUE,458348,16CCCE101327,16CCCE101327,Withdrawn,General,School of Computing Science & Engineering,B.Tech/B.Tech (Hons) Computer Science Engineering,School of Computing Science,B.Tech in CSE 2016-17 III Sem V,,TUITION FEE,149000,0,0,0,0,0,0,0,0,DUE
239101,1/8/2016,2016-2017,2016-2017,AIE,DUE,458348,16CCCE101327,16CCCE101327,Withdrawn,General,School of Computing Science & Engineering,B.Tech/B.Tech (Hons) Computer Science Engineering,School of Computing Science,B.Tech in CSE 2016-17 III Sem V,,Exam Fee,10000,0,0,0,0,0,0,0,0,DUE
239102,1/8/2016,2016-2017,2016-2017,AIE,DUE,458348,16CCCE101327,16CCCE101327,Withdrawn,General,School of Computing Science & Engineering,B.Tech/B.Tech (Hons) Computer Science Engineering,School of Computing Science,B.Tech in CSE 2016-17 III Sem V,,Library BookC Recieved,1899,0,0,0,0,0,0,0,0,DUE
239103,1/8/2016,2016-2017,2016-2017,AIE,DUE,457411,16CCCE101119,16CCCE101119,Alumni,General,School of Computing Science & Engineering,B.Tech/B.Tech (Hons) Computer Science Engineering,School of Computing Science,B.Tech in CSE 2016-17 IV Sem VIII,,TUITION FEE,149000,0,0,0,0,0,0,0,0,DUE
239104,1/8/2016,2016-2017,2016-2017,AIE,DUE,457411,16CCCE101119,16CCCE101119,Alumni,General,School of Computing Science & Engineering,B.Tech/B.Tech (Hons) Computer Science Engineering,School of Computing Science,B.Tech in CSE 2016-17 IV Sem VIII,,Exam Fee,10000,0,0,0,0,0,0,0,0,DUE
239105,1/8/2016,2016-2017,2016-2017,AIE,DUE,457411,16CCCE101119,16CCCE101119,Alumni,General,School of Computing Science & Engineering,B.Tech/B.Tech (Hons) Computer Science Engineering,School of Computing Science,B.Tech in CSE 2016-17 IV Sem VIII,,Library BookC Recieved,1899,0,0,0,0,0,0,0,0,DUE
239106,1/8/2016,2016-2017,2016-2017,AIE,DUE,458330,16CCCE101323,16CCCE101323,Alumni,General,School of Computing Science & Engineering,B.Tech/B.Tech (Hons) Computer Science Engineering,School of Computing Science,B.Tech in CSE 2016-17 IV Sem VIII,,TUITION FEE,149000,0,0,0,0,0,0,0,0,DUE
239107,1/8/2016,2016-2017,2016-2017,AIE,DUE,458330,16CCCE101323,16CCCE101323,Alumni,General,School of Computing Science & Engineering,B.Tech/B.Tech (Hons) Computer Science Engineering,School of Computing Science,B.Tech in CSE 2016-17 IV Sem VIII,,Exam Fee,10000,0,0,0,0,0,0,0,0,DUE
239108,1/8/2016,2016-2017,2016-2017,AIE,DUE,458330,16CCCE101323,16CCCE101323,Alumni,General,School of Computing Science & Engineering,B.Tech/B.Tech (Hons) Computer Science Engineering,School of Computing Science,B.Tech in CSE 2016-17 IV Sem VIII,,Library BookC Recieved,1899,0,0,0,0,0,0,0,0,DUE
239109,1/8/2016,2016-2017,2016-2017,AIE,DUE,458339,16CCCE101324,16CCCE101324,Alumni,General,School of Computing Science & Engineering,B.Tech/B.Tech (Hons) Computer Science Engineering,School of Computing Science,B.Tech in CSE 2016-17 IV Sem VIII,,TUITION FEE,149000,0,0,0,0,0,0,0,0,DUE
239110,1/8/2016,2016-2017,2016-2017,AIE,DUE,458339,16CCCE101324,16CCCE101324,Alumni,General,School of Computing Science & Engineering,B.Tech/B.Tech (Hons) Computer Science Engineering,School of Computing Science,B.Tech in CSE 2016-17 IV Sem VIII,,Exam Fee,10000,0,0,0,0,0,0,0,0,DUE
239111,1/8/2016,2016-2017,2016-2017,AIE,DUE,458339,16CCCE101324,16CCCE101324,Alumni,General,School of Computing Science & Engineering,B.Tech/B.Tech (Hons) Computer Science Engineering,School of Computing Science,B.Tech in CSE 2016-17 IV Sem VIII,,Fine Fee,4000,0,0,0,0,0,0,0,0,DUE
239112,1/8/2016,2016-2017,2016-2017,AIE,DUE,458339,16CCCE101324,16CCCE101324,Alumni,General,School of Computing Science & Engineering,B.Tech/B.Tech (Hons) Computer Science Engineering,School of Computing Science,B.Tech in CSE 2016-17 IV Sem VIII,,Library BookC Recieved,1899,0,0,0,0,0,0,0,0,DUE
239113,1/8/2016,2016-2017,2016-2017,AIE,DUE,501118,16CCME101036,16CCME101036,Alumni,General,School of Mechanical Engineering,B.Tech/B.Tech (Hons) Mechanical Engineering,School of Mechanical Engineering,ME 2016-2017 IV Sem VIII,,TUITION FEE,149000,0,0,0,0,0,0,0,0,DUE
239114,1/8/2016,2016-2017,2016-2017,AIE,DUE,501118,16CCME101036,16CCME101036,Alumni,General,School of Mechanical Engineering,B.Tech/B.Tech (Hons) Mechanical Engineering,School of Mechanical Engineering,ME 2016-2017 IV Sem VIII,,Exam Fee,10000,0,0,0,0,0,0,0,0,DUE
239115,1/8/2016,2016-2017,2016-2017,AIE,DUE,501118,16CCME101036,16CCME101036,Alumni,General,School of Mechanical Engineering,B.Tech/B.Tech (Hons) Mechanical Engineering,School of Mechanical Engineering,ME 2016-2017 IV Sem VIII,,Library BookC Recieved,1899,0,0,0,0,0,0,0,0,DUE
239116,1/8/2016,2016-2017,2016-2017,AIE,DUE,458345,16CCCE101326,16CCCE101326,No Information,General,School of Computing Science & Engineering,B.Tech/B.Tech (Hons) Computer Science Engineering,School of Computing Science,B.Tech in CSE 2016-17 II Sem IV,,TUITION FEE,149000,0,0,0,0,0,0,0,0,DUE
239117,1/8/2016,2016-2017,2016-2017,AIE,DUE,458345,16CCCE101326,16CCCE101326,No Information,General,School of Computing Science & Engineering,B.Tech/B.Tech (Hons) Computer Science Engineering,School of Computing Science,B.Tech in CSE 2016-17 II Sem IV,,Exam Fee,10000,0,0,0,0,0,0,0,0,DUE
239118,1/8/2016,2016-2017,2016-2017,AIE,DUE,458345,16CCCE101326,16CCCE101326,No Information,General,School of Computing Science & Engineering,B.Tech/B.Tech (Hons) Computer Science Engineering,School of Computing Science,B.Tech in CSE 2016-17 II Sem IV,,Library BookC Recieved,1899,0,0,0,0,0,0,0,0,DUE
239119,1/8/2016,2016-2017,2016-2017,AIE,RCPT,776816,15CCCE101481,15CCCE101481,Alumni,General,School of Computing Science & Engineering,B.Tech/B.Tech (Hons) Computer Science Engineering,School of Computing Science,B.Tech in CSE 2015-16 V Sem IX,2.22E+11,Fine Fee,0,600,0,0,0,0,0,0,0,
239120,1/8/2016,2016-2017,2016-2017,AIE,DUE,501062,16CCME101022,16CCME101022,Alumni,General,School of Mechanical Engineering,B.Tech/B.Tech (Hons) Mechanical Engineering,School of Mechanical Engineering,ME 2016-2017 IV Sem VIII,,TUITION FEE,149000,0,0,0,0,0,0,0,0,DUE
239121,1/8/2016,2016-2017,2016-2017,AIE,DUE,501062,16CCME101022,16CCME101022,Alumni,General,School of Mechanical Engineering,B.Tech/B.Tech (Hons) Mechanical Engineering,School of Mechanical Engineering,ME 2016-2017 IV Sem VIII,,Exam Fee,10000,0,0,0,0,0,0,0,0,DUE
239122,1/8/2016,2016-2017,2016-2017,AIE,DUE,501062,16CCME101022,16CCME101022,Alumni,General,School of Mechanical Engineering,B.Tech/B.Tech (Hons) Mechanical Engineering,School of Mechanical Engineering,ME 2016-2017 IV Sem VIII,,Library BookC Recieved,1400,0,0,0,0,0,0,0,0,DUE
239123,1/8/2016,2016-2017,2016-2017,AIE,DUE,501062,16CCME101022,16CCME101022,Alumni,General,School of Mechanical Engineering,B.Tech/B.Tech (Hons) Mechanical Engineering,School of Mechanical Engineering,ME 2016-2017 IV Sem VIII,,Sport Activity Received,500,0,0,0,0,0,0,0,0,DUE
239124,1/8/2016,2016-2017,2016-2017,AIE,DUE,456267,16CCME101051,16CCME101051,Alumni,General,School of Mechanical Engineering,B.Tech/B.Tech (Hons) Mechanical Engineering,School of Mechanical Engineering,ME 2016-2017 IV Sem VIII,,TUITION FEE,149000,0,0,0,0,0,0,0,0,DUE
239125,1/8/2016,2016-2017,2016-2017,AIE,DUE,456267,16CCME101051,16CCME101051,Alumni,General,School of Mechanical Engineering,B.Tech/B.Tech (Hons) Mechanical Engineering,School of Mechanical Engineering,ME 2016-2017 IV Sem VIII,,Exam Fee,10000,0,0,0,0,0,0,0,0,DUE
239126,1/8/2016,2016-2017,2016-2017,AIE,DUE,456267,16CCME101051,16CCME101051,Alumni,General,School of Mechanical Engineering,B.Tech/B.Tech (Hons) Mechanical Engineering,School of Mechanical Engineering,ME 2016-2017 IV Sem VIII,,Library BookC Recieved,1899,0,0,0,0,0,0,0,0,DUE
239127,1/8/2016,2016-2017,2016-2017,AIE,DUE,456267,16CCME101051,16CCME101051,Alumni,General,School of Mechanical Engineering,B.Tech/B.Tech (Hons) Mechanical Engineering,School of Mechanical Engineering,ME 2016-2017 IV Sem VIII,,Sport Activity Received,700,0,0,0,0,0,0,0,0,DUE
239128,1/8/2016,2016-2017,2016-2017,AIE,DUE,456020,16CBAC202004,16CBAC202004,Alumni,General,School of Basic & Applied Sciences,M. Sc Physics,School of Basic,MSC Physics 2016-2017 II Sem IV,,TUITION FEE,46000,0,0,0,0,0,0,0,0,DUE
239129,1/8/2016,2016-2017,2016-2017,AIE,DUE,456020,16CBAC202004,16CBAC202004,Alumni,General,School of Basic & Applied Sciences,M. Sc Physics,School of Basic,MSC Physics 2016-2017 II Sem IV,,Exam Fee,10000,0,0,0,0,0,0,0,0,DUE
239130,1/8/2016,2016-2017,2016-2017,AIE,DUE,456020,16CBAC202004,16CBAC202004,Alumni,General,School of Basic & Applied Sciences,M. Sc Physics,School of Basic,MSC Physics 2016-2017 II Sem IV,,Library BookC Recieved,438,0,0,0,0,0,0,0,0,DUE
239131,1/8/2016,2016-2017,2016-2017,AIE,DUE,458410,16CCCE101339,16CCCE101339,Alumni,General,School of Computing Science & Engineering,B.Tech/B.Tech (Hons) Computer Science Engineering,School of Computing Science,B.Tech in CSE 2016-17 IV Sem VIII,,TUITION FEE,149000,0,0,0,0,0,0,0,0,DUE
239132,1/8/2016,2016-2017,2016-2017,AIE,DUE,458410,16CCCE101339,16CCCE101339,Alumni,General,School of Computing Science & Engineering,B.Tech/B.Tech (Hons) Computer Science Engineering,School of Computing Science,B.Tech in CSE 2016-17 IV Sem VIII,,Exam Fee,10000,0,0,0,0,0,0,0,0,DUE
239133,1/8/2016,2016-2017,2016-2017,AIE,DUE,458410,16CCCE101339,16CCCE101339,Alumni,General,School of Computing Science & Engineering,B.Tech/B.Tech (Hons) Computer Science Engineering,School of Computing Science,B.Tech in CSE 2016-17 IV Sem VIII,,Library BookC Recieved,1899,0,0,0,0,0,0,0,0,DUE
239134,1/8/2016,2016-2017,2016-2017,AIE,DUE,458419,16CCCE101340,16CCCE101340,Alumni,General,School of Computing Science & Engineering,B.Tech/B.Tech (Hons) Computer Science Engineering,School of Computing Science,B.Tech in CSE 2016-17 IV Sem VIII,,TUITION FEE,149000,0,0,0,0,0,0,0,0,DUE
239135,1/8/2016,2016-2017,2016-2017,AIE,DUE,458419,16CCCE101340,16CCCE101340,Alumni,General,School of Computing Science & Engineering,B.Tech/B.Tech (Hons) Computer Science Engineering,School of Computing Science,B.Tech in CSE 2016-17 IV Sem VIII,,Exam Fee,10000,0,0,0,0,0,0,0,0,DUE
239136,1/8/2016,2016-2017,2016-2017,AIE,DUE,458419,16CCCE101340,16CCCE101340,Alumni,General,School of Computing Science & Engineering,B.Tech/B.Tech (Hons) Computer Science Engineering,School of Computing Science,B.Tech in CSE 2016-17 IV Sem VIII,,Library BookC Recieved,1899,0,0,0,0,0,0,0,0,DUE
239137,1/8/2016,2016-2017,2016-2017,AIE,DUE,458427,16CCCE101342,16CCCE101342,No Information,General,School of Computing Science & Engineering,B.Tech/B.Tech (Hons) Computer Science Engineering,School of Computing Science,B.Tech in CSE 2016-17 II Sem IV,,TUITION FEE,149000,0,0,0,0,0,0,0,0,DUE
239138,1/8/2016,2016-2017,2016-2017,AIE,DUE,458427,16CCCE101342,16CCCE101342,No Information,General,School of Computing Science & Engineering,B.Tech/B.Tech (Hons) Computer Science Engineering,School of Computing Science,B.Tech in CSE 2016-17 II Sem IV,,Exam Fee,10000,0,0,0,0,0,0,0,0,DUE
239139,1/8/2016,2016-2017,2016-2017,AIE,DUE,458427,16CCCE101342,16CCCE101342,No Information,General,School of Computing Science & Engineering,B.Tech/B.Tech (Hons) Computer Science Engineering,School of Computing Science,B.Tech in CSE 2016-17 II Sem IV,,Library BookC Recieved,1899,0,0,0,0,0,0,0,0,DUE
239140,1/8/2016,2016-2017,2016-2017,AIE,DUE,458423,16CCCE101341,16CCCE101341,Alumni,General,School of Computing Science & Engineering,B.Tech/B.Tech (Hons) Computer Science Engineering,School of Computing Science,B.Tech in CSE 2016-17 IV Sem VIII,,TUITION FEE,149000,0,0,0,0,0,0,0,0,DUE
239141,1/8/2016,2016-2017,2016-2017,AIE,DUE,458423,16CCCE101341,16CCCE101341,Alumni,General,School of Computing Science & Engineering,B.Tech/B.Tech (Hons) Computer Science Engineering,School of Computing Science,B.Tech in CSE 2016-17 IV Sem VIII,,Exam Fee,10000,0,0,0,0,0,0,0,0,DUE
239142,1/8/2016,2016-2017,2016-2017,AIE,DUE,458423,16CCCE101341,16CCCE101341,Alumni,General,School of Computing Science & Engineering,B.Tech/B.Tech (Hons) Computer Science Engineering,School of Computing Science,B.Tech in CSE 2016-17 IV Sem VIII,,Library BookC Recieved,1400,0,0,0,0,0,0,0,0,DUE
239143,1/8/2016,2016-2017,2016-2017,AIE,DUE,457371,16CCCE101113,16CCCE101113,Alumni,General,School of Computing Science & Engineering,B.Tech/B.Tech (Hons) Computer Science Engineering,School of Computing Science,B.Tech in CSE 2016-17 IV Sem VIII,,TUITION FEE,149000,0,0,0,0,0,0,0,0,DUE
239144,1/8/2016,2016-2017,2016-2017,AIE,DUE,457371,16CCCE101113,16CCCE101113,Alumni,General,School of Computing Science & Engineering,B.Tech/B.Tech (Hons) Computer Science Engineering,School of Computing Science,B.Tech in CSE 2016-17 IV Sem VIII,,Exam Fee,10000,0,0,0,0,0,0,0,0,DUE
239145,1/8/2016,2016-2017,2016-2017,AIE,DUE,457371,16CCCE101113,16CCCE101113,Alumni,General,School of Computing Science & Engineering,B.Tech/B.Tech (Hons) Computer Science Engineering,School of Computing Science,B.Tech in CSE 2016-17 IV Sem VIII,,Library BookC Recieved,1899,0,0,0,0,0,0,0,0,DUE
239146,1/8/2016,2016-2017,2016-2017,AIE,DUE,457377,16CCCE101114,16CCCE101114,Alumni,General,School of Computing Science & Engineering,B.Tech/B.Tech (Hons) Computer Science Engineering,School of Computing Science,B.Tech in CSE 2016-17 IV Sem VIII,,TUITION FEE,149000,0,0,0,0,0,0,0,0,DUE
239147,1/8/2016,2016-2017,2016-2017,AIE,DUE,457377,16CCCE101114,16CCCE101114,Alumni,General,School of Computing Science & Engineering,B.Tech/B.Tech (Hons) Computer Science Engineering,School of Computing Science,B.Tech in CSE 2016-17 IV Sem VIII,,Exam Fee,10000,0,0,0,0,0,0,0,0,DUE
239148,1/8/2016,2016-2017,2016-2017,AIE,DUE,457377,16CCCE101114,16CCCE101114,Alumni,General,School of Computing Science & Engineering,B.Tech/B.Tech (Hons) Computer Science Engineering,School of Computing Science,B.Tech in CSE 2016-17 IV Sem VIII,,Library BookC Recieved,1400,0,0,0,0,0,0,0,0,DUE
239149,1/8/2016,2016-2017,2016-2017,AIE,DUE,457396,16CCCE101117,16CCCE101117,Alumni,General,School of Computing Science & Engineering,B.Tech/B.Tech (Hons) Computer Science Engineering,School of Computing Science,B.Tech in CSE 2016-17 IV Sem VIII,,TUITION FEE,149000,0,0,0,0,0,0,0,0,DUE
239150,1/8/2016,2016-2017,2016-2017,AIE,DUE,457396,16CCCE101117,16CCCE101117,Alumni,General,School of Computing Science & Engineering,B.Tech/B.Tech (Hons) Computer Science Engineering,School of Computing Science,B.Tech in CSE 2016-17 IV Sem VIII,,Exam Fee,10000,0,0,0,0,0,0,0,0,DUE
239151,1/8/2016,2016-2017,2016-2017,AIE,DUE,457396,16CCCE101117,16CCCE101117,Alumni,General,School of Computing Science & Engineering,B.Tech/B.Tech (Hons) Computer Science Engineering,School of Computing Science,B.Tech in CSE 2016-17 IV Sem VIII,,Library BookC Recieved,1400,0,0,0,0,0,0,0,0,DUE
239152,1/8/2016,2016-2017,2016-2017,AIE,DUE,457403,16CCCE101118,16CCCE101118,Alumni,General,School of Computing Science & Engineering,B.Tech/B.Tech (Hons) Computer Science Engineering,School of Computing Science,B.Tech in CSE 2016-17 IV Sem VIII,,TUITION FEE,149000,0,0,0,0,0,0,0,0,DUE
239153,1/8/2016,2016-2017,2016-2017,AIE,DUE,457403,16CCCE101118,16CCCE101118,Alumni,General,School of Computing Science & Engineering,B.Tech/B.Tech (Hons) Computer Science Engineering,School of Computing Science,B.Tech in CSE 2016-17 IV Sem VIII,,Exam Fee,10000,0,0,0,0,0,0,0,0,DUE
239154,1/8/2016,2016-2017,2016-2017,AIE,DUE,457403,16CCCE101118,16CCCE101118,Alumni,General,School of Computing Science & Engineering,B.Tech/B.Tech (Hons) Computer Science Engineering,School of Computing Science,B.Tech in CSE 2016-17 IV Sem VIII,,Library BookC Recieved,1400,0,0,0,0,0,0,0,0,DUE
239155,1/8/2016,2016-2017,2016-2017,AIE,DUE,458402,16CCCE101337,16CCCE101337,Alumni,General,School of Computing Science & Engineering,B.Tech/B.Tech (Hons) Computer Science Engineering,School of Computing Science,B.Tech in CSE 2016-17 IV Sem VIII,,TUITION FEE,149000,0,0,0,0,0,0,0,0,DUE
239156,1/8/2016,2016-2017,2016-2017,AIE,DUE,458402,16CCCE101337,16CCCE101337,Alumni,General,School of Computing Science & Engineering,B.Tech/B.Tech (Hons) Computer Science Engineering,School of Computing Science,B.Tech in CSE 2016-17 IV Sem VIII,,Exam Fee,10000,0,0,0,0,0,0,0,0,DUE
239157,1/8/2016,2016-2017,2016-2017,AIE,DUE,458402,16CCCE101337,16CCCE101337,Alumni,General,School of Computing Science & Engineering,B.Tech/B.Tech (Hons) Computer Science Engineering,School of Computing Science,B.Tech in CSE 2016-17 IV Sem VIII,,Library BookC Recieved,1400,0,0,0,0,0,0,0,0,DUE
239158,1/8/2016,2016-2017,2016-2017,AIE,DUE,457388,16CCCE101116,16CCCE101116,Alumni,General,School of Computing Science & Engineering,B.Tech/B.Tech (Hons) Computer Science Engineering,School of Computing Science,B.Tech in CSE 2016-17 IV Sem VIII,,TUITION FEE,149000,0,0,0,0,0,0,0,0,DUE
239159,1/8/2016,2016-2017,2016-2017,AIE,DUE,457388,16CCCE101116,16CCCE101116,Alumni,General,School of Computing Science & Engineering,B.Tech/B.Tech (Hons) Computer Science Engineering,School of Computing Science,B.Tech in CSE 2016-17 IV Sem VIII,,Exam Fee,10000,0,0,0,0,0,0,0,0,DUE
239160,1/8/2016,2016-2017,2016-2017,AIE,DUE,457388,16CCCE101116,16CCCE101116,Alumni,General,School of Computing Science & Engineering,B.Tech/B.Tech (Hons) Computer Science Engineering,School of Computing Science,B.Tech in CSE 2016-17 IV Sem VIII,,Library BookC Recieved,1899,0,0,0,0,0,0,0,0,DUE
239161,1/8/2016,2016-2017,2016-2017,AIE,DUE,457380,16CCCE101115,16CCCE101115,Year Back,General,School of Computing Science & Engineering,B.Tech/B.Tech (Hons) Computer Science Engineering,School of Computing Science,B.Tech First Year 2017-2018 I Sem II,,TUITION FEE,149000,0,0,0,0,0,0,0,0,DUE
239162,1/8/2016,2016-2017,2016-2017,AIE,DUE,457380,16CCCE101115,16CCCE101115,Year Back,General,School of Computing Science & Engineering,B.Tech/B.Tech (Hons) Computer Science Engineering,School of Computing Science,B.Tech First Year 2017-2018 I Sem II,,Exam Fee,10000,0,0,0,0,0,0,0,0,DUE
239163,1/8/2016,2016-2017,2016-2017,AIE,DUE,457380,16CCCE101115,16CCCE101115,Year Back,General,School of Computing Science & Engineering,B.Tech/B.Tech (Hons) Computer Science Engineering,School of Computing Science,B.Tech First Year 2017-2018 I Sem II,,Library BookC Recieved,1400,0,0,0,0,0,0,0,0,DUE
239164,1/8/2016,2016-2017,2016-2017,AIE,DUE,457525,16CCCE101140,16CCCE101140,No Information,General,School of Computing Science & Engineering,B.Tech/B.Tech (Hons) Computer Science Engineering,School of Computing Science,B.Tech/B.Tech (Hons) Computer Science Engineering 2016-2017 I Sem II,,TUITION FEE,149000,0,0,0,0,0,0,0,0,DUE
239165,1/8/2016,2016-2017,2016-2017,AIE,DUE,457525,16CCCE101140,16CCCE101140,No Information,General,School of Computing Science & Engineering,B.Tech/B.Tech (Hons) Computer Science Engineering,School of Computing Science,B.Tech/B.Tech (Hons) Computer Science Engineering 2016-2017 I Sem II,,Exam Fee,10000,0,0,0,0,0,0,0,0,DUE
239166,1/8/2016,2016-2017,2016-2017,AIE,DUE,457525,16CCCE101140,16CCCE101140,No Information,General,School of Computing Science & Engineering,B.Tech/B.Tech (Hons) Computer Science Engineering,School of Computing Science,B.Tech/B.Tech (Hons) Computer Science Engineering 2016-2017 I Sem II,,Library BookC Recieved,1400,0,0,0,0,0,0,0,0,DUE
239167,1/8/2016,2016-2017,2016-2017,AIE,DUE,458108,16CCCE101273,16CCCE101273,Alumni,General,School of Computing Science & Engineering,B.Tech/B.Tech (Hons) Computer Science Engineering,School of Computing Science,B.Tech in CSE 2016-17 IV Sem VIII,,TUITION FEE,149000,0,0,0,0,0,0,0,0,DUE
239168,1/8/2016,2016-2017,2016-2017,AIE,DUE,458108,16CCCE101273,16CCCE101273,Alumni,General,School of Computing Science & Engineering,B.Tech/B.Tech (Hons) Computer Science Engineering,School of Computing Science,B.Tech in CSE 2016-17 IV Sem VIII,,Exam Fee,10000,0,0,0,0,0,0,0,0,DUE
239169,1/8/2016,2016-2017,2016-2017,AIE,DUE,458108,16CCCE101273,16CCCE101273,Alumni,General,School of Computing Science & Engineering,B.Tech/B.Tech (Hons) Computer Science Engineering,School of Computing Science,B.Tech in CSE 2016-17 IV Sem VIII,,Library BookC Recieved,1899,0,0,0,0,0,0,0,0,DUE
239170,1/8/2016,2016-2017,2016-2017,AIE,DUE,458108,16CCCE101273,16CCCE101273,Alumni,General,School of Computing Science & Engineering,B.Tech/B.Tech (Hons) Computer Science Engineering,School of Computing Science,B.Tech in CSE 2016-17 IV Sem VIII,,Sport Activity Received,1200,0,0,0,0,0,0,0,0,DUE
239171,1/8/2016,2016-2017,2016-2017,AIE,DUE,456056,16CBAC203009,16CBAC203009,Alumni,General,School of Basic & Applied Sciences,M. Sc Chemistry,School of Basic,M.Sc. Chemistry 2016-17 II Sem IV,,TUITION FEE,46000,0,0,0,0,0,0,0,0,DUE
239172,1/8/2016,2016-2017,2016-2017,AIE,DUE,456056,16CBAC203009,16CBAC203009,Alumni,General,School of Basic & Applied Sciences,M. Sc Chemistry,School of Basic,M.Sc. Chemistry 2016-17 II Sem IV,,Exam Fee,10000,0,0,0,0,0,0,0,0,DUE
239173,1/8/2016,2016-2017,2016-2017,AIE,DUE,456056,16CBAC203009,16CBAC203009,Alumni,General,School of Basic & Applied Sciences,M. Sc Chemistry,School of Basic,M.Sc. Chemistry 2016-17 II Sem IV,,Library BookC Recieved,403,0,0,0,0,0,0,0,0,DUE
239174,1/8/2016,2016-2017,2016-2017,AIE,DUE,456139,16CCME101017,16CCME101017,Active,General,School of Mechanical Engineering,B.Tech/B.Tech (Hons) Mechanical Engineering,School of Mechanical Engineering,ME 2016-2017 IV Sem VIII,,TUITION FEE,149000,0,0,0,0,0,0,0,0,DUE
239175,1/8/2016,2016-2017,2016-2017,AIE,DUE,456139,16CCME101017,16CCME101017,Active,General,School of Mechanical Engineering,B.Tech/B.Tech (Hons) Mechanical Engineering,School of Mechanical Engineering,ME 2016-2017 IV Sem VIII,,Exam Fee,10000,0,0,0,0,0,0,0,0,DUE
239176,1/8/2016,2016-2017,2016-2017,AIE,DUE,456139,16CCME101017,16CCME101017,Active,General,School of Mechanical Engineering,B.Tech/B.Tech (Hons) Mechanical Engineering,School of Mechanical Engineering,ME 2016-2017 IV Sem VIII,,Library BookC Recieved,1400,0,0,0,0,0,0,0,0,DUE
239177,1/8/2016,2016-2017,2016-2017,AIE,DUE,456153,16CCME101018,16CCME101018,Alumni,General,School of Civil Engineering,B.Tech/B.Tech (Hons) Civil Engineering,School of Civil Engineering,B Tech Civil Engineering 2016-17 IV Sem VIII,,TUITION FEE,149000,0,0,0,0,0,0,0,0,DUE
239178,1/8/2016,2016-2017,2016-2017,AIE,DUE,456153,16CCME101018,16CCME101018,Alumni,General,School of Civil Engineering,B.Tech/B.Tech (Hons) Civil Engineering,School of Civil Engineering,B Tech Civil Engineering 2016-17 IV Sem VIII,,Exam Fee,10000,0,0,0,0,0,0,0,0,DUE
239179,1/8/2016,2016-2017,2016-2017,AIE,DUE,456153,16CCME101018,16CCME101018,Alumni,General,School of Civil Engineering,B.Tech/B.Tech (Hons) Civil Engineering,School of Civil Engineering,B Tech Civil Engineering 2016-17 IV Sem VIII,,Library BookC Recieved,1899,0,0,0,0,0,0,0,0,DUE
239180,1/8/2016,2016-2017,2016-2017,AIE,DUE,457832,16CCCE101204,16CCCE101204,Alumni,General,School of Computing Science & Engineering,B.Tech (Hons) Computer Science & Engineering with specialisation in Computer Network & Cyber Security,School of Computing Science,B.Tech in CSCN 2016-17 IV Sem VIII,,TUITION FEE,149000,0,0,0,0,0,0,0,0,DUE
239181,1/8/2016,2016-2017,2016-2017,AIE,DUE,457832,16CCCE101204,16CCCE101204,Alumni,General,School of Computing Science & Engineering,B.Tech (Hons) Computer Science & Engineering with specialisation in Computer Network & Cyber Security,School of Computing Science,B.Tech in CSCN 2016-17 IV Sem VIII,,Exam Fee,10000,0,0,0,0,0,0,0,0,DUE
239182,1/8/2016,2016-2017,2016-2017,AIE,DUE,457832,16CCCE101204,16CCCE101204,Alumni,General,School of Computing Science & Engineering,B.Tech (Hons) Computer Science & Engineering with specialisation in Computer Network & Cyber Security,School of Computing Science,B.Tech in CSCN 2016-17 IV Sem VIII,,Library BookC Recieved,1400,0,0,0,0,0,0,0,0,DUE
239183,1/8/2016,2016-2017,2016-2017,AIE,DUE,457648,16CCCE101167,16CCCE101167,Alumni,General,School of Computing Science & Engineering,B.Tech/B.Tech (Hons) Computer Science Engineering,School of Computing Science,B.Tech in CSE 2016-17 IV Sem VIII,,TUITION FEE,149000,0,0,0,0,0,0,0,0,DUE
239184,1/8/2016,2016-2017,2016-2017,AIE,DUE,457648,16CCCE101167,16CCCE101167,Alumni,General,School of Computing Science & Engineering,B.Tech/B.Tech (Hons) Computer Science Engineering,School of Computing Science,B.Tech in CSE 2016-17 IV Sem VIII,,Exam Fee,10000,0,0,0,0,0,0,0,0,DUE
239185,1/8/2016,2016-2017,2016-2017,AIE,DUE,457648,16CCCE101167,16CCCE101167,Alumni,General,School of Computing Science & Engineering,B.Tech/B.Tech (Hons) Computer Science Engineering,School of Computing Science,B.Tech in CSE 2016-17 IV Sem VIII,,Library BookC Recieved,1899,0,0,0,0,0,0,0,0,DUE
239186,1/8/2016,2016-2017,2016-2017,AIE,DUE,457648,16CCCE101167,16CCCE101167,Alumni,General,School of Computing Science & Engineering,B.Tech/B.Tech (Hons) Computer Science Engineering,School of Computing Science,B.Tech in CSE 2016-17 IV Sem VIII,,Sport Activity Received,1500,0,0,0,0,0,0,0,0,DUE
239187,1/8/2016,2016-2017,2016-2017,AIE,DUE,457656,16CCCE101169,16CCCE101169,No Information,General,School of Computing Science & Engineering,B.Tech/B.Tech (Hons) Computer Science Engineering,School of Computing Science,B.Tech in CSE 2016-17 II Sem IV,,TUITION FEE,149000,0,0,0,0,0,0,0,0,DUE
239188,1/8/2016,2016-2017,2016-2017,AIE,DUE,457656,16CCCE101169,16CCCE101169,No Information,General,School of Computing Science & Engineering,B.Tech/B.Tech (Hons) Computer Science Engineering,School of Computing Science,B.Tech in CSE 2016-17 II Sem IV,,Exam Fee,10000,0,0,0,0,0,0,0,0,DUE
239189,1/8/2016,2016-2017,2016-2017,AIE,DUE,457656,16CCCE101169,16CCCE101169,No Information,General,School of Computing Science & Engineering,B.Tech/B.Tech (Hons) Computer Science Engineering,School of Computing Science,B.Tech in CSE 2016-17 II Sem IV,,Library BookC Recieved,1899,0,0,0,0,0,0,0,0,DUE
239190,1/8/2016,2016-2017,2016-2017,AIE,DUE,457825,16CCCE101203,16CCCE101203,Alumni,General,School of Computing Science & Engineering,B.Tech/B.Tech (Hons) Computer Science Engineering,School of Computing Science,B.Tech in CSE 2016-17 IV Sem VIII,,TUITION FEE,149000,0,0,0,0,0,0,0,0,DUE
239191,1/8/2016,2016-2017,2016-2017,AIE,DUE,457825,16CCCE101203,16CCCE101203,Alumni,General,School of Computing Science & Engineering,B.Tech/B.Tech (Hons) Computer Science Engineering,School of Computing Science,B.Tech in CSE 2016-17 IV Sem VIII,,Exam Fee,10000,0,0,0,0,0,0,0,0,DUE
239192,1/8/2016,2016-2017,2016-2017,AIE,DUE,457825,16CCCE101203,16CCCE101203,Alumni,General,School of Computing Science & Engineering,B.Tech/B.Tech (Hons) Computer Science Engineering,School of Computing Science,B.Tech in CSE 2016-17 IV Sem VIII,,Library BookC Recieved,1400,0,0,0,0,0,0,0,0,DUE
239193,1/8/2016,2016-2017,2016-2017,AIE,DUE,457820,16CCCE101202,16CCCE101202,Alumni,General,School of Computing Science & Engineering,B.Tech/B.Tech (Hons) Computer Science Engineering,School of Computing Science,B.Tech in CSE 2016-17 IV Sem VIII,,TUITION FEE,149000,0,0,0,0,0,0,0,0,DUE
239194,1/8/2016,2016-2017,2016-2017,AIE,DUE,457820,16CCCE101202,16CCCE101202,Alumni,General,School of Computing Science & Engineering,B.Tech/B.Tech (Hons) Computer Science Engineering,School of Computing Science,B.Tech in CSE 2016-17 IV Sem VIII,,Exam Fee,10000,0,0,0,0,0,0,0,0,DUE
239195,1/8/2016,2016-2017,2016-2017,AIE,DUE,457820,16CCCE101202,16CCCE101202,Alumni,General,School of Computing Science & Engineering,B.Tech/B.Tech (Hons) Computer Science Engineering,School of Computing Science,B.Tech in CSE 2016-17 IV Sem VIII,,Library BookC Recieved,1899,0,0,0,0,0,0,0,0,DUE
239196,1/8/2016,2016-2017,2016-2017,AIE,DUE,457665,16CCCE101170,16CCCE101170,Alumni,General,School of Computing Science & Engineering,B.Tech/B.Tech (Hons) Computer Science Engineering,School of Computing Science,B.Tech in CSE 2016-17 IV Sem VIII,,TUITION FEE,149000,0,0,0,0,0,0,0,0,DUE
239197,1/8/2016,2016-2017,2016-2017,AIE,DUE,457665,16CCCE101170,16CCCE101170,Alumni,General,School of Computing Science & Engineering,B.Tech/B.Tech (Hons) Computer Science Engineering,School of Computing Science,B.Tech in CSE 2016-17 IV Sem VIII,,Exam Fee,10000,0,0,0,0,0,0,0,0,DUE
239198,1/8/2016,2016-2017,2016-2017,AIE,DUE,457665,16CCCE101170,16CCCE101170,Alumni,General,School of Computing Science & Engineering,B.Tech/B.Tech (Hons) Computer Science Engineering,School of Computing Science,B.Tech in CSE 2016-17 IV Sem VIII,,Library BookC Recieved,1899,0,0,0,0,0,0,0,0,DUE
239199,1/8/2016,2016-2017,2016-2017,AIE,DUE,457814,16CCCE101201,16CCCE101201,Alumni,General,School of Computing Science & Engineering,B.Tech/B.Tech (Hons) Computer Science Engineering,School of Computing Science,B.Tech in CSE 2016-17 IV Sem VIII,,TUITION FEE,149000,0,0,0,0,0,0,0,0,DUE
239200,1/8/2016,2016-2017,2016-2017,AIE,DUE,457814,16CCCE101201,16CCCE101201,Alumni,General,School of Computing Science & Engineering,B.Tech/B.Tech (Hons) Computer Science Engineering,School of Computing Science,B.Tech in CSE 2016-17 IV Sem VIII,,Exam Fee,10000,0,0,0,0,0,0,0,0,DUE
239201,1/8/2016,2016-2017,2016-2017,AIE,DUE,457814,16CCCE101201,16CCCE101201,Alumni,General,School of Computing Science & Engineering,B.Tech/B.Tech (Hons) Computer Science Engineering,School of Computing Science,B.Tech in CSE 2016-17 IV Sem VIII,,Library BookC Recieved,1400,0,0,0,0,0,0,0,0,DUE
239202,1/8/2016,2016-2017,2016-2017,AIE,DUE,456063,16CBAC204001,16CBAC204001,Alumni,General,School of Basic & Applied Sciences,M.Sc Mathematics,School of Basic,MSc Mathematics-2015-2016 II Sem IV,,TUITION FEE,46000,0,0,0,0,0,0,0,0,DUE
239203,1/8/2016,2016-2017,2016-2017,AIE,DUE,456063,16CBAC204001,16CBAC204001,Alumni,General,School of Basic & Applied Sciences,M.Sc Mathematics,School of Basic,MSc Mathematics-2015-2016 II Sem IV,,Exam Fee,10000,0,0,0,0,0,0,0,0,DUE
239204,1/8/2016,2016-2017,2016-2017,AIE,DUE,456063,16CBAC204001,16CBAC204001,Alumni,General,School of Basic & Applied Sciences,M.Sc Mathematics,School of Basic,MSc Mathematics-2015-2016 II Sem IV,,Fine Fee,1200,0,0,0,0,0,0,0,0,DUE
239205,1/8/2016,2016-2017,2016-2017,NRI,DUE,456059,16CBAC203010,16CBAC203010,Alumni,General,School of Basic & Applied Sciences,M. Sc Chemistry,School of Basic,M.Sc. Chemistry 2016-17 II Sem IV,,TUITION FEE,72000,0,0,0,0,0,0,0,0,DUE
239206,1/8/2016,2016-2017,2016-2017,NRI,DUE,456059,16CBAC203010,16CBAC203010,Alumni,General,School of Basic & Applied Sciences,M. Sc Chemistry,School of Basic,M.Sc. Chemistry 2016-17 II Sem IV,,Exam Fee,12000,0,0,0,0,0,0,0,0,DUE
239207,1/8/2016,2016-2017,2016-2017,NRI,DUE,456059,16CBAC203010,16CBAC203010,Alumni,General,School of Basic & Applied Sciences,M. Sc Chemistry,School of Basic,M.Sc. Chemistry 2016-17 II Sem IV,,Fine Fee,1400,0,0,0,0,0,0,0,0,DUE
239208,1/8/2016,2016-2017,2016-2017,NRI,DUE,456059,16CBAC203010,16CBAC203010,Alumni,General,School of Basic & Applied Sciences,M. Sc Chemistry,School of Basic,M.Sc. Chemistry 2016-17 II Sem IV,,Library BookC Recieved,403,0,0,0,0,0,0,0,0,DUE
239209,1/8/2016,2016-2017,2016-2017,AIE,DUE,503705,16CCCE105051,16CCCE105051,Alumni,General,School of Computing Science & Engineering,B.Tech (Hons) in Computer Science & Engineering with Specialization in Cloud Computing & Virtualizations,School of Computing Science,B.Tech in CSCC 2016-17 IV Sem VIII,,TUITION FEE,170000,0,0,0,0,0,0,0,0,DUE
239210,1/8/2016,2016-2017,2016-2017,AIE,DUE,503705,16CCCE105051,16CCCE105051,Alumni,General,School of Computing Science & Engineering,B.Tech (Hons) in Computer Science & Engineering with Specialization in Cloud Computing & Virtualizations,School of Computing Science,B.Tech in CSCC 2016-17 IV Sem VIII,,Exam Fee,10000,0,0,0,0,0,0,0,0,DUE
239211,1/8/2016,2016-2017,2016-2017,AIE,DUE,503705,16CCCE105051,16CCCE105051,Alumni,General,School of Computing Science & Engineering,B.Tech (Hons) in Computer Science & Engineering with Specialization in Cloud Computing & Virtualizations,School of Computing Science,B.Tech in CSCC 2016-17 IV Sem VIII,,Library BookC Recieved,1400,0,0,0,0,0,0,0,0,DUE
239212,1/8/2016,2016-2017,2016-2017,AIE,DUE,457642,16CCCE101166,16CCCE101166,Alumni,General,School of Computing Science & Engineering,B.Tech/B.Tech (Hons) Computer Science Engineering,School of Computing Science,B.Tech in CSE 2016-17 IV Sem VIII,,TUITION FEE,149000,0,0,0,0,0,0,0,0,DUE
239213,1/8/2016,2016-2017,2016-2017,AIE,DUE,457642,16CCCE101166,16CCCE101166,Alumni,General,School of Computing Science & Engineering,B.Tech/B.Tech (Hons) Computer Science Engineering,School of Computing Science,B.Tech in CSE 2016-17 IV Sem VIII,,Exam Fee,10000,0,0,0,0,0,0,0,0,DUE
239214,1/8/2016,2016-2017,2016-2017,AIE,DUE,457642,16CCCE101166,16CCCE101166,Alumni,General,School of Computing Science & Engineering,B.Tech/B.Tech (Hons) Computer Science Engineering,School of Computing Science,B.Tech in CSE 2016-17 IV Sem VIII,,Library BookC Recieved,1899,0,0,0,0,0,0,0,0,DUE
239215,1/8/2016,2016-2017,2016-2017,AIE,DUE,457635,16CCCE101165,16CCCE101165,Alumni,General,School of Computing Science & Engineering,B.Tech/B.Tech (Hons) Computer Science Engineering,School of Computing Science,B.Tech in CSE 2016-17 IV Sem VIII,,TUITION FEE,149000,0,0,0,0,0,0,0,0,DUE
239216,1/8/2016,2016-2017,2016-2017,AIE,DUE,457635,16CCCE101165,16CCCE101165,Alumni,General,School of Computing Science & Engineering,B.Tech/B.Tech (Hons) Computer Science Engineering,School of Computing Science,B.Tech in CSE 2016-17 IV Sem VIII,,Exam Fee,10000,0,0,0,0,0,0,0,0,DUE
239217,1/8/2016,2016-2017,2016-2017,AIE,DUE,457635,16CCCE101165,16CCCE101165,Alumni,General,School of Computing Science & Engineering,B.Tech/B.Tech (Hons) Computer Science Engineering,School of Computing Science,B.Tech in CSE 2016-17 IV Sem VIII,,Library BookC Recieved,1899,0,0,0,0,0,0,0,0,DUE
239218,1/8/2016,2016-2017,2016-2017,AIE,DUE,457859,16CCCE101210,16CCCE101210,Alumni,General,School of Computing Science & Engineering,B.Tech/B.Tech (Hons) Computer Science Engineering,School of Computing Science,B.Tech in CSE 2016-17 IV Sem VIII,,TUITION FEE,149000,0,0,0,0,0,0,0,0,DUE
239219,1/8/2016,2016-2017,2016-2017,AIE,DUE,457859,16CCCE101210,16CCCE101210,Alumni,General,School of Computing Science & Engineering,B.Tech/B.Tech (Hons) Computer Science Engineering,School of Computing Science,B.Tech in CSE 2016-17 IV Sem VIII,,Exam Fee,10000,0,0,0,0,0,0,0,0,DUE
239220,1/8/2016,2016-2017,2016-2017,AIE,DUE,457859,16CCCE101210,16CCCE101210,Alumni,General,School of Computing Science & Engineering,B.Tech/B.Tech (Hons) Computer Science Engineering,School of Computing Science,B.Tech in CSE 2016-17 IV Sem VIII,,Library BookC Recieved,1899,0,0,0,0,0,0,0,0,DUE
239221,1/8/2016,2016-2017,2016-2017,AIE,DUE,457855,16CCCE101208,16CCCE101208,Alumni,General,School of Computing Science & Engineering,B.Tech/B.Tech (Hons) Computer Science Engineering,School of Computing Science,B.Tech in CSE 2016-17 IV Sem VIII,,TUITION FEE,149000,0,0,0,0,0,0,0,0,DUE
239222,1/8/2016,2016-2017,2016-2017,AIE,DUE,457855,16CCCE101208,16CCCE101208,Alumni,General,School of Computing Science & Engineering,B.Tech/B.Tech (Hons) Computer Science Engineering,School of Computing Science,B.Tech in CSE 2016-17 IV Sem VIII,,Exam Fee,10000,0,0,0,0,0,0,0,0,DUE
239223,1/8/2016,2016-2017,2016-2017,AIE,DUE,457855,16CCCE101208,16CCCE101208,Alumni,General,School of Computing Science & Engineering,B.Tech/B.Tech (Hons) Computer Science Engineering,School of Computing Science,B.Tech in CSE 2016-17 IV Sem VIII,,Library BookC Recieved,1400,0,0,0,0,0,0,0,0,DUE
239224,1/8/2016,2016-2017,2016-2017,AIE,DUE,503669,16CCCE105041,16CCCE105041,Alumni,General,School of Computing Science & Engineering,B.Tech (Hons) in Computer Science & Engineering with Specialization in Cloud Computing & Virtualizations,School of Computing Science,B.Tech in CSCC 2016-17 IV Sem VIII,,TUITION FEE,170000,0,0,0,0,0,0,0,0,DUE
239225,1/8/2016,2016-2017,2016-2017,AIE,DUE,503669,16CCCE105041,16CCCE105041,Alumni,General,School of Computing Science & Engineering,B.Tech (Hons) in Computer Science & Engineering with Specialization in Cloud Computing & Virtualizations,School of Computing Science,B.Tech in CSCC 2016-17 IV Sem VIII,,Exam Fee,10000,0,0,0,0,0,0,0,0,DUE
239226,1/8/2016,2016-2017,2016-2017,AIE,DUE,503669,16CCCE105041,16CCCE105041,Alumni,General,School of Computing Science & Engineering,B.Tech (Hons) in Computer Science & Engineering with Specialization in Cloud Computing & Virtualizations,School of Computing Science,B.Tech in CSCC 2016-17 IV Sem VIII,,Library BookC Recieved,1400,0,0,0,0,0,0,0,0,DUE
239227,1/8/2016,2016-2017,2016-2017,AIE,DUE,457602,16CCCE101160,16CCCE101160,Alumni,General,School of Computing Science & Engineering,B.Tech/B.Tech (Hons) Computer Science Engineering,School of Computing Science,B.Tech in CSE 2016-17 IV Sem VIII,,TUITION FEE,149000,0,0,0,0,0,0,0,0,DUE
239228,1/8/2016,2016-2017,2016-2017,AIE,DUE,457602,16CCCE101160,16CCCE101160,Alumni,General,School of Computing Science & Engineering,B.Tech/B.Tech (Hons) Computer Science Engineering,School of Computing Science,B.Tech in CSE 2016-17 IV Sem VIII,,Exam Fee,10000,0,0,0,0,0,0,0,0,DUE
239229,1/8/2016,2016-2017,2016-2017,AIE,DUE,457602,16CCCE101160,16CCCE101160,Alumni,General,School of Computing Science & Engineering,B.Tech/B.Tech (Hons) Computer Science Engineering,School of Computing Science,B.Tech in CSE 2016-17 IV Sem VIII,,Library BookC Recieved,1899,0,0,0,0,0,0,0,0,DUE
239230,1/8/2016,2016-2017,2016-2017,AIE,DUE,457863,16CCCE101211,16CCCE101211,Alumni,General,School of Computing Science & Engineering,B.Tech/B.Tech (Hons) Computer Science Engineering,School of Computing Science,B.Tech in CSE 2016-17 IV Sem VIII,,TUITION FEE,149000,0,0,0,0,0,0,0,0,DUE
239231,1/8/2016,2016-2017,2016-2017,AIE,DUE,457863,16CCCE101211,16CCCE101211,Alumni,General,School of Computing Science & Engineering,B.Tech/B.Tech (Hons) Computer Science Engineering,School of Computing Science,B.Tech in CSE 2016-17 IV Sem VIII,,Exam Fee,10000,0,0,0,0,0,0,0,0,DUE
239232,1/8/2016,2016-2017,2016-2017,AIE,DUE,457863,16CCCE101211,16CCCE101211,Alumni,General,School of Computing Science & Engineering,B.Tech/B.Tech (Hons) Computer Science Engineering,School of Computing Science,B.Tech in CSE 2016-17 IV Sem VIII,,Library BookC Recieved,1899,0,0,0,0,0,0,0,0,DUE
239233,1/8/2016,2016-2017,2016-2017,AIE,DUE,456163,16CCME101019,16CCME101019,Alumni,General,School of Mechanical Engineering,B.Tech/B.Tech (Hons) Mechanical Engineering,School of Mechanical Engineering,ME 2016-2017 IV Sem VIII,,TUITION FEE,149000,0,0,0,0,0,0,0,0,DUE
239234,1/8/2016,2016-2017,2016-2017,AIE,DUE,456163,16CCME101019,16CCME101019,Alumni,General,School of Mechanical Engineering,B.Tech/B.Tech (Hons) Mechanical Engineering,School of Mechanical Engineering,ME 2016-2017 IV Sem VIII,,Exam Fee,10000,0,0,0,0,0,0,0,0,DUE
239235,1/8/2016,2016-2017,2016-2017,AIE,DUE,456163,16CCME101019,16CCME101019,Alumni,General,School of Mechanical Engineering,B.Tech/B.Tech (Hons) Mechanical Engineering,School of Mechanical Engineering,ME 2016-2017 IV Sem VIII,,Library BookC Recieved,1899,0,0,0,0,0,0,0,0,DUE
239236,1/8/2016,2016-2017,2016-2017,AIE,DUE,457606,16CCCE101161,16CCCE101161,Alumni,General,School of Computing Science & Engineering,B.Tech/B.Tech (Hons) Computer Science Engineering,School of Computing Science,B.Tech in CSE 2016-17 IV Sem VIII,,TUITION FEE,149000,0,0,0,0,0,0,0,0,DUE
239237,1/8/2016,2016-2017,2016-2017,AIE,DUE,457606,16CCCE101161,16CCCE101161,Alumni,General,School of Computing Science & Engineering,B.Tech/B.Tech (Hons) Computer Science Engineering,School of Computing Science,B.Tech in CSE 2016-17 IV Sem VIII,,Exam Fee,10000,0,0,0,0,0,0,0,0,DUE
239238,1/8/2016,2016-2017,2016-2017,AIE,DUE,457606,16CCCE101161,16CCCE101161,Alumni,General,School of Computing Science & Engineering,B.Tech/B.Tech (Hons) Computer Science Engineering,School of Computing Science,B.Tech in CSE 2016-17 IV Sem VIII,,Library BookC Recieved,1899,0,0,0,0,0,0,0,0,DUE
239239,1/8/2016,2016-2017,2016-2017,AIE,DUE,457606,16CCCE101161,16CCCE101161,Alumni,General,School of Computing Science & Engineering,B.Tech/B.Tech (Hons) Computer Science Engineering,School of Computing Science,B.Tech in CSE 2016-17 IV Sem VIII,,Sport Activity Received,500,0,0,0,0,0,0,0,0,DUE
239240,1/8/2016,2016-2017,2016-2017,AIE,DUE,457618,16CCCE101162,16CCCE101162,Alumni,General,School of Computing Science & Engineering,B.Tech/B.Tech (Hons) Computer Science Engineering,School of Computing Science,B.Tech in CSE 2016-17 IV Sem VIII,,TUITION FEE,149000,0,0,0,0,0,0,0,0,DUE
239241,1/8/2016,2016-2017,2016-2017,AIE,DUE,457618,16CCCE101162,16CCCE101162,Alumni,General,School of Computing Science & Engineering,B.Tech/B.Tech (Hons) Computer Science Engineering,School of Computing Science,B.Tech in CSE 2016-17 IV Sem VIII,,Exam Fee,10000,0,0,0,0,0,0,0,0,DUE
239242,1/8/2016,2016-2017,2016-2017,AIE,DUE,457618,16CCCE101162,16CCCE101162,Alumni,General,School of Computing Science & Engineering,B.Tech/B.Tech (Hons) Computer Science Engineering,School of Computing Science,B.Tech in CSE 2016-17 IV Sem VIII,,Library BookC Recieved,1899,0,0,0,0,0,0,0,0,DUE
239243,1/8/2016,2016-2017,2016-2017,AIE,DUE,457843,16CCCE101206,16CCCE101206,No Information,General,School of Computing Science & Engineering,B.Tech/B.Tech (Hons) Computer Science Engineering,School of Computing Science,B.Tech/B.Tech (Hons) Computer Science Engineering 2016-2017 I Sem II,,TUITION FEE,149000,0,0,0,0,0,0,0,0,DUE
239244,1/8/2016,2016-2017,2016-2017,AIE,DUE,457843,16CCCE101206,16CCCE101206,No Information,General,School of Computing Science & Engineering,B.Tech/B.Tech (Hons) Computer Science Engineering,School of Computing Science,B.Tech/B.Tech (Hons) Computer Science Engineering 2016-2017 I Sem II,,Exam Fee,10000,0,0,0,0,0,0,0,0,DUE
239245,1/8/2016,2016-2017,2016-2017,AIE,DUE,457843,16CCCE101206,16CCCE101206,No Information,General,School of Computing Science & Engineering,B.Tech/B.Tech (Hons) Computer Science Engineering,School of Computing Science,B.Tech/B.Tech (Hons) Computer Science Engineering 2016-2017 I Sem II,,Library BookC Recieved,1400,0,0,0,0,0,0,0,0,DUE
239246,1/8/2016,2016-2017,2016-2017,AIE,DUE,457840,16CCCE101205,16CCCE101205,Alumni,General,School of Computing Science & Engineering,B.Tech/B.Tech (Hons) Computer Science Engineering,School of Computing Science,B.Tech in CSE 2016-17 IV Sem VIII,,TUITION FEE,149000,0,0,0,0,0,0,0,0,DUE
239247,1/8/2016,2016-2017,2016-2017,AIE,DUE,457840,16CCCE101205,16CCCE101205,Alumni,General,School of Computing Science & Engineering,B.Tech/B.Tech (Hons) Computer Science Engineering,School of Computing Science,B.Tech in CSE 2016-17 IV Sem VIII,,Exam Fee,10000,0,0,0,0,0,0,0,0,DUE
239248,1/8/2016,2016-2017,2016-2017,AIE,DUE,457840,16CCCE101205,16CCCE101205,Alumni,General,School of Computing Science & Engineering,B.Tech/B.Tech (Hons) Computer Science Engineering,School of Computing Science,B.Tech in CSE 2016-17 IV Sem VIII,,Library BookC Recieved,1899,0,0,0,0,0,0,0,0,DUE
239249,1/8/2016,2016-2017,2016-2017,AIE,DUE,457624,16CCCE101164,16CCCE101164,Alumni,General,School of Computing Science & Engineering,B.Tech/B.Tech (Hons) Computer Science Engineering,School of Computing Science,B.Tech in CSE 2016-17 IV Sem VIII,,TUITION FEE,149000,0,0,0,0,0,0,0,0,DUE
239250,1/8/2016,2016-2017,2016-2017,AIE,DUE,457624,16CCCE101164,16CCCE101164,Alumni,General,School of Computing Science & Engineering,B.Tech/B.Tech (Hons) Computer Science Engineering,School of Computing Science,B.Tech in CSE 2016-17 IV Sem VIII,,Exam Fee,10000,0,0,0,0,0,0,0,0,DUE
239251,1/8/2016,2016-2017,2016-2017,AIE,DUE,457624,16CCCE101164,16CCCE101164,Alumni,General,School of Computing Science & Engineering,B.Tech/B.Tech (Hons) Computer Science Engineering,School of Computing Science,B.Tech in CSE 2016-17 IV Sem VIII,,Library BookC Recieved,1899,0,0,0,0,0,0,0,0,DUE
239252,1/8/2016,2016-2017,2016-2017,AIE,DUE,503700,16CCCE105050,16CCCE105050,Alumni,General,School of Computing Science & Engineering,B.Tech (Hons) in Computer Science & Engineering with Specialization in Cloud Computing & Virtualizations,School of Computing Science,B.Tech in CSCC 2016-17 IV Sem VIII,,TUITION FEE,170000,0,0,0,0,0,0,0,0,DUE
239253,1/8/2016,2016-2017,2016-2017,AIE,DUE,503700,16CCCE105050,16CCCE105050,Alumni,General,School of Computing Science & Engineering,B.Tech (Hons) in Computer Science & Engineering with Specialization in Cloud Computing & Virtualizations,School of Computing Science,B.Tech in CSCC 2016-17 IV Sem VIII,,Exam Fee,10000,0,0,0,0,0,0,0,0,DUE
239254,1/8/2016,2016-2017,2016-2017,AIE,DUE,503700,16CCCE105050,16CCCE105050,Alumni,General,School of Computing Science & Engineering,B.Tech (Hons) in Computer Science & Engineering with Specialization in Cloud Computing & Virtualizations,School of Computing Science,B.Tech in CSCC 2016-17 IV Sem VIII,,Library BookC Recieved,1400,0,0,0,0,0,0,0,0,DUE
239255,1/8/2016,2016-2017,2016-2017,AIE,DUE,457851,16CCCE101207,16CCCE101207,Active,General,School of Computing Science & Engineering,B.Tech/B.Tech (Hons) Computer Science Engineering,School of Computing Science,B.Tech in CSE 2016-17 IV Sem VIII,,TUITION FEE,149000,0,0,0,0,0,0,0,0,DUE
239256,1/8/2016,2016-2017,2016-2017,AIE,DUE,457851,16CCCE101207,16CCCE101207,Active,General,School of Computing Science & Engineering,B.Tech/B.Tech (Hons) Computer Science Engineering,School of Computing Science,B.Tech in CSE 2016-17 IV Sem VIII,,Exam Fee,10000,0,0,0,0,0,0,0,0,DUE
239257,1/8/2016,2016-2017,2016-2017,AIE,DUE,457851,16CCCE101207,16CCCE101207,Active,General,School of Computing Science & Engineering,B.Tech/B.Tech (Hons) Computer Science Engineering,School of Computing Science,B.Tech in CSE 2016-17 IV Sem VIII,,Library BookC Recieved,1899,0,0,0,0,0,0,0,0,DUE
239258,1/8/2016,2016-2017,2016-2017,AIE,DUE,457673,16CCCE101171,16CCCE101171,Alumni,General,School of Computing Science & Engineering,B.Tech/B.Tech (Hons) Computer Science Engineering,School of Computing Science,B.Tech in CSE 2016-17 IV Sem VIII,,TUITION FEE,149000,0,0,0,0,0,0,0,0,DUE
239259,1/8/2016,2016-2017,2016-2017,AIE,DUE,457673,16CCCE101171,16CCCE101171,Alumni,General,School of Computing Science & Engineering,B.Tech/B.Tech (Hons) Computer Science Engineering,School of Computing Science,B.Tech in CSE 2016-17 IV Sem VIII,,Exam Fee,10000,0,0,0,0,0,0,0,0,DUE
239260,1/8/2016,2016-2017,2016-2017,AIE,DUE,457673,16CCCE101171,16CCCE101171,Alumni,General,School of Computing Science & Engineering,B.Tech/B.Tech (Hons) Computer Science Engineering,School of Computing Science,B.Tech in CSE 2016-17 IV Sem VIII,,Library BookC Recieved,1400,0,0,0,0,0,0,0,0,DUE
239261,1/8/2016,2016-2017,2016-2017,AIE,DUE,456068,16CCME101001,16CCME101001,Alumni,General,School of Mechanical Engineering,B.Tech/B.Tech (Hons) Mechanical Engineering,School of Mechanical Engineering,ME 2016-2017 IV Sem VIII,,TUITION FEE,149000,0,0,0,0,0,0,0,0,DUE
239262,1/8/2016,2016-2017,2016-2017,AIE,DUE,456068,16CCME101001,16CCME101001,Alumni,General,School of Mechanical Engineering,B.Tech/B.Tech (Hons) Mechanical Engineering,School of Mechanical Engineering,ME 2016-2017 IV Sem VIII,,Exam Fee,10000,0,0,0,0,0,0,0,0,DUE
239263,1/8/2016,2016-2017,2016-2017,AIE,DUE,456068,16CCME101001,16CCME101001,Alumni,General,School of Mechanical Engineering,B.Tech/B.Tech (Hons) Mechanical Engineering,School of Mechanical Engineering,ME 2016-2017 IV Sem VIII,,Library BookC Recieved,1899,0,0,0,0,0,0,0,0,DUE
239264,1/8/2016,2016-2017,2016-2017,AIE,DUE,456068,16CCME101001,16CCME101001,Alumni,General,School of Mechanical Engineering,B.Tech/B.Tech (Hons) Mechanical Engineering,School of Mechanical Engineering,ME 2016-2017 IV Sem VIII,,Sport Activity Received,2100,0,0,0,0,0,0,0,0,DUE
239265,1/8/2016,2016-2017,2016-2017,AIE,DUE,501097,16CCME101031,16CCME101031,Alumni,General,School of Mechanical Engineering,B.Tech/B.Tech (Hons) Mechanical Engineering,School of Mechanical Engineering,ME 2016-2017 IV Sem VIII,,TUITION FEE,149000,0,0,0,0,0,0,0,0,DUE
239266,1/8/2016,2016-2017,2016-2017,AIE,DUE,501097,16CCME101031,16CCME101031,Alumni,General,School of Mechanical Engineering,B.Tech/B.Tech (Hons) Mechanical Engineering,School of Mechanical Engineering,ME 2016-2017 IV Sem VIII,,Exam Fee,10000,0,0,0,0,0,0,0,0,DUE
239267,1/8/2016,2016-2017,2016-2017,AIE,DUE,501097,16CCME101031,16CCME101031,Alumni,General,School of Mechanical Engineering,B.Tech/B.Tech (Hons) Mechanical Engineering,School of Mechanical Engineering,ME 2016-2017 IV Sem VIII,,Library BookC Recieved,1899,0,0,0,0,0,0,0,0,DUE
239268,1/8/2016,2016-2017,2016-2017,AIE,DUE,501097,16CCME101031,16CCME101031,Alumni,General,School of Mechanical Engineering,B.Tech/B.Tech (Hons) Mechanical Engineering,School of Mechanical Engineering,ME 2016-2017 IV Sem VIII,,Sport Activity Received,700,0,0,0,0,0,0,0,0,DUE
239269,1/8/2016,2016-2017,2016-2017,AIE,DUE,457730,16CCCE101185,16CCCE101185,Alumni,General,School of Computing Science & Engineering,B.Tech/B.Tech (Hons) Computer Science Engineering,School of Computing Science,B.Tech in CSE 2016-17 IV Sem VIII,,TUITION FEE,149000,0,0,0,0,0,0,0,0,DUE
239270,1/8/2016,2016-2017,2016-2017,AIE,DUE,457730,16CCCE101185,16CCCE101185,Alumni,General,School of Computing Science & Engineering,B.Tech/B.Tech (Hons) Computer Science Engineering,School of Computing Science,B.Tech in CSE 2016-17 IV Sem VIII,,Exam Fee,10000,0,0,0,0,0,0,0,0,DUE
239271,1/8/2016,2016-2017,2016-2017,AIE,DUE,457730,16CCCE101185,16CCCE101185,Alumni,General,School of Computing Science & Engineering,B.Tech/B.Tech (Hons) Computer Science Engineering,School of Computing Science,B.Tech in CSE 2016-17 IV Sem VIII,,Library BookC Recieved,1899,0,0,0,0,0,0,0,0,DUE
239272,1/8/2016,2016-2017,2016-2017,AIE,DUE,457773,16CCCE101191,16CCCE101191,Alumni,General,School of Computing Science & Engineering,B.Tech/B.Tech (Hons) Computer Science Engineering,School of Computing Science,B.Tech in CSE 2016-17 IV Sem VIII,,TUITION FEE,149000,0,0,0,0,0,0,0,0,DUE
239273,1/8/2016,2016-2017,2016-2017,AIE,DUE,457773,16CCCE101191,16CCCE101191,Alumni,General,School of Computing Science & Engineering,B.Tech/B.Tech (Hons) Computer Science Engineering,School of Computing Science,B.Tech in CSE 2016-17 IV Sem VIII,,Exam Fee,10000,0,0,0,0,0,0,0,0,DUE
239274,1/8/2016,2016-2017,2016-2017,AIE,DUE,457773,16CCCE101191,16CCCE101191,Alumni,General,School of Computing Science & Engineering,B.Tech/B.Tech (Hons) Computer Science Engineering,School of Computing Science,B.Tech in CSE 2016-17 IV Sem VIII,,Library BookC Recieved,1400,0,0,0,0,0,0,0,0,DUE
239275,1/8/2016,2016-2017,2016-2017,AIE,DUE,457723,16CCCE101184,16CCCE101184,Alumni,General,School of Computing Science & Engineering,B.Tech/B.Tech (Hons) Computer Science Engineering,School of Computing Science,B.Tech in CSE 2016-17 IV Sem VIII,,TUITION FEE,149000,0,0,0,0,0,0,0,0,DUE
239276,1/8/2016,2016-2017,2016-2017,AIE,DUE,457723,16CCCE101184,16CCCE101184,Alumni,General,School of Computing Science & Engineering,B.Tech/B.Tech (Hons) Computer Science Engineering,School of Computing Science,B.Tech in CSE 2016-17 IV Sem VIII,,Exam Fee,10000,0,0,0,0,0,0,0,0,DUE
239277,1/8/2016,2016-2017,2016-2017,AIE,DUE,457723,16CCCE101184,16CCCE101184,Alumni,General,School of Computing Science & Engineering,B.Tech/B.Tech (Hons) Computer Science Engineering,School of Computing Science,B.Tech in CSE 2016-17 IV Sem VIII,,Library BookC Recieved,1899,0,0,0,0,0,0,0,0,DUE
239278,1/8/2016,2016-2017,2016-2017,AIE,DUE,457706,16CCCE101181,16CCCE101181,Alumni,General,School of Computing Science & Engineering,B.Tech/B.Tech (Hons) Computer Science Engineering,School of Computing Science,B.Tech in CSE 2016-17 IV Sem VIII,,TUITION FEE,149000,0,0,0,0,0,0,0,0,DUE
239279,1/8/2016,2016-2017,2016-2017,AIE,DUE,457706,16CCCE101181,16CCCE101181,Alumni,General,School of Computing Science & Engineering,B.Tech/B.Tech (Hons) Computer Science Engineering,School of Computing Science,B.Tech in CSE 2016-17 IV Sem VIII,,Exam Fee,10000,0,0,0,0,0,0,0,0,DUE
239280,1/8/2016,2016-2017,2016-2017,AIE,DUE,457706,16CCCE101181,16CCCE101181,Alumni,General,School of Computing Science & Engineering,B.Tech/B.Tech (Hons) Computer Science Engineering,School of Computing Science,B.Tech in CSE 2016-17 IV Sem VIII,,Library BookC Recieved,1400,0,0,0,0,0,0,0,0,DUE
239281,1/8/2016,2016-2017,2016-2017,AIE,DUE,457718,16CCCE101182,16CCCE101182,Alumni,General,School of Computing Science & Engineering,B.Tech/B.Tech (Hons) Computer Science Engineering,School of Computing Science,B.Tech in CSE 2016-17 IV Sem VIII,,TUITION FEE,149000,0,0,0,0,0,0,0,0,DUE
239282,1/8/2016,2016-2017,2016-2017,AIE,DUE,457718,16CCCE101182,16CCCE101182,Alumni,General,School of Computing Science & Engineering,B.Tech/B.Tech (Hons) Computer Science Engineering,School of Computing Science,B.Tech in CSE 2016-17 IV Sem VIII,,Exam Fee,10000,0,0,0,0,0,0,0,0,DUE
239283,1/8/2016,2016-2017,2016-2017,AIE,DUE,457718,16CCCE101182,16CCCE101182,Alumni,General,School of Computing Science & Engineering,B.Tech/B.Tech (Hons) Computer Science Engineering,School of Computing Science,B.Tech in CSE 2016-17 IV Sem VIII,,Library BookC Recieved,1899,0,0,0,0,0,0,0,0,DUE
239284,1/8/2016,2016-2017,2016-2017,AIE,DUE,456110,16CCME101013,16CCME101013,Alumni,General,School of Mechanical Engineering,B.Tech/B.Tech (Hons) Mechanical Engineering,School of Mechanical Engineering,ME 2016-2017 IV Sem VIII,,TUITION FEE,149000,0,0,0,0,0,0,0,0,DUE
239285,1/8/2016,2016-2017,2016-2017,AIE,DUE,456110,16CCME101013,16CCME101013,Alumni,General,School of Mechanical Engineering,B.Tech/B.Tech (Hons) Mechanical Engineering,School of Mechanical Engineering,ME 2016-2017 IV Sem VIII,,Exam Fee,10000,0,0,0,0,0,0,0,0,DUE
239286,1/8/2016,2016-2017,2016-2017,AIE,DUE,456110,16CCME101013,16CCME101013,Alumni,General,School of Mechanical Engineering,B.Tech/B.Tech (Hons) Mechanical Engineering,School of Mechanical Engineering,ME 2016-2017 IV Sem VIII,,Library BookC Recieved,1899,0,0,0,0,0,0,0,0,DUE
239287,1/8/2016,2016-2017,2016-2017,AIE,DUE,457735,16CCCE101186,16CCCE101186,No Information,General,School of Computing Science & Engineering,B.Tech/B.Tech (Hons) Computer Science Engineering,School of Computing Science,B.Tech in CSE 2016-17 II Sem IV,,TUITION FEE,149000,0,0,0,0,0,0,0,0,DUE
239288,1/8/2016,2016-2017,2016-2017,AIE,DUE,457735,16CCCE101186,16CCCE101186,No Information,General,School of Computing Science & Engineering,B.Tech/B.Tech (Hons) Computer Science Engineering,School of Computing Science,B.Tech in CSE 2016-17 II Sem IV,,Exam Fee,10000,0,0,0,0,0,0,0,0,DUE
239289,1/8/2016,2016-2017,2016-2017,AIE,DUE,457735,16CCCE101186,16CCCE101186,No Information,General,School of Computing Science & Engineering,B.Tech/B.Tech (Hons) Computer Science Engineering,School of Computing Science,B.Tech in CSE 2016-17 II Sem IV,,Library BookC Recieved,1899,0,0,0,0,0,0,0,0,DUE
239290,1/8/2016,2016-2017,2016-2017,AIE,DUE,457751,16CCCE1011897,16CCCE1011897,Active,General,School of Computing Science & Engineering,B.Tech/B.Tech (Hons) Computer Science Engineering,School of Computing Science,B.Tech in CSE 2016-17 IV Sem VIII,,TUITION FEE,149000,0,0,0,0,0,0,0,0,DUE
239291,1/8/2016,2016-2017,2016-2017,AIE,DUE,457751,16CCCE1011897,16CCCE1011897,Active,General,School of Computing Science & Engineering,B.Tech/B.Tech (Hons) Computer Science Engineering,School of Computing Science,B.Tech in CSE 2016-17 IV Sem VIII,,Exam Fee,10000,0,0,0,0,0,0,0,0,DUE
239292,1/8/2016,2016-2017,2016-2017,AIE,DUE,457751,16CCCE1011897,16CCCE1011897,Active,General,School of Computing Science & Engineering,B.Tech/B.Tech (Hons) Computer Science Engineering,School of Computing Science,B.Tech in CSE 2016-17 IV Sem VIII,,Library BookC Recieved,300,0,0,0,0,0,0,0,0,DUE
239293,1/8/2016,2016-2017,2016-2017,AIE,DUE,457749,16CCCE1011896,16CCCE1011896,Active,General,School of Computing Science & Engineering,B.Tech/B.Tech (Hons) Computer Science Engineering,School of Computing Science,B.Tech in CSE 2016-17 IV Sem VIII,,TUITION FEE,149000,0,0,0,0,0,0,0,0,DUE
239294,1/8/2016,2016-2017,2016-2017,AIE,DUE,457749,16CCCE1011896,16CCCE1011896,Active,General,School of Computing Science & Engineering,B.Tech/B.Tech (Hons) Computer Science Engineering,School of Computing Science,B.Tech in CSE 2016-17 IV Sem VIII,,Exam Fee,10000,0,0,0,0,0,0,0,0,DUE
239295,1/8/2016,2016-2017,2016-2017,AIE,DUE,457749,16CCCE1011896,16CCCE1011896,Active,General,School of Computing Science & Engineering,B.Tech/B.Tech (Hons) Computer Science Engineering,School of Computing Science,B.Tech in CSE 2016-17 IV Sem VIII,,Library BookC Recieved,1899,0,0,0,0,0,0,0,0,DUE
239296,1/8/2016,2016-2017,2016-2017,AIE,DUE,457764,16CCCE101190,16CCCE101190,Active,General,School of Computing Science & Engineering,B.Tech/B.Tech (Hons) Computer Science Engineering,School of Computing Science,B.Tech in CSE 2016-17 IV Sem VIII,,TUITION FEE,149000,0,0,0,0,0,0,0,0,DUE
239297,1/8/2016,2016-2017,2016-2017,AIE,DUE,457764,16CCCE101190,16CCCE101190,Active,General,School of Computing Science & Engineering,B.Tech/B.Tech (Hons) Computer Science Engineering,School of Computing Science,B.Tech in CSE 2016-17 IV Sem VIII,,Exam Fee,10000,0,0,0,0,0,0,0,0,DUE
239298,1/8/2016,2016-2017,2016-2017,AIE,DUE,457764,16CCCE101190,16CCCE101190,Active,General,School of Computing Science & Engineering,B.Tech/B.Tech (Hons) Computer Science Engineering,School of Computing Science,B.Tech in CSE 2016-17 IV Sem VIII,,Library BookC Recieved,1899,0,0,0,0,0,0,0,0,DUE
239299,1/8/2016,2016-2017,2016-2017,AIE,DUE,460736,16CCCE101875,16CCCE101875,Alumni,General,School of Computing Science & Engineering,B.Tech/B.Tech (Hons) Computer Science Engineering,School of Computing Science,B.Tech in CSE 2016-17 IV Sem VIII,,TUITION FEE,149000,0,0,0,0,0,0,0,0,DUE
239300,1/8/2016,2016-2017,2016-2017,AIE,DUE,460736,16CCCE101875,16CCCE101875,Alumni,General,School of Computing Science & Engineering,B.Tech/B.Tech (Hons) Computer Science Engineering,School of Computing Science,B.Tech in CSE 2016-17 IV Sem VIII,,Exam Fee,10000,0,0,0,0,0,0,0,0,DUE
239301,1/8/2016,2016-2017,2016-2017,AIE,DUE,460736,16CCCE101875,16CCCE101875,Alumni,General,School of Computing Science & Engineering,B.Tech/B.Tech (Hons) Computer Science Engineering,School of Computing Science,B.Tech in CSE 2016-17 IV Sem VIII,,Library BookC Recieved,1899,0,0,0,0,0,0,0,0,DUE
239302,1/8/2016,2016-2017,2016-2017,AIE,DUE,457743,16CCCE101189,16CCCE101189,Alumni,General,School of Computing Science & Engineering,B.Tech/B.Tech (Hons) Computer Science Engineering,School of Computing Science,B.Tech in CSE 2016-17 IV Sem VIII,,TUITION FEE,149000,0,0,0,0,0,0,0,0,DUE
239303,1/8/2016,2016-2017,2016-2017,AIE,DUE,457743,16CCCE101189,16CCCE101189,Alumni,General,School of Computing Science & Engineering,B.Tech/B.Tech (Hons) Computer Science Engineering,School of Computing Science,B.Tech in CSE 2016-17 IV Sem VIII,,Exam Fee,10000,0,0,0,0,0,0,0,0,DUE
239304,1/8/2016,2016-2017,2016-2017,AIE,DUE,457743,16CCCE101189,16CCCE101189,Alumni,General,School of Computing Science & Engineering,B.Tech/B.Tech (Hons) Computer Science Engineering,School of Computing Science,B.Tech in CSE 2016-17 IV Sem VIII,,Library BookC Recieved,1400,0,0,0,0,0,0,0,0,DUE
239305,1/8/2016,2016-2017,2016-2017,AIE,DUE,457779,16CCCE101192,16CCCE101192,Active,General,School of Computing Science & Engineering,B.Tech/B.Tech (Hons) Computer Science Engineering,School of Computing Science,B.Tech in CSE 2016-17 IV Sem VIII,,TUITION FEE,149000,0,0,0,0,0,0,0,0,DUE
239306,1/8/2016,2016-2017,2016-2017,AIE,DUE,457779,16CCCE101192,16CCCE101192,Active,General,School of Computing Science & Engineering,B.Tech/B.Tech (Hons) Computer Science Engineering,School of Computing Science,B.Tech in CSE 2016-17 IV Sem VIII,,Exam Fee,10000,0,0,0,0,0,0,0,0,DUE
239307,1/8/2016,2016-2017,2016-2017,AIE,DUE,457779,16CCCE101192,16CCCE101192,Active,General,School of Computing Science & Engineering,B.Tech/B.Tech (Hons) Computer Science Engineering,School of Computing Science,B.Tech in CSE 2016-17 IV Sem VIII,,Library BookC Recieved,1899,0,0,0,0,0,0,0,0,DUE
239308,1/8/2016,2016-2017,2016-2017,AIE,DUE,503674,16CCCE105045,16CCCE105045,Alumni,General,School of Computing Science & Engineering,B.Tech (Hons) in Computer Science & Engineering with Specialization in Cloud Computing & Virtualizations,School of Computing Science,B.Tech in CSCC 2016-17 IV Sem VIII,,TUITION FEE,170000,0,0,0,0,0,0,0,0,DUE
239309,1/8/2016,2016-2017,2016-2017,AIE,DUE,503674,16CCCE105045,16CCCE105045,Alumni,General,School of Computing Science & Engineering,B.Tech (Hons) in Computer Science & Engineering with Specialization in Cloud Computing & Virtualizations,School of Computing Science,B.Tech in CSCC 2016-17 IV Sem VIII,,Exam Fee,10000,0,0,0,0,0,0,0,0,DUE
239310,1/8/2016,2016-2017,2016-2017,AIE,DUE,503674,16CCCE105045,16CCCE105045,Alumni,General,School of Computing Science & Engineering,B.Tech (Hons) in Computer Science & Engineering with Specialization in Cloud Computing & Virtualizations,School of Computing Science,B.Tech in CSCC 2016-17 IV Sem VIII,,Library BookC Recieved,1400,0,0,0,0,0,0,0,0,DUE
239311,1/8/2016,2016-2017,2016-2017,AIE,DUE,456091,16CCME101009,16CCME101009,Alumni,General,School of Mechanical Engineering,B.Tech/B.Tech (Hons) Mechanical Engineering,School of Mechanical Engineering,ME 2016-2017 IV Sem VIII,,TUITION FEE,149000,0,0,0,0,0,0,0,0,DUE
239312,1/8/2016,2016-2017,2016-2017,AIE,DUE,456091,16CCME101009,16CCME101009,Alumni,General,School of Mechanical Engineering,B.Tech/B.Tech (Hons) Mechanical Engineering,School of Mechanical Engineering,ME 2016-2017 IV Sem VIII,,Exam Fee,10000,0,0,0,0,0,0,0,0,DUE
239313,1/8/2016,2016-2017,2016-2017,AIE,DUE,456091,16CCME101009,16CCME101009,Alumni,General,School of Mechanical Engineering,B.Tech/B.Tech (Hons) Mechanical Engineering,School of Mechanical Engineering,ME 2016-2017 IV Sem VIII,,Library BookC Recieved,1899,0,0,0,0,0,0,0,0,DUE
239314,1/8/2016,2016-2017,2016-2017,AIE,DUE,457803,16CCCE101197,16CCCE101197,Alumni,General,School of Computing Science & Engineering,B.Tech/B.Tech (Hons) Computer Science Engineering,School of Computing Science,B.Tech in CSE 2016-17 IV Sem VIII,,TUITION FEE,149000,0,0,0,0,0,0,0,0,DUE
239315,1/8/2016,2016-2017,2016-2017,AIE,DUE,457803,16CCCE101197,16CCCE101197,Alumni,General,School of Computing Science & Engineering,B.Tech/B.Tech (Hons) Computer Science Engineering,School of Computing Science,B.Tech in CSE 2016-17 IV Sem VIII,,Exam Fee,10000,0,0,0,0,0,0,0,0,DUE
239316,1/8/2016,2016-2017,2016-2017,AIE,DUE,457803,16CCCE101197,16CCCE101197,Alumni,General,School of Computing Science & Engineering,B.Tech/B.Tech (Hons) Computer Science Engineering,School of Computing Science,B.Tech in CSE 2016-17 IV Sem VIII,,Library BookC Recieved,1899,0,0,0,0,0,0,0,0,DUE
239317,1/8/2016,2016-2017,2016-2017,AIE,DUE,456088,16CCME101006,16CCME101006,Withdrawn,General,School of Mechanical Engineering,B.Tech/B.Tech (Hons) Mechanical Engineering,School of Mechanical Engineering,ME 2017-2018 II Sem III,,TUITION FEE,149000,0,0,0,0,0,0,0,0,DUE
239318,1/8/2016,2016-2017,2016-2017,AIE,DUE,456088,16CCME101006,16CCME101006,Withdrawn,General,School of Mechanical Engineering,B.Tech/B.Tech (Hons) Mechanical Engineering,School of Mechanical Engineering,ME 2017-2018 II Sem III,,Exam Fee,10000,0,0,0,0,0,0,0,0,DUE
239319,1/8/2016,2016-2017,2016-2017,AIE,DUE,456088,16CCME101006,16CCME101006,Withdrawn,General,School of Mechanical Engineering,B.Tech/B.Tech (Hons) Mechanical Engineering,School of Mechanical Engineering,ME 2017-2018 II Sem III,,Library BookC Recieved,1899,0,0,0,0,0,0,0,0,DUE
239320,1/8/2016,2016-2017,2016-2017,AIE,DUE,456078,16CCME101002,16CCME101002,Cancelled,General,School of Mechanical Engineering,B.Tech/B.Tech (Hons) Mechanical Engineering,School of Mechanical Engineering,B.Tech in ME 2018-19 III Sem VI,,TUITION FEE,149000,0,0,0,0,0,0,0,0,DUE
239321,1/8/2016,2016-2017,2016-2017,AIE,DUE,456078,16CCME101002,16CCME101002,Cancelled,General,School of Mechanical Engineering,B.Tech/B.Tech (Hons) Mechanical Engineering,School of Mechanical Engineering,B.Tech in ME 2018-19 III Sem VI,,Exam Fee,10000,0,0,0,0,0,0,0,0,DUE
239322,1/8/2016,2016-2017,2016-2017,AIE,DUE,456078,16CCME101002,16CCME101002,Cancelled,General,School of Mechanical Engineering,B.Tech/B.Tech (Hons) Mechanical Engineering,School of Mechanical Engineering,B.Tech in ME 2018-19 III Sem VI,,Library BookC Recieved,1899,0,0,0,0,0,0,0,0,DUE
239323,1/8/2016,2016-2017,2016-2017,AIE,DUE,456078,16CCME101002,16CCME101002,Cancelled,General,School of Mechanical Engineering,B.Tech/B.Tech (Hons) Mechanical Engineering,School of Mechanical Engineering,B.Tech in ME 2018-19 III Sem VI,,Sport Activity Received,1400,0,0,0,0,0,0,0,0,DUE
239324,1/8/2016,2016-2017,2016-2017,AIE,DUE,456130,16CCME101016,16CCME101016,Alumni,General,School of Mechanical Engineering,B.Tech/B.Tech (Hons) Mechanical Engineering,School of Mechanical Engineering,ME 2016-2017 IV Sem VIII,,TUITION FEE,149000,0,0,0,0,0,0,0,0,DUE
239325,1/8/2016,2016-2017,2016-2017,AIE,DUE,456130,16CCME101016,16CCME101016,Alumni,General,School of Mechanical Engineering,B.Tech/B.Tech (Hons) Mechanical Engineering,School of Mechanical Engineering,ME 2016-2017 IV Sem VIII,,Exam Fee,10000,0,0,0,0,0,0,0,0,DUE
239326,1/8/2016,2016-2017,2016-2017,AIE,DUE,456130,16CCME101016,16CCME101016,Alumni,General,School of Mechanical Engineering,B.Tech/B.Tech (Hons) Mechanical Engineering,School of Mechanical Engineering,ME 2016-2017 IV Sem VIII,,Library BookC Recieved,1400,0,0,0,0,0,0,0,0,DUE
239327,1/8/2016,2016-2017,2016-2017,AIE,DUE,457809,16CCCE101198,16CCCE101198,Alumni,General,School of Computing Science & Engineering,B.Tech/B.Tech (Hons) Computer Science Engineering,School of Computing Science,B.Tech in CSE 2016-17 IV Sem VIII,,TUITION FEE,149000,0,0,0,0,0,0,0,0,DUE
239328,1/8/2016,2016-2017,2016-2017,AIE,DUE,457809,16CCCE101198,16CCCE101198,Alumni,General,School of Computing Science & Engineering,B.Tech/B.Tech (Hons) Computer Science Engineering,School of Computing Science,B.Tech in CSE 2016-17 IV Sem VIII,,Exam Fee,10000,0,0,0,0,0,0,0,0,DUE
239329,1/8/2016,2016-2017,2016-2017,AIE,DUE,457809,16CCCE101198,16CCCE101198,Alumni,General,School of Computing Science & Engineering,B.Tech/B.Tech (Hons) Computer Science Engineering,School of Computing Science,B.Tech in CSE 2016-17 IV Sem VIII,,Library BookC Recieved,1899,0,0,0,0,0,0,0,0,DUE
239330,1/8/2016,2016-2017,2016-2017,AIE,DUE,457679,16CCCE101172,16CCCE101172,Alumni,General,School of Computing Science & Engineering,B.Tech/B.Tech (Hons) Computer Science Engineering,School of Computing Science,B.Tech in CSE 2016-17 IV Sem VIII,,TUITION FEE,149000,0,0,0,0,0,0,0,0,DUE
239331,1/8/2016,2016-2017,2016-2017,AIE,DUE,457679,16CCCE101172,16CCCE101172,Alumni,General,School of Computing Science & Engineering,B.Tech/B.Tech (Hons) Computer Science Engineering,School of Computing Science,B.Tech in CSE 2016-17 IV Sem VIII,,Exam Fee,10000,0,0,0,0,0,0,0,0,DUE
239332,1/8/2016,2016-2017,2016-2017,AIE,DUE,457679,16CCCE101172,16CCCE101172,Alumni,General,School of Computing Science & Engineering,B.Tech/B.Tech (Hons) Computer Science Engineering,School of Computing Science,B.Tech in CSE 2016-17 IV Sem VIII,,Library BookC Recieved,1899,0,0,0,0,0,0,0,0,DUE
239333,1/8/2016,2016-2017,2016-2017,AIE,DUE,457690,16CCCE101173,16CCCE101173,Alumni,General,School of Computing Science & Engineering,B.Tech/B.Tech (Hons) Computer Science Engineering,School of Computing Science,B.Tech in CSE 2016-17 IV Sem VIII,,TUITION FEE,149000,0,0,0,0,0,0,0,0,DUE
239334,1/8/2016,2016-2017,2016-2017,AIE,DUE,457690,16CCCE101173,16CCCE101173,Alumni,General,School of Computing Science & Engineering,B.Tech/B.Tech (Hons) Computer Science Engineering,School of Computing Science,B.Tech in CSE 2016-17 IV Sem VIII,,Exam Fee,10000,0,0,0,0,0,0,0,0,DUE
239335,1/8/2016,2016-2017,2016-2017,AIE,DUE,457690,16CCCE101173,16CCCE101173,Alumni,General,School of Computing Science & Engineering,B.Tech/B.Tech (Hons) Computer Science Engineering,School of Computing Science,B.Tech in CSE 2016-17 IV Sem VIII,,Library BookC Recieved,1899,0,0,0,0,0,0,0,0,DUE
239336,1/8/2016,2016-2017,2016-2017,AIE,DUE,457786,16CCCE101193,16CCCE101193,Alumni,General,School of Computing Science & Engineering,B.Tech/B.Tech (Hons) Computer Science Engineering,School of Computing Science,B.Tech in CSE 2016-17 IV Sem VIII,,TUITION FEE,149000,0,0,0,0,0,0,0,0,DUE
239337,1/8/2016,2016-2017,2016-2017,AIE,DUE,457786,16CCCE101193,16CCCE101193,Alumni,General,School of Computing Science & Engineering,B.Tech/B.Tech (Hons) Computer Science Engineering,School of Computing Science,B.Tech in CSE 2016-17 IV Sem VIII,,Exam Fee,10000,0,0,0,0,0,0,0,0,DUE
239338,1/8/2016,2016-2017,2016-2017,AIE,DUE,457786,16CCCE101193,16CCCE101193,Alumni,General,School of Computing Science & Engineering,B.Tech/B.Tech (Hons) Computer Science Engineering,School of Computing Science,B.Tech in CSE 2016-17 IV Sem VIII,,Library BookC Recieved,1400,0,0,0,0,0,0,0,0,DUE
239339,1/8/2016,2016-2017,2016-2017,AIE,DUE,457698,16CCCE101180,16CCCE101180,Alumni,General,School of Computing Science & Engineering,B.Tech/B.Tech (Hons) Computer Science Engineering,School of Computing Science,B.Tech in CSE 2016-17 IV Sem VIII,,TUITION FEE,149000,0,0,0,0,0,0,0,0,DUE
239340,1/8/2016,2016-2017,2016-2017,AIE,DUE,457698,16CCCE101180,16CCCE101180,Alumni,General,School of Computing Science & Engineering,B.Tech/B.Tech (Hons) Computer Science Engineering,School of Computing Science,B.Tech in CSE 2016-17 IV Sem VIII,,Exam Fee,10000,0,0,0,0,0,0,0,0,DUE
239341,1/8/2016,2016-2017,2016-2017,AIE,DUE,457698,16CCCE101180,16CCCE101180,Alumni,General,School of Computing Science & Engineering,B.Tech/B.Tech (Hons) Computer Science Engineering,School of Computing Science,B.Tech in CSE 2016-17 IV Sem VIII,,Library BookC Recieved,1899,0,0,0,0,0,0,0,0,DUE
239342,1/8/2016,2016-2017,2016-2017,AIE,DUE,456100,16CCME101010,16CCME101010,Alumni,General,School of Mechanical Engineering,B.Tech/B.Tech (Hons) Mechanical Engineering,School of Mechanical Engineering,ME 2016-2017 IV Sem VIII,,TUITION FEE,149000,0,0,0,0,0,0,0,0,DUE
239343,1/8/2016,2016-2017,2016-2017,AIE,DUE,456100,16CCME101010,16CCME101010,Alumni,General,School of Mechanical Engineering,B.Tech/B.Tech (Hons) Mechanical Engineering,School of Mechanical Engineering,ME 2016-2017 IV Sem VIII,,Exam Fee,10000,0,0,0,0,0,0,0,0,DUE
239344,1/8/2016,2016-2017,2016-2017,AIE,DUE,456100,16CCME101010,16CCME101010,Alumni,General,School of Mechanical Engineering,B.Tech/B.Tech (Hons) Mechanical Engineering,School of Mechanical Engineering,ME 2016-2017 IV Sem VIII,,Library BookC Recieved,1899,0,0,0,0,0,0,0,0,DUE
239345,1/8/2016,2016-2017,2016-2017,AIE,DUE,457791,16CCCE101194,16CCCE101194,Alumni,General,School of Computing Science & Engineering,B.Tech/B.Tech (Hons) Computer Science Engineering,School of Computing Science,B.Tech in CSE 2016-17 IV Sem VIII,,TUITION FEE,149000,0,0,0,0,0,0,0,0,DUE
239346,1/8/2016,2016-2017,2016-2017,AIE,DUE,457791,16CCCE101194,16CCCE101194,Alumni,General,School of Computing Science & Engineering,B.Tech/B.Tech (Hons) Computer Science Engineering,School of Computing Science,B.Tech in CSE 2016-17 IV Sem VIII,,Exam Fee,10000,0,0,0,0,0,0,0,0,DUE
239347,1/8/2016,2016-2017,2016-2017,AIE,DUE,457791,16CCCE101194,16CCCE101194,Alumni,General,School of Computing Science & Engineering,B.Tech/B.Tech (Hons) Computer Science Engineering,School of Computing Science,B.Tech in CSE 2016-17 IV Sem VIII,,Library BookC Recieved,1899,0,0,0,0,0,0,0,0,DUE
239348,1/8/2016,2016-2017,2016-2017,AIE,DUE,457797,16CCCE101196,16CCCE101196,Withdrawn,General,School of Computing Science & Engineering,B.Tech/B.Tech (Hons) Computer Science Engineering,School of Computing Science,B.Tech in CSE 2016-17 III Sem V,,TUITION FEE,149000,0,0,0,0,0,0,0,0,DUE
239349,1/8/2016,2016-2017,2016-2017,AIE,DUE,457797,16CCCE101196,16CCCE101196,Withdrawn,General,School of Computing Science & Engineering,B.Tech/B.Tech (Hons) Computer Science Engineering,School of Computing Science,B.Tech in CSE 2016-17 III Sem V,,Exam Fee,10000,0,0,0,0,0,0,0,0,DUE
239350,1/8/2016,2016-2017,2016-2017,AIE,DUE,457797,16CCCE101196,16CCCE101196,Withdrawn,General,School of Computing Science & Engineering,B.Tech/B.Tech (Hons) Computer Science Engineering,School of Computing Science,B.Tech in CSE 2016-17 III Sem V,,Fine Fee,2200,0,0,0,0,0,0,0,0,DUE
239351,1/8/2016,2016-2017,2016-2017,AIE,DUE,457797,16CCCE101196,16CCCE101196,Withdrawn,General,School of Computing Science & Engineering,B.Tech/B.Tech (Hons) Computer Science Engineering,School of Computing Science,B.Tech in CSE 2016-17 III Sem V,,Library BookC Recieved,1899,0,0,0,0,0,0,0,0,DUE
239352,1/8/2016,2016-2017,2016-2017,AIE,DUE,457595,16CCCE101159,16CCCE101159,Alumni,General,School of Computing Science & Engineering,B.Tech/B.Tech (Hons) Computer Science Engineering,School of Computing Science,B.Tech in CSE 2016-17 IV Sem VIII,,TUITION FEE,149000,0,0,0,0,0,0,0,0,DUE
239353,1/8/2016,2016-2017,2016-2017,AIE,DUE,457595,16CCCE101159,16CCCE101159,Alumni,General,School of Computing Science & Engineering,B.Tech/B.Tech (Hons) Computer Science Engineering,School of Computing Science,B.Tech in CSE 2016-17 IV Sem VIII,,Exam Fee,10000,0,0,0,0,0,0,0,0,DUE
239354,1/8/2016,2016-2017,2016-2017,AIE,DUE,457595,16CCCE101159,16CCCE101159,Alumni,General,School of Computing Science & Engineering,B.Tech/B.Tech (Hons) Computer Science Engineering,School of Computing Science,B.Tech in CSE 2016-17 IV Sem VIII,,Library BookC Recieved,1899,0,0,0,0,0,0,0,0,DUE
239355,1/8/2016,2016-2017,2016-2017,AIE,DUE,456180,16CCME101024,16CCME101024,Alumni,General,School of Mechanical Engineering,B.Tech/B.Tech (Hons) Mechanical Engineering,School of Mechanical Engineering,ME 2016-2017 IV Sem VIII,,TUITION FEE,149000,0,0,0,0,0,0,0,0,DUE
239356,1/8/2016,2016-2017,2016-2017,AIE,DUE,456180,16CCME101024,16CCME101024,Alumni,General,School of Mechanical Engineering,B.Tech/B.Tech (Hons) Mechanical Engineering,School of Mechanical Engineering,ME 2016-2017 IV Sem VIII,,Exam Fee,10000,0,0,0,0,0,0,0,0,DUE
239357,1/8/2016,2016-2017,2016-2017,AIE,DUE,456180,16CCME101024,16CCME101024,Alumni,General,School of Mechanical Engineering,B.Tech/B.Tech (Hons) Mechanical Engineering,School of Mechanical Engineering,ME 2016-2017 IV Sem VIII,,Library BookC Recieved,1899,0,0,0,0,0,0,0,0,DUE
239358,1/8/2016,2016-2017,2016-2017,AIE,DUE,457998,16CCCE101242,16CCCE101242,Alumni,General,School of Computing Science & Engineering,B.Tech/B.Tech (Hons) Computer Science Engineering,School of Computing Science,B.Tech in CSE 2016-17 IV Sem VIII,,TUITION FEE,149000,0,0,0,0,0,0,0,0,DUE
239359,1/8/2016,2016-2017,2016-2017,AIE,DUE,457998,16CCCE101242,16CCCE101242,Alumni,General,School of Computing Science & Engineering,B.Tech/B.Tech (Hons) Computer Science Engineering,School of Computing Science,B.Tech in CSE 2016-17 IV Sem VIII,,Exam Fee,10000,0,0,0,0,0,0,0,0,DUE
239360,1/8/2016,2016-2017,2016-2017,AIE,DUE,457998,16CCCE101242,16CCCE101242,Alumni,General,School of Computing Science & Engineering,B.Tech/B.Tech (Hons) Computer Science Engineering,School of Computing Science,B.Tech in CSE 2016-17 IV Sem VIII,,Library BookC Recieved,1899,0,0,0,0,0,0,0,0,DUE
239361,1/8/2016,2016-2017,2016-2017,AIE,DUE,501087,16CCME101030,16CCME101030,Alumni,General,School of Mechanical Engineering,B.Tech/B.Tech (Hons) Mechanical Engineering,School of Mechanical Engineering,ME 2016-2017 IV Sem VIII,,TUITION FEE,149000,0,0,0,0,0,0,0,0,DUE
239362,1/8/2016,2016-2017,2016-2017,AIE,DUE,501087,16CCME101030,16CCME101030,Alumni,General,School of Mechanical Engineering,B.Tech/B.Tech (Hons) Mechanical Engineering,School of Mechanical Engineering,ME 2016-2017 IV Sem VIII,,Exam Fee,10000,0,0,0,0,0,0,0,0,DUE
239363,1/8/2016,2016-2017,2016-2017,AIE,DUE,501087,16CCME101030,16CCME101030,Alumni,General,School of Mechanical Engineering,B.Tech/B.Tech (Hons) Mechanical Engineering,School of Mechanical Engineering,ME 2016-2017 IV Sem VIII,,Fine Fee,1800,0,0,0,0,0,0,0,0,DUE
239364,1/8/2016,2016-2017,2016-2017,AIE,DUE,501087,16CCME101030,16CCME101030,Alumni,General,School of Mechanical Engineering,B.Tech/B.Tech (Hons) Mechanical Engineering,School of Mechanical Engineering,ME 2016-2017 IV Sem VIII,,Library BookC Recieved,1899,0,0,0,0,0,0,0,0,DUE
239365,1/8/2016,2016-2017,2016-2017,AIE,DUE,458003,16CCCE101245,16CCCE101245,Alumni,General,School of Computing Science & Engineering,B.Tech/B.Tech (Hons) Computer Science Engineering,School of Computing Science,B.Tech in CSE 2016-17 IV Sem VIII,,TUITION FEE,149000,0,0,0,0,0,0,0,0,DUE
239366,1/8/2016,2016-2017,2016-2017,AIE,DUE,458003,16CCCE101245,16CCCE101245,Alumni,General,School of Computing Science & Engineering,B.Tech/B.Tech (Hons) Computer Science Engineering,School of Computing Science,B.Tech in CSE 2016-17 IV Sem VIII,,Exam Fee,10000,0,0,0,0,0,0,0,0,DUE
239367,1/8/2016,2016-2017,2016-2017,AIE,DUE,458003,16CCCE101245,16CCCE101245,Alumni,General,School of Computing Science & Engineering,B.Tech/B.Tech (Hons) Computer Science Engineering,School of Computing Science,B.Tech in CSE 2016-17 IV Sem VIII,,Library BookC Recieved,1899,0,0,0,0,0,0,0,0,DUE
239368,1/8/2016,2016-2017,2016-2017,AIE,DUE,458010,16CCCE101246,16CCCE101246,Alumni,General,School of Computing Science & Engineering,B.Tech/B.Tech (Hons) Computer Science Engineering,School of Computing Science,B.Tech in CSE 2016-17 IV Sem VIII,,TUITION FEE,149000,0,0,0,0,0,0,0,0,DUE
239369,1/8/2016,2016-2017,2016-2017,AIE,DUE,458010,16CCCE101246,16CCCE101246,Alumni,General,School of Computing Science & Engineering,B.Tech/B.Tech (Hons) Computer Science Engineering,School of Computing Science,B.Tech in CSE 2016-17 IV Sem VIII,,Exam Fee,10000,0,0,0,0,0,0,0,0,DUE
239370,1/8/2016,2016-2017,2016-2017,AIE,DUE,458010,16CCCE101246,16CCCE101246,Alumni,General,School of Computing Science & Engineering,B.Tech/B.Tech (Hons) Computer Science Engineering,School of Computing Science,B.Tech in CSE 2016-17 IV Sem VIII,,Library BookC Recieved,1899,0,0,0,0,0,0,0,0,DUE
239371,1/8/2016,2016-2017,2016-2017,AIE,DUE,501104,16CCME101033,16CCME101033,Alumni,General,School of Mechanical Engineering,B.Tech/B.Tech (Hons) Mechanical Engineering,School of Mechanical Engineering,ME 2016-2017 IV Sem VIII,,TUITION FEE,149000,0,0,0,0,0,0,0,0,DUE
239372,1/8/2016,2016-2017,2016-2017,AIE,DUE,501104,16CCME101033,16CCME101033,Alumni,General,School of Mechanical Engineering,B.Tech/B.Tech (Hons) Mechanical Engineering,School of Mechanical Engineering,ME 2016-2017 IV Sem VIII,,Exam Fee,10000,0,0,0,0,0,0,0,0,DUE
239373,1/8/2016,2016-2017,2016-2017,AIE,DUE,501104,16CCME101033,16CCME101033,Alumni,General,School of Mechanical Engineering,B.Tech/B.Tech (Hons) Mechanical Engineering,School of Mechanical Engineering,ME 2016-2017 IV Sem VIII,,Library BookC Recieved,1899,0,0,0,0,0,0,0,0,DUE
239374,1/8/2016,2016-2017,2016-2017,AIE,DUE,501104,16CCME101033,16CCME101033,Alumni,General,School of Mechanical Engineering,B.Tech/B.Tech (Hons) Mechanical Engineering,School of Mechanical Engineering,ME 2016-2017 IV Sem VIII,,Sport Activity Received,500,0,0,0,0,0,0,0,0,DUE
239375,1/8/2016,2016-2017,2016-2017,AIE,DUE,458016,16CCCE101247,16CCCE101247,Alumni,General,School of Computing Science & Engineering,B.Tech/B.Tech (Hons) Computer Science Engineering,School of Computing Science,B.Tech in CSE 2016-17 IV Sem VIII,,TUITION FEE,149000,0,0,0,0,0,0,0,0,DUE
239376,1/8/2016,2016-2017,2016-2017,AIE,DUE,458016,16CCCE101247,16CCCE101247,Alumni,General,School of Computing Science & Engineering,B.Tech/B.Tech (Hons) Computer Science Engineering,School of Computing Science,B.Tech in CSE 2016-17 IV Sem VIII,,Exam Fee,10000,0,0,0,0,0,0,0,0,DUE
239377,1/8/2016,2016-2017,2016-2017,AIE,DUE,458016,16CCCE101247,16CCCE101247,Alumni,General,School of Computing Science & Engineering,B.Tech/B.Tech (Hons) Computer Science Engineering,School of Computing Science,B.Tech in CSE 2016-17 IV Sem VIII,,Library BookC Recieved,1400,0,0,0,0,0,0,0,0,DUE
239378,1/8/2016,2016-2017,2016-2017,AIE,DUE,457992,16CCCE101241,16CCCE101241,Alumni,General,School of Computing Science & Engineering,B.Tech/B.Tech (Hons) Computer Science Engineering,School of Computing Science,B.Tech in CSE 2016-17 IV Sem VIII,,TUITION FEE,149000,0,0,0,0,0,0,0,0,DUE
239379,1/8/2016,2016-2017,2016-2017,AIE,DUE,457992,16CCCE101241,16CCCE101241,Alumni,General,School of Computing Science & Engineering,B.Tech/B.Tech (Hons) Computer Science Engineering,School of Computing Science,B.Tech in CSE 2016-17 IV Sem VIII,,Exam Fee,10000,0,0,0,0,0,0,0,0,DUE
239380,1/8/2016,2016-2017,2016-2017,AIE,DUE,457992,16CCCE101241,16CCCE101241,Alumni,General,School of Computing Science & Engineering,B.Tech/B.Tech (Hons) Computer Science Engineering,School of Computing Science,B.Tech in CSE 2016-17 IV Sem VIII,,Library BookC Recieved,1899,0,0,0,0,0,0,0,0,DUE
239381,1/8/2016,2016-2017,2016-2017,AIE,DUE,457988,16CCCE101240,16CCCE101240,Alumni,General,School of Computing Science & Engineering,B.Tech/B.Tech (Hons) Computer Science Engineering,School of Computing Science,B.Tech in CSE 2016-17 IV Sem VIII,,TUITION FEE,149000,0,0,0,0,0,0,0,0,DUE
239382,1/8/2016,2016-2017,2016-2017,AIE,DUE,457988,16CCCE101240,16CCCE101240,Alumni,General,School of Computing Science & Engineering,B.Tech/B.Tech (Hons) Computer Science Engineering,School of Computing Science,B.Tech in CSE 2016-17 IV Sem VIII,,Exam Fee,10000,0,0,0,0,0,0,0,0,DUE
239383,1/8/2016,2016-2017,2016-2017,AIE,DUE,457988,16CCCE101240,16CCCE101240,Alumni,General,School of Computing Science & Engineering,B.Tech/B.Tech (Hons) Computer Science Engineering,School of Computing Science,B.Tech in CSE 2016-17 IV Sem VIII,,Library BookC Recieved,1899,0,0,0,0,0,0,0,0,DUE
239384,1/8/2016,2016-2017,2016-2017,AIE,DUE,457538,16CCCE101145,16CCCE101145,Alumni,General,School of Computing Science & Engineering,B.Tech/B.Tech (Hons) Computer Science Engineering,School of Computing Science,B.Tech in CSE 2016-17 IV Sem VIII,,TUITION FEE,149000,0,0,0,0,0,0,0,0,DUE
239385,1/8/2016,2016-2017,2016-2017,AIE,DUE,457538,16CCCE101145,16CCCE101145,Alumni,General,School of Computing Science & Engineering,B.Tech/B.Tech (Hons) Computer Science Engineering,School of Computing Science,B.Tech in CSE 2016-17 IV Sem VIII,,Exam Fee,10000,0,0,0,0,0,0,0,0,DUE
239386,1/8/2016,2016-2017,2016-2017,AIE,DUE,457538,16CCCE101145,16CCCE101145,Alumni,General,School of Computing Science & Engineering,B.Tech/B.Tech (Hons) Computer Science Engineering,School of Computing Science,B.Tech in CSE 2016-17 IV Sem VIII,,Library BookC Recieved,1400,0,0,0,0,0,0,0,0,DUE
239387,1/8/2016,2016-2017,2016-2017,AIE,DUE,457962,16CCCE101236,16CCCE101236,Alumni,General,School of Computing Science & Engineering,B.Tech/B.Tech (Hons) Computer Science Engineering,School of Computing Science,B.Tech in CSE 2016-17 IV Sem VIII,,TUITION FEE,149000,0,0,0,0,0,0,0,0,DUE
239388,1/8/2016,2016-2017,2016-2017,AIE,DUE,457962,16CCCE101236,16CCCE101236,Alumni,General,School of Computing Science & Engineering,B.Tech/B.Tech (Hons) Computer Science Engineering,School of Computing Science,B.Tech in CSE 2016-17 IV Sem VIII,,Exam Fee,10000,0,0,0,0,0,0,0,0,DUE
239389,1/8/2016,2016-2017,2016-2017,AIE,DUE,457962,16CCCE101236,16CCCE101236,Alumni,General,School of Computing Science & Engineering,B.Tech/B.Tech (Hons) Computer Science Engineering,School of Computing Science,B.Tech in CSE 2016-17 IV Sem VIII,,Library BookC Recieved,1400,0,0,0,0,0,0,0,0,DUE
239390,1/8/2016,2016-2017,2016-2017,AIE,DUE,457969,16CCCE101237,16CCCE101237,Year Back,General,School of Computing Science & Engineering,B.Tech/B.Tech (Hons) Computer Science Engineering,School of Computing Science,B.Tech First Year 2017-2018 I Sem II,,TUITION FEE,149000,0,0,0,0,0,0,0,0,DUE
239391,1/8/2016,2016-2017,2016-2017,AIE,DUE,457969,16CCCE101237,16CCCE101237,Year Back,General,School of Computing Science & Engineering,B.Tech/B.Tech (Hons) Computer Science Engineering,School of Computing Science,B.Tech First Year 2017-2018 I Sem II,,Exam Fee,10000,0,0,0,0,0,0,0,0,DUE
239392,1/8/2016,2016-2017,2016-2017,AIE,DUE,457969,16CCCE101237,16CCCE101237,Year Back,General,School of Computing Science & Engineering,B.Tech/B.Tech (Hons) Computer Science Engineering,School of Computing Science,B.Tech First Year 2017-2018 I Sem II,,Library BookC Recieved,1899,0,0,0,0,0,0,0,0,DUE
239393,1/8/2016,2016-2017,2016-2017,AIE,DUE,456042,16CBAC203004,16CBAC203004,Alumni,General,School of Basic & Applied Sciences,M. Sc Chemistry,School of Basic,M.Sc. Chemistry 2016-17 II Sem IV,,TUITION FEE,46000,0,0,0,0,0,0,0,0,DUE
239394,1/8/2016,2016-2017,2016-2017,AIE,DUE,456042,16CBAC203004,16CBAC203004,Alumni,General,School of Basic & Applied Sciences,M. Sc Chemistry,School of Basic,M.Sc. Chemistry 2016-17 II Sem IV,,Exam Fee,10000,0,0,0,0,0,0,0,0,DUE
239395,1/8/2016,2016-2017,2016-2017,AIE,DUE,456042,16CBAC203004,16CBAC203004,Alumni,General,School of Basic & Applied Sciences,M. Sc Chemistry,School of Basic,M.Sc. Chemistry 2016-17 II Sem IV,,Library BookC Recieved,403,0,0,0,0,0,0,0,0,DUE
239396,1/8/2016,2016-2017,2016-2017,AIE,DUE,457975,16CCCE101238,16CCCE101238,Withdrawn,General,School of Computing Science & Engineering,B.Tech/B.Tech (Hons) Computer Science Engineering,School of Computing Science,B.Tech in CSE 2016-17 III Sem V,,TUITION FEE,149000,0,0,0,0,0,0,0,0,DUE
239397,1/8/2016,2016-2017,2016-2017,AIE,DUE,457975,16CCCE101238,16CCCE101238,Withdrawn,General,School of Computing Science & Engineering,B.Tech/B.Tech (Hons) Computer Science Engineering,School of Computing Science,B.Tech in CSE 2016-17 III Sem V,,Exam Fee,10000,0,0,0,0,0,0,0,0,DUE
239398,1/8/2016,2016-2017,2016-2017,AIE,DUE,457975,16CCCE101238,16CCCE101238,Withdrawn,General,School of Computing Science & Engineering,B.Tech/B.Tech (Hons) Computer Science Engineering,School of Computing Science,B.Tech in CSE 2016-17 III Sem V,,Library BookC Recieved,1899,0,0,0,0,0,0,0,0,DUE
239399,1/8/2016,2016-2017,2016-2017,AIE,DUE,458027,16CCCE101253,16CCCE101253,Alumni,General,School of Computing Science & Engineering,B.Tech/B.Tech (Hons) Computer Science Engineering,School of Computing Science,B.Tech in CSE 2016-17 IV Sem VIII,,TUITION FEE,149000,0,0,0,0,0,0,0,0,DUE
239400,1/8/2016,2016-2017,2016-2017,AIE,DUE,458027,16CCCE101253,16CCCE101253,Alumni,General,School of Computing Science & Engineering,B.Tech/B.Tech (Hons) Computer Science Engineering,School of Computing Science,B.Tech in CSE 2016-17 IV Sem VIII,,Exam Fee,10000,0,0,0,0,0,0,0,0,DUE
239401,1/8/2016,2016-2017,2016-2017,AIE,DUE,458027,16CCCE101253,16CCCE101253,Alumni,General,School of Computing Science & Engineering,B.Tech/B.Tech (Hons) Computer Science Engineering,School of Computing Science,B.Tech in CSE 2016-17 IV Sem VIII,,Library BookC Recieved,1400,0,0,0,0,0,0,0,0,DUE
239402,1/8/2016,2016-2017,2016-2017,AIE,DUE,458035,16CCCE101254,16CCCE101254,Alumni,General,School of Computing Science & Engineering,B.Tech/B.Tech (Hons) Computer Science Engineering,School of Computing Science,B.Tech in CSE 2016-17 IV Sem VIII,,TUITION FEE,149000,0,0,0,0,0,0,0,0,DUE
239403,1/8/2016,2016-2017,2016-2017,AIE,DUE,458035,16CCCE101254,16CCCE101254,Alumni,General,School of Computing Science & Engineering,B.Tech/B.Tech (Hons) Computer Science Engineering,School of Computing Science,B.Tech in CSE 2016-17 IV Sem VIII,,Exam Fee,10000,0,0,0,0,0,0,0,0,DUE
239404,1/8/2016,2016-2017,2016-2017,AIE,DUE,458035,16CCCE101254,16CCCE101254,Alumni,General,School of Computing Science & Engineering,B.Tech/B.Tech (Hons) Computer Science Engineering,School of Computing Science,B.Tech in CSE 2016-17 IV Sem VIII,,Library BookC Recieved,1899,0,0,0,0,0,0,0,0,DUE
239405,1/8/2016,2016-2017,2016-2017,AIE,DUE,457529,16CCCE101142,16CCCE101142,Alumni,General,School of Civil Engineering,B.Tech/B.Tech (Hons) Civil Engineering,School of Civil Engineering,B Tech Civil Engineering 2016-17 IV Sem VIII,,TUITION FEE,149000,0,0,0,0,0,0,0,0,DUE
239406,1/8/2016,2016-2017,2016-2017,AIE,DUE,457529,16CCCE101142,16CCCE101142,Alumni,General,School of Civil Engineering,B.Tech/B.Tech (Hons) Civil Engineering,School of Civil Engineering,B Tech Civil Engineering 2016-17 IV Sem VIII,,Exam Fee,10000,0,0,0,0,0,0,0,0,DUE
239407,1/8/2016,2016-2017,2016-2017,AIE,DUE,457529,16CCCE101142,16CCCE101142,Alumni,General,School of Civil Engineering,B.Tech/B.Tech (Hons) Civil Engineering,School of Civil Engineering,B Tech Civil Engineering 2016-17 IV Sem VIII,,Library BookC Recieved,1899,0,0,0,0,0,0,0,0,DUE
239408,1/8/2016,2016-2017,2016-2017,AIE,DUE,458077,16CCCE101264,16CCCE101264,Alumni,General,School of Computing Science & Engineering,B.Tech/B.Tech (Hons) Computer Science Engineering,School of Computing Science,B.Tech in CSE 2016-17 IV Sem VIII,,TUITION FEE,149000,0,0,0,0,0,0,0,0,DUE
239409,1/8/2016,2016-2017,2016-2017,AIE,DUE,458077,16CCCE101264,16CCCE101264,Alumni,General,School of Computing Science & Engineering,B.Tech/B.Tech (Hons) Computer Science Engineering,School of Computing Science,B.Tech in CSE 2016-17 IV Sem VIII,,Exam Fee,10000,0,0,0,0,0,0,0,0,DUE
239410,1/8/2016,2016-2017,2016-2017,AIE,DUE,458077,16CCCE101264,16CCCE101264,Alumni,General,School of Computing Science & Engineering,B.Tech/B.Tech (Hons) Computer Science Engineering,School of Computing Science,B.Tech in CSE 2016-17 IV Sem VIII,,Library BookC Recieved,1400,0,0,0,0,0,0,0,0,DUE
239411,1/8/2016,2016-2017,2016-2017,AIE,DUE,458082,16CCCE101266,16CCCE101266,Cancelled,General,School of Computing Science & Engineering,B.Tech/B.Tech (Hons) Computer Science Engineering,School of Computing Science,B.Tech in CSE 2016-17 III Sem VI,,TUITION FEE,149000,0,0,0,0,0,0,0,0,DUE
239412,1/8/2016,2016-2017,2016-2017,AIE,DUE,458082,16CCCE101266,16CCCE101266,Cancelled,General,School of Computing Science & Engineering,B.Tech/B.Tech (Hons) Computer Science Engineering,School of Computing Science,B.Tech in CSE 2016-17 III Sem VI,,Exam Fee,10000,0,0,0,0,0,0,0,0,DUE
239413,1/8/2016,2016-2017,2016-2017,AIE,DUE,458082,16CCCE101266,16CCCE101266,Cancelled,General,School of Computing Science & Engineering,B.Tech/B.Tech (Hons) Computer Science Engineering,School of Computing Science,B.Tech in CSE 2016-17 III Sem VI,,Library BookC Recieved,1400,0,0,0,0,0,0,0,0,DUE
239414,1/8/2016,2016-2017,2016-2017,AIE,DUE,458087,16CCCE101268,16CCCE101268,Alumni,General,School of Computing Science & Engineering,B.Tech/B.Tech (Hons) Computer Science Engineering,School of Computing Science,B.Tech in CSE 2016-17 IV Sem VIII,,TUITION FEE,149000,0,0,0,0,0,0,0,0,DUE
239415,1/8/2016,2016-2017,2016-2017,AIE,DUE,458087,16CCCE101268,16CCCE101268,Alumni,General,School of Computing Science & Engineering,B.Tech/B.Tech (Hons) Computer Science Engineering,School of Computing Science,B.Tech in CSE 2016-17 IV Sem VIII,,Exam Fee,10000,0,0,0,0,0,0,0,0,DUE
239416,1/8/2016,2016-2017,2016-2017,AIE,DUE,458087,16CCCE101268,16CCCE101268,Alumni,General,School of Computing Science & Engineering,B.Tech/B.Tech (Hons) Computer Science Engineering,School of Computing Science,B.Tech in CSE 2016-17 IV Sem VIII,,Library BookC Recieved,1899,0,0,0,0,0,0,0,0,DUE
239417,1/8/2016,2016-2017,2016-2017,AIE,DUE,458101,16CCCE101271,16CCCE101271,Alumni,General,School of Computing Science & Engineering,B.Tech/B.Tech (Hons) Computer Science Engineering,School of Computing Science,B.Tech in CSE 2016-17 IV Sem VIII,,TUITION FEE,149000,0,0,0,0,0,0,0,0,DUE
239418,1/8/2016,2016-2017,2016-2017,AIE,DUE,458101,16CCCE101271,16CCCE101271,Alumni,General,School of Computing Science & Engineering,B.Tech/B.Tech (Hons) Computer Science Engineering,School of Computing Science,B.Tech in CSE 2016-17 IV Sem VIII,,Exam Fee,10000,0,0,0,0,0,0,0,0,DUE
239419,1/8/2016,2016-2017,2016-2017,AIE,DUE,458101,16CCCE101271,16CCCE101271,Alumni,General,School of Computing Science & Engineering,B.Tech/B.Tech (Hons) Computer Science Engineering,School of Computing Science,B.Tech in CSE 2016-17 IV Sem VIII,,Library BookC Recieved,1899,0,0,0,0,0,0,0,0,DUE
239420,1/8/2016,2016-2017,2016-2017,AIE,DUE,458092,16CCCE101270,16CCCE101270,Alumni,General,School of Computing Science & Engineering,B.Tech/B.Tech (Hons) Computer Science Engineering,School of Computing Science,B.Tech in CSE 2016-17 IV Sem VIII,,TUITION FEE,149000,0,0,0,0,0,0,0,0,DUE
239421,1/8/2016,2016-2017,2016-2017,AIE,DUE,458092,16CCCE101270,16CCCE101270,Alumni,General,School of Computing Science & Engineering,B.Tech/B.Tech (Hons) Computer Science Engineering,School of Computing Science,B.Tech in CSE 2016-17 IV Sem VIII,,Exam Fee,10000,0,0,0,0,0,0,0,0,DUE
239422,1/8/2016,2016-2017,2016-2017,AIE,DUE,458092,16CCCE101270,16CCCE101270,Alumni,General,School of Computing Science & Engineering,B.Tech/B.Tech (Hons) Computer Science Engineering,School of Computing Science,B.Tech in CSE 2016-17 IV Sem VIII,,Library BookC Recieved,1899,0,0,0,0,0,0,0,0,DUE
239423,1/8/2016,2016-2017,2016-2017,AIE,DUE,458072,16CCCE101262,16CCCE101262,Alumni,General,School of Computing Science & Engineering,B.Tech/B.Tech (Hons) Computer Science Engineering,School of Computing Science,B.Tech in CSE 2016-17 IV Sem VIII,,TUITION FEE,149000,0,0,0,0,0,0,0,0,DUE
239424,1/8/2016,2016-2017,2016-2017,AIE,DUE,458072,16CCCE101262,16CCCE101262,Alumni,General,School of Computing Science & Engineering,B.Tech/B.Tech (Hons) Computer Science Engineering,School of Computing Science,B.Tech in CSE 2016-17 IV Sem VIII,,Exam Fee,10000,0,0,0,0,0,0,0,0,DUE
239425,1/8/2016,2016-2017,2016-2017,AIE,DUE,458072,16CCCE101262,16CCCE101262,Alumni,General,School of Computing Science & Engineering,B.Tech/B.Tech (Hons) Computer Science Engineering,School of Computing Science,B.Tech in CSE 2016-17 IV Sem VIII,,Library BookC Recieved,1899,0,0,0,0,0,0,0,0,DUE
239426,1/8/2016,2016-2017,2016-2017,AIE,DUE,458065,16CCCE101260,16CCCE101260,Alumni,General,School of Computing Science & Engineering,B.Tech/B.Tech (Hons) Computer Science Engineering,School of Computing Science,B.Tech in CSE 2016-17 IV Sem VIII,,TUITION FEE,149000,0,0,0,0,0,0,0,0,DUE
239427,1/8/2016,2016-2017,2016-2017,AIE,DUE,458065,16CCCE101260,16CCCE101260,Alumni,General,School of Computing Science & Engineering,B.Tech/B.Tech (Hons) Computer Science Engineering,School of Computing Science,B.Tech in CSE 2016-17 IV Sem VIII,,Exam Fee,10000,0,0,0,0,0,0,0,0,DUE
239428,1/8/2016,2016-2017,2016-2017,AIE,DUE,458065,16CCCE101260,16CCCE101260,Alumni,General,School of Computing Science & Engineering,B.Tech/B.Tech (Hons) Computer Science Engineering,School of Computing Science,B.Tech in CSE 2016-17 IV Sem VIII,,Library BookC Recieved,1400,0,0,0,0,0,0,0,0,DUE
239429,1/8/2016,2016-2017,2016-2017,AIE,DUE,458049,16CCCE101258,16CCCE101258,Alumni,General,School of Computing Science & Engineering,B.Tech/B.Tech (Hons) Computer Science Engineering,School of Computing Science,B.Tech in CSE 2016-17 IV Sem VIII,,TUITION FEE,149000,0,0,0,0,0,0,0,0,DUE
239430,1/8/2016,2016-2017,2016-2017,AIE,DUE,458049,16CCCE101258,16CCCE101258,Alumni,General,School of Computing Science & Engineering,B.Tech/B.Tech (Hons) Computer Science Engineering,School of Computing Science,B.Tech in CSE 2016-17 IV Sem VIII,,Exam Fee,10000,0,0,0,0,0,0,0,0,DUE
239431,1/8/2016,2016-2017,2016-2017,AIE,DUE,458049,16CCCE101258,16CCCE101258,Alumni,General,School of Computing Science & Engineering,B.Tech/B.Tech (Hons) Computer Science Engineering,School of Computing Science,B.Tech in CSE 2016-17 IV Sem VIII,,Library BookC Recieved,1400,0,0,0,0,0,0,0,0,DUE
239432,1/8/2016,2016-2017,2016-2017,AIE,DUE,458044,16CCCE101255,16CCCE101255,Alumni,General,School of Computing Science & Engineering,B.Tech/B.Tech (Hons) Computer Science Engineering,School of Computing Science,B.Tech in CSE 2016-17 IV Sem VIII,,TUITION FEE,149000,0,0,0,0,0,0,0,0,DUE
239433,1/8/2016,2016-2017,2016-2017,AIE,DUE,458044,16CCCE101255,16CCCE101255,Alumni,General,School of Computing Science & Engineering,B.Tech/B.Tech (Hons) Computer Science Engineering,School of Computing Science,B.Tech in CSE 2016-17 IV Sem VIII,,Exam Fee,10000,0,0,0,0,0,0,0,0,DUE
239434,1/8/2016,2016-2017,2016-2017,AIE,DUE,458044,16CCCE101255,16CCCE101255,Alumni,General,School of Computing Science & Engineering,B.Tech/B.Tech (Hons) Computer Science Engineering,School of Computing Science,B.Tech in CSE 2016-17 IV Sem VIII,,Library BookC Recieved,1400,0,0,0,0,0,0,0,0,DUE
239435,1/8/2016,2016-2017,2016-2017,AIE,DUE,503724,16CCCE105062,16CCCE105062,Alumni,General,School of Computing Science & Engineering,B.Tech (Hons) in Computer Science & Engineering with Specialization in Cloud Computing & Virtualizations,School of Computing Science,B.Tech in CSCC 2016-17 IV Sem VIII,,TUITION FEE,170000,0,0,0,0,0,0,0,0,DUE
239436,1/8/2016,2016-2017,2016-2017,AIE,DUE,503724,16CCCE105062,16CCCE105062,Alumni,General,School of Computing Science & Engineering,B.Tech (Hons) in Computer Science & Engineering with Specialization in Cloud Computing & Virtualizations,School of Computing Science,B.Tech in CSCC 2016-17 IV Sem VIII,,Exam Fee,10000,0,0,0,0,0,0,0,0,DUE
239437,1/8/2016,2016-2017,2016-2017,AIE,DUE,503724,16CCCE105062,16CCCE105062,Alumni,General,School of Computing Science & Engineering,B.Tech (Hons) in Computer Science & Engineering with Specialization in Cloud Computing & Virtualizations,School of Computing Science,B.Tech in CSCC 2016-17 IV Sem VIII,,Library BookC Recieved,1400,0,0,0,0,0,0,0,0,DUE
239438,1/8/2016,2016-2017,2016-2017,AIE,DUE,503724,16CCCE105062,16CCCE105062,Alumni,General,School of Computing Science & Engineering,B.Tech (Hons) in Computer Science & Engineering with Specialization in Cloud Computing & Virtualizations,School of Computing Science,B.Tech in CSCC 2016-17 IV Sem VIII,,Sport Activity Received,700,0,0,0,0,0,0,0,0,DUE
239439,1/8/2016,2016-2017,2016-2017,AIE,DUE,456038,16CBAC203003,16CBAC203003,Alumni,General,School of Basic & Applied Sciences,M. Sc Chemistry,School of Basic,M.Sc. Chemistry 2016-17 II Sem IV,,TUITION FEE,46000,0,0,0,0,0,0,0,0,DUE
239440,1/8/2016,2016-2017,2016-2017,AIE,DUE,456038,16CBAC203003,16CBAC203003,Alumni,General,School of Basic & Applied Sciences,M. Sc Chemistry,School of Basic,M.Sc. Chemistry 2016-17 II Sem IV,,Exam Fee,10000,0,0,0,0,0,0,0,0,DUE
239441,1/8/2016,2016-2017,2016-2017,AIE,DUE,456038,16CBAC203003,16CBAC203003,Alumni,General,School of Basic & Applied Sciences,M. Sc Chemistry,School of Basic,M.Sc. Chemistry 2016-17 II Sem IV,,Library BookC Recieved,403,0,0,0,0,0,0,0,0,DUE
239442,1/8/2016,2016-2017,2016-2017,AIE,DUE,458059,16CCCE101259,16CCCE101259,Alumni,General,School of Computing Science & Engineering,B.Tech/B.Tech (Hons) Computer Science Engineering,School of Computing Science,B.Tech in CSE 2016-17 IV Sem VIII,,TUITION FEE,149000,0,0,0,0,0,0,0,0,DUE
239443,1/8/2016,2016-2017,2016-2017,AIE,DUE,458059,16CCCE101259,16CCCE101259,Alumni,General,School of Computing Science & Engineering,B.Tech/B.Tech (Hons) Computer Science Engineering,School of Computing Science,B.Tech in CSE 2016-17 IV Sem VIII,,Exam Fee,10000,0,0,0,0,0,0,0,0,DUE
239444,1/8/2016,2016-2017,2016-2017,AIE,DUE,458059,16CCCE101259,16CCCE101259,Alumni,General,School of Computing Science & Engineering,B.Tech/B.Tech (Hons) Computer Science Engineering,School of Computing Science,B.Tech in CSE 2016-17 IV Sem VIII,,Library BookC Recieved,1899,0,0,0,0,0,0,0,0,DUE
239445,1/8/2016,2016-2017,2016-2017,AIE,DUE,456212,16CCME101032,16CCME101032,Alumni,General,School of Mechanical Engineering,B.Tech/B.Tech (Hons) Mechanical Engineering,School of Mechanical Engineering,ME 2016-2017 IV Sem VIII,,TUITION FEE,149000,0,0,0,0,0,0,0,0,DUE
239446,1/8/2016,2016-2017,2016-2017,AIE,DUE,456212,16CCME101032,16CCME101032,Alumni,General,School of Mechanical Engineering,B.Tech/B.Tech (Hons) Mechanical Engineering,School of Mechanical Engineering,ME 2016-2017 IV Sem VIII,,Exam Fee,10000,0,0,0,0,0,0,0,0,DUE
239447,1/8/2016,2016-2017,2016-2017,AIE,DUE,456212,16CCME101032,16CCME101032,Alumni,General,School of Mechanical Engineering,B.Tech/B.Tech (Hons) Mechanical Engineering,School of Mechanical Engineering,ME 2016-2017 IV Sem VIII,,Library BookC Recieved,1899,0,0,0,0,0,0,0,0,DUE
239448,1/8/2016,2016-2017,2016-2017,AIE,DUE,457543,16CCCE101146,16CCCE101146,Alumni,General,School of Computing Science & Engineering,B.Tech/B.Tech (Hons) Computer Science Engineering,School of Computing Science,B.Tech in CSE 2016-17 IV Sem VIII,,TUITION FEE,149000,0,0,0,0,0,0,0,0,DUE
239449,1/8/2016,2016-2017,2016-2017,AIE,DUE,457543,16CCCE101146,16CCCE101146,Alumni,General,School of Computing Science & Engineering,B.Tech/B.Tech (Hons) Computer Science Engineering,School of Computing Science,B.Tech in CSE 2016-17 IV Sem VIII,,Exam Fee,10000,0,0,0,0,0,0,0,0,DUE
239450,1/8/2016,2016-2017,2016-2017,AIE,DUE,457543,16CCCE101146,16CCCE101146,Alumni,General,School of Computing Science & Engineering,B.Tech/B.Tech (Hons) Computer Science Engineering,School of Computing Science,B.Tech in CSE 2016-17 IV Sem VIII,,Library BookC Recieved,1400,0,0,0,0,0,0,0,0,DUE
239451,1/8/2016,2016-2017,2016-2017,AIE,DUE,457576,16CCCE101153,16CCCE101153,Alumni,General,School of Computing Science & Engineering,B.Tech/B.Tech (Hons) Computer Science Engineering,School of Computing Science,B.Tech in CSE 2016-17 IV Sem VIII,,TUITION FEE,149000,0,0,0,0,0,0,0,0,DUE
239452,1/8/2016,2016-2017,2016-2017,AIE,DUE,457576,16CCCE101153,16CCCE101153,Alumni,General,School of Computing Science & Engineering,B.Tech/B.Tech (Hons) Computer Science Engineering,School of Computing Science,B.Tech in CSE 2016-17 IV Sem VIII,,Exam Fee,10000,0,0,0,0,0,0,0,0,DUE
239453,1/8/2016,2016-2017,2016-2017,AIE,DUE,457576,16CCCE101153,16CCCE101153,Alumni,General,School of Computing Science & Engineering,B.Tech/B.Tech (Hons) Computer Science Engineering,School of Computing Science,B.Tech in CSE 2016-17 IV Sem VIII,,Library BookC Recieved,1400,0,0,0,0,0,0,0,0,DUE
239454,1/8/2016,2016-2017,2016-2017,AIE,DUE,457885,16CCCE101216,16CCCE101216,Alumni,General,School of Computing Science & Engineering,B.Tech/B.Tech (Hons) Computer Science Engineering,School of Computing Science,B.Tech in CSE 2016-17 IV Sem VIII,,TUITION FEE,149000,0,0,0,0,0,0,0,0,DUE
239455,1/8/2016,2016-2017,2016-2017,AIE,DUE,457885,16CCCE101216,16CCCE101216,Alumni,General,School of Computing Science & Engineering,B.Tech/B.Tech (Hons) Computer Science Engineering,School of Computing Science,B.Tech in CSE 2016-17 IV Sem VIII,,Exam Fee,10000,0,0,0,0,0,0,0,0,DUE
239456,1/8/2016,2016-2017,2016-2017,AIE,DUE,457885,16CCCE101216,16CCCE101216,Alumni,General,School of Computing Science & Engineering,B.Tech/B.Tech (Hons) Computer Science Engineering,School of Computing Science,B.Tech in CSE 2016-17 IV Sem VIII,,Library BookC Recieved,1899,0,0,0,0,0,0,0,0,DUE
239457,1/8/2016,2016-2017,2016-2017,AIE,DUE,457894,16CCCE101217,16CCCE101217,Alumni,General,School of Computing Science & Engineering,B.Tech/B.Tech (Hons) Computer Science Engineering,School of Computing Science,B.Tech in CSE 2016-17 IV Sem VIII,,TUITION FEE,149000,0,0,0,0,0,0,0,0,DUE
239458,1/8/2016,2016-2017,2016-2017,AIE,DUE,457894,16CCCE101217,16CCCE101217,Alumni,General,School of Computing Science & Engineering,B.Tech/B.Tech (Hons) Computer Science Engineering,School of Computing Science,B.Tech in CSE 2016-17 IV Sem VIII,,Exam Fee,10000,0,0,0,0,0,0,0,0,DUE
239459,1/8/2016,2016-2017,2016-2017,AIE,DUE,457894,16CCCE101217,16CCCE101217,Alumni,General,School of Computing Science & Engineering,B.Tech/B.Tech (Hons) Computer Science Engineering,School of Computing Science,B.Tech in CSE 2016-17 IV Sem VIII,,Library BookC Recieved,1899,0,0,0,0,0,0,0,0,DUE
239460,1/8/2016,2016-2017,2016-2017,AIE,DUE,457565,16CCCE101149,16CCCE101149,Alumni,General,School of Computing Science & Engineering,B.Tech/B.Tech (Hons) Computer Science Engineering,School of Computing Science,B.Tech in CSE 2016-17 IV Sem VIII,,TUITION FEE,149000,0,0,0,0,0,0,0,0,DUE
239461,1/8/2016,2016-2017,2016-2017,AIE,DUE,457565,16CCCE101149,16CCCE101149,Alumni,General,School of Computing Science & Engineering,B.Tech/B.Tech (Hons) Computer Science Engineering,School of Computing Science,B.Tech in CSE 2016-17 IV Sem VIII,,Exam Fee,10000,0,0,0,0,0,0,0,0,DUE
239462,1/8/2016,2016-2017,2016-2017,AIE,DUE,457565,16CCCE101149,16CCCE101149,Alumni,General,School of Computing Science & Engineering,B.Tech/B.Tech (Hons) Computer Science Engineering,School of Computing Science,B.Tech in CSE 2016-17 IV Sem VIII,,Library BookC Recieved,1400,0,0,0,0,0,0,0,0,DUE
239463,1/8/2016,2016-2017,2016-2017,AIE,DUE,457900,16CCCE101219,16CCCE101219,Alumni,General,School of Computing Science & Engineering,B.Tech/B.Tech (Hons) Computer Science Engineering,School of Computing Science,B.Tech in CSE 2016-17 IV Sem VIII,,TUITION FEE,149000,0,0,0,0,0,0,0,0,DUE
239464,1/8/2016,2016-2017,2016-2017,AIE,DUE,457900,16CCCE101219,16CCCE101219,Alumni,General,School of Computing Science & Engineering,B.Tech/B.Tech (Hons) Computer Science Engineering,School of Computing Science,B.Tech in CSE 2016-17 IV Sem VIII,,Exam Fee,10000,0,0,0,0,0,0,0,0,DUE
239465,1/8/2016,2016-2017,2016-2017,AIE,DUE,457900,16CCCE101219,16CCCE101219,Alumni,General,School of Computing Science & Engineering,B.Tech/B.Tech (Hons) Computer Science Engineering,School of Computing Science,B.Tech in CSE 2016-17 IV Sem VIII,,Library BookC Recieved,1899,0,0,0,0,0,0,0,0,DUE
239466,1/8/2016,2016-2017,2016-2017,AIE,DUE,456049,16CBAC203007,16CBAC203007,Alumni,General,School of Basic & Applied Sciences,M. Sc Chemistry,School of Basic,M.Sc. Chemistry 2016-17 II Sem IV,,TUITION FEE,46000,0,0,0,0,0,0,0,0,DUE
239467,1/8/2016,2016-2017,2016-2017,AIE,DUE,456049,16CBAC203007,16CBAC203007,Alumni,General,School of Basic & Applied Sciences,M. Sc Chemistry,School of Basic,M.Sc. Chemistry 2016-17 II Sem IV,,Exam Fee,10000,0,0,0,0,0,0,0,0,DUE
239468,1/8/2016,2016-2017,2016-2017,AIE,DUE,456049,16CBAC203007,16CBAC203007,Alumni,General,School of Basic & Applied Sciences,M. Sc Chemistry,School of Basic,M.Sc. Chemistry 2016-17 II Sem IV,,Library BookC Recieved,403,0,0,0,0,0,0,0,0,DUE
239469,1/8/2016,2016-2017,2016-2017,AIE,DUE,457879,16CCCE101215,16CCCE101215,Alumni,General,School of Computing Science & Engineering,B.Tech/B.Tech (Hons) Computer Science Engineering,School of Computing Science,B.Tech in CSE 2016-17 IV Sem VIII,,TUITION FEE,149000,0,0,0,0,0,0,0,0,DUE
239470,1/8/2016,2016-2017,2016-2017,AIE,DUE,457879,16CCCE101215,16CCCE101215,Alumni,General,School of Computing Science & Engineering,B.Tech/B.Tech (Hons) Computer Science Engineering,School of Computing Science,B.Tech in CSE 2016-17 IV Sem VIII,,Exam Fee,10000,0,0,0,0,0,0,0,0,DUE
239471,1/8/2016,2016-2017,2016-2017,AIE,DUE,457879,16CCCE101215,16CCCE101215,Alumni,General,School of Computing Science & Engineering,B.Tech/B.Tech (Hons) Computer Science Engineering,School of Computing Science,B.Tech in CSE 2016-17 IV Sem VIII,,Library BookC Recieved,1899,0,0,0,0,0,0,0,0,DUE
239472,1/8/2016,2016-2017,2016-2017,AIE,DUE,457580,16CCCE101154,16CCCE101154,Alumni,General,School of Computing Science & Engineering,B.Tech/B.Tech (Hons) Computer Science Engineering,School of Computing Science,B.Tech in CSE 2016-17 IV Sem VIII,,TUITION FEE,149000,0,0,0,0,0,0,0,0,DUE
239473,1/8/2016,2016-2017,2016-2017,AIE,DUE,457580,16CCCE101154,16CCCE101154,Alumni,General,School of Computing Science & Engineering,B.Tech/B.Tech (Hons) Computer Science Engineering,School of Computing Science,B.Tech in CSE 2016-17 IV Sem VIII,,Exam Fee,10000,0,0,0,0,0,0,0,0,DUE
239474,1/8/2016,2016-2017,2016-2017,AIE,DUE,457580,16CCCE101154,16CCCE101154,Alumni,General,School of Computing Science & Engineering,B.Tech/B.Tech (Hons) Computer Science Engineering,School of Computing Science,B.Tech in CSE 2016-17 IV Sem VIII,,Library BookC Recieved,1899,0,0,0,0,0,0,0,0,DUE
239475,1/8/2016,2016-2017,2016-2017,AIE,DUE,456187,16CCME101025,16CCME101025,Alumni,General,School of Mechanical Engineering,B.Tech/B.Tech (Hons) Mechanical Engineering,School of Mechanical Engineering,ME 2016-2017 IV Sem VIII,,TUITION FEE,149000,0,0,0,0,0,0,0,0,DUE
239476,1/8/2016,2016-2017,2016-2017,AIE,DUE,456187,16CCME101025,16CCME101025,Alumni,General,School of Mechanical Engineering,B.Tech/B.Tech (Hons) Mechanical Engineering,School of Mechanical Engineering,ME 2016-2017 IV Sem VIII,,Exam Fee,10000,0,0,0,0,0,0,0,0,DUE
239477,1/8/2016,2016-2017,2016-2017,AIE,DUE,456187,16CCME101025,16CCME101025,Alumni,General,School of Mechanical Engineering,B.Tech/B.Tech (Hons) Mechanical Engineering,School of Mechanical Engineering,ME 2016-2017 IV Sem VIII,,Library BookC Recieved,1400,0,0,0,0,0,0,0,0,DUE
239478,1/8/2016,2016-2017,2016-2017,AIE,DUE,456052,16CBAC203008,16CBAC203008,Alumni,General,School of Basic & Applied Sciences,M. Sc Chemistry,School of Basic,M.Sc. Chemistry 2016-17 II Sem IV,,TUITION FEE,46000,0,0,0,0,0,0,0,0,DUE
239479,1/8/2016,2016-2017,2016-2017,AIE,DUE,456052,16CBAC203008,16CBAC203008,Alumni,General,School of Basic & Applied Sciences,M. Sc Chemistry,School of Basic,M.Sc. Chemistry 2016-17 II Sem IV,,Exam Fee,10000,0,0,0,0,0,0,0,0,DUE
239480,1/8/2016,2016-2017,2016-2017,AIE,DUE,456052,16CBAC203008,16CBAC203008,Alumni,General,School of Basic & Applied Sciences,M. Sc Chemistry,School of Basic,M.Sc. Chemistry 2016-17 II Sem IV,,Library BookC Recieved,403,0,0,0,0,0,0,0,0,DUE
239481,1/8/2016,2016-2017,2016-2017,AIE,DUE,457868,16CCCE101213,16CCCE101213,Alumni,General,School of Computing Science & Engineering,B.Tech/B.Tech (Hons) Computer Science Engineering,School of Computing Science,B.Tech in CSE 2016-17 IV Sem VIII,,TUITION FEE,149000,0,0,0,0,0,0,0,0,DUE
239482,1/8/2016,2016-2017,2016-2017,AIE,DUE,457868,16CCCE101213,16CCCE101213,Alumni,General,School of Computing Science & Engineering,B.Tech/B.Tech (Hons) Computer Science Engineering,School of Computing Science,B.Tech in CSE 2016-17 IV Sem VIII,,Exam Fee,10000,0,0,0,0,0,0,0,0,DUE
239483,1/8/2016,2016-2017,2016-2017,AIE,DUE,457868,16CCCE101213,16CCCE101213,Alumni,General,School of Computing Science & Engineering,B.Tech/B.Tech (Hons) Computer Science Engineering,School of Computing Science,B.Tech in CSE 2016-17 IV Sem VIII,,Library BookC Recieved,1400,0,0,0,0,0,0,0,0,DUE
239484,1/8/2016,2016-2017,2016-2017,AIE,DUE,456197,16CCME101026,16CCME101026,Alumni,General,School of Mechanical Engineering,B.Tech/B.Tech (Hons) Mechanical Engineering,School of Mechanical Engineering,ME 2016-2017 IV Sem VIII,,TUITION FEE,149000,0,0,0,0,0,0,0,0,DUE
239485,1/8/2016,2016-2017,2016-2017,AIE,DUE,456197,16CCME101026,16CCME101026,Alumni,General,School of Mechanical Engineering,B.Tech/B.Tech (Hons) Mechanical Engineering,School of Mechanical Engineering,ME 2016-2017 IV Sem VIII,,Exam Fee,10000,0,0,0,0,0,0,0,0,DUE
239486,1/8/2016,2016-2017,2016-2017,AIE,DUE,456197,16CCME101026,16CCME101026,Alumni,General,School of Mechanical Engineering,B.Tech/B.Tech (Hons) Mechanical Engineering,School of Mechanical Engineering,ME 2016-2017 IV Sem VIII,,Library BookC Recieved,1899,0,0,0,0,0,0,0,0,DUE
239487,1/8/2016,2016-2017,2016-2017,AIE,DUE,457586,16CCCE101157,16CCCE101157,Active,General,School of Computing Science & Engineering,B.Tech/B.Tech (Hons) Computer Science Engineering,School of Computing Science,B.Tech in CSE 2016-17 IV Sem VIII,,TUITION FEE,149000,0,0,0,0,0,0,0,0,DUE
239488,1/8/2016,2016-2017,2016-2017,AIE,DUE,457586,16CCCE101157,16CCCE101157,Active,General,School of Computing Science & Engineering,B.Tech/B.Tech (Hons) Computer Science Engineering,School of Computing Science,B.Tech in CSE 2016-17 IV Sem VIII,,Exam Fee,10000,0,0,0,0,0,0,0,0,DUE
239489,1/8/2016,2016-2017,2016-2017,AIE,DUE,457586,16CCCE101157,16CCCE101157,Active,General,School of Computing Science & Engineering,B.Tech/B.Tech (Hons) Computer Science Engineering,School of Computing Science,B.Tech in CSE 2016-17 IV Sem VIII,,Library BookC Recieved,1899,0,0,0,0,0,0,0,0,DUE
239490,1/8/2016,2016-2017,2016-2017,AIE,DUE,457907,16CCCE101221,16CCCE101221,Alumni,General,School of Computing Science & Engineering,B.Tech/B.Tech (Hons) Computer Science Engineering,School of Computing Science,B.Tech in CSE 2016-17 IV Sem VIII,,TUITION FEE,149000,0,0,0,0,0,0,0,0,DUE
239491,1/8/2016,2016-2017,2016-2017,AIE,DUE,457907,16CCCE101221,16CCCE101221,Alumni,General,School of Computing Science & Engineering,B.Tech/B.Tech (Hons) Computer Science Engineering,School of Computing Science,B.Tech in CSE 2016-17 IV Sem VIII,,Exam Fee,10000,0,0,0,0,0,0,0,0,DUE
239492,1/8/2016,2016-2017,2016-2017,AIE,DUE,457907,16CCCE101221,16CCCE101221,Alumni,General,School of Computing Science & Engineering,B.Tech/B.Tech (Hons) Computer Science Engineering,School of Computing Science,B.Tech in CSE 2016-17 IV Sem VIII,,Library BookC Recieved,1899,0,0,0,0,0,0,0,0,DUE
239493,1/8/2016,2016-2017,2016-2017,AIE,DUE,457912,16CCCE101222,16CCCE101222,Alumni,General,School of Computing Science & Engineering,B.Tech/B.Tech (Hons) Computer Science Engineering,School of Computing Science,B.Tech in CSE 2016-17 IV Sem VIII,,TUITION FEE,149000,0,0,0,0,0,0,0,0,DUE
239494,1/8/2016,2016-2017,2016-2017,AIE,DUE,457912,16CCCE101222,16CCCE101222,Alumni,General,School of Computing Science & Engineering,B.Tech/B.Tech (Hons) Computer Science Engineering,School of Computing Science,B.Tech in CSE 2016-17 IV Sem VIII,,Exam Fee,10000,0,0,0,0,0,0,0,0,DUE
239495,1/8/2016,2016-2017,2016-2017,AIE,DUE,457912,16CCCE101222,16CCCE101222,Alumni,General,School of Computing Science & Engineering,B.Tech/B.Tech (Hons) Computer Science Engineering,School of Computing Science,B.Tech in CSE 2016-17 IV Sem VIII,,Library BookC Recieved,1899,0,0,0,0,0,0,0,0,DUE
239496,1/8/2016,2016-2017,2016-2017,AIE,DUE,503720,16CCCE105058,16CCCE105058,Alumni,General,School of Computing Science & Engineering,B.Tech (Hons) in Computer Science & Engineering with Specialization in Cloud Computing & Virtualizations,School of Computing Science,B.Tech in CSCC 2016-17 IV Sem VIII,,TUITION FEE,170000,0,0,0,0,0,0,0,0,DUE
239497,1/8/2016,2016-2017,2016-2017,AIE,DUE,503720,16CCCE105058,16CCCE105058,Alumni,General,School of Computing Science & Engineering,B.Tech (Hons) in Computer Science & Engineering with Specialization in Cloud Computing & Virtualizations,School of Computing Science,B.Tech in CSCC 2016-17 IV Sem VIII,,Exam Fee,10000,0,0,0,0,0,0,0,0,DUE
239498,1/8/2016,2016-2017,2016-2017,AIE,DUE,503720,16CCCE105058,16CCCE105058,Alumni,General,School of Computing Science & Engineering,B.Tech (Hons) in Computer Science & Engineering with Specialization in Cloud Computing & Virtualizations,School of Computing Science,B.Tech in CSCC 2016-17 IV Sem VIII,,Library BookC Recieved,1400,0,0,0,0,0,0,0,0,DUE
239499,1/8/2016,2016-2017,2016-2017,AIE,DUE,457944,16CCCE101233,16CCCE101233,Alumni,General,School of Computing Science & Engineering,B.Tech/B.Tech (Hons) Computer Science Engineering,School of Computing Science,B.Tech in CSE 2016-17 IV Sem VIII,,TUITION FEE,149000,0,0,0,0,0,0,0,0,DUE
239500,1/8/2016,2016-2017,2016-2017,AIE,DUE,457944,16CCCE101233,16CCCE101233,Alumni,General,School of Computing Science & Engineering,B.Tech/B.Tech (Hons) Computer Science Engineering,School of Computing Science,B.Tech in CSE 2016-17 IV Sem VIII,,Exam Fee,10000,0,0,0,0,0,0,0,0,DUE
239501,1/8/2016,2016-2017,2016-2017,AIE,DUE,457944,16CCCE101233,16CCCE101233,Alumni,General,School of Computing Science & Engineering,B.Tech/B.Tech (Hons) Computer Science Engineering,School of Computing Science,B.Tech in CSE 2016-17 IV Sem VIII,,Library BookC Recieved,1899,0,0,0,0,0,0,0,0,DUE
239502,1/8/2016,2016-2017,2016-2017,AIE,DUE,457546,16CCCE101147,16CCCE101147,Alumni,General,School of Computing Science & Engineering,B.Tech/B.Tech (Hons) Computer Science Engineering,School of Computing Science,B.Tech in CSE 2016-17 IV Sem VIII,,TUITION FEE,149000,0,0,0,0,0,0,0,0,DUE
239503,1/8/2016,2016-2017,2016-2017,AIE,DUE,457546,16CCCE101147,16CCCE101147,Alumni,General,School of Computing Science & Engineering,B.Tech/B.Tech (Hons) Computer Science Engineering,School of Computing Science,B.Tech in CSE 2016-17 IV Sem VIII,,Exam Fee,10000,0,0,0,0,0,0,0,0,DUE
239504,1/8/2016,2016-2017,2016-2017,AIE,DUE,457546,16CCCE101147,16CCCE101147,Alumni,General,School of Computing Science & Engineering,B.Tech/B.Tech (Hons) Computer Science Engineering,School of Computing Science,B.Tech in CSE 2016-17 IV Sem VIII,,Library BookC Recieved,1899,0,0,0,0,0,0,0,0,DUE
239505,1/8/2016,2016-2017,2016-2017,AIE,DUE,456205,16CCME101028,16CCME101028,Alumni,General,School of Mechanical Engineering,B.Tech/B.Tech (Hons) Mechanical Engineering,School of Mechanical Engineering,ME 2016-2017 IV Sem VIII,,TUITION FEE,149000,0,0,0,0,0,0,0,0,DUE
239506,1/8/2016,2016-2017,2016-2017,AIE,DUE,456205,16CCME101028,16CCME101028,Alumni,General,School of Mechanical Engineering,B.Tech/B.Tech (Hons) Mechanical Engineering,School of Mechanical Engineering,ME 2016-2017 IV Sem VIII,,Exam Fee,10000,0,0,0,0,0,0,0,0,DUE
239507,1/8/2016,2016-2017,2016-2017,AIE,DUE,456205,16CCME101028,16CCME101028,Alumni,General,School of Mechanical Engineering,B.Tech/B.Tech (Hons) Mechanical Engineering,School of Mechanical Engineering,ME 2016-2017 IV Sem VIII,,Library BookC Recieved,1899,0,0,0,0,0,0,0,0,DUE
239508,1/8/2016,2016-2017,2016-2017,AIE,DUE,457957,16CCCE101235,16CCCE101235,Alumni,General,School of Computing Science & Engineering,B.Tech/B.Tech (Hons) Computer Science Engineering,School of Computing Science,B.Tech in CSE 2016-17 IV Sem VIII,,TUITION FEE,149000,0,0,0,0,0,0,0,0,DUE
239509,1/8/2016,2016-2017,2016-2017,AIE,DUE,457957,16CCCE101235,16CCCE101235,Alumni,General,School of Computing Science & Engineering,B.Tech/B.Tech (Hons) Computer Science Engineering,School of Computing Science,B.Tech in CSE 2016-17 IV Sem VIII,,Exam Fee,10000,0,0,0,0,0,0,0,0,DUE
239510,1/8/2016,2016-2017,2016-2017,AIE,DUE,457957,16CCCE101235,16CCCE101235,Alumni,General,School of Computing Science & Engineering,B.Tech/B.Tech (Hons) Computer Science Engineering,School of Computing Science,B.Tech in CSE 2016-17 IV Sem VIII,,Library BookC Recieved,1899,0,0,0,0,0,0,0,0,DUE
239511,1/8/2016,2016-2017,2016-2017,AIE,DUE,457935,16CCCE101232,16CCCE101232,Alumni,General,School of Computing Science & Engineering,B.Tech/B.Tech (Hons) Computer Science Engineering,School of Computing Science,B.Tech in CSE 2016-17 IV Sem VIII,,TUITION FEE,149000,0,0,0,0,0,0,0,0,DUE
239512,1/8/2016,2016-2017,2016-2017,AIE,DUE,457935,16CCCE101232,16CCCE101232,Alumni,General,School of Computing Science & Engineering,B.Tech/B.Tech (Hons) Computer Science Engineering,School of Computing Science,B.Tech in CSE 2016-17 IV Sem VIII,,Exam Fee,10000,0,0,0,0,0,0,0,0,DUE
239513,1/8/2016,2016-2017,2016-2017,AIE,DUE,457935,16CCCE101232,16CCCE101232,Alumni,General,School of Computing Science & Engineering,B.Tech/B.Tech (Hons) Computer Science Engineering,School of Computing Science,B.Tech in CSE 2016-17 IV Sem VIII,,Library BookC Recieved,1899,0,0,0,0,0,0,0,0,DUE
239514,1/8/2016,2016-2017,2016-2017,AIE,DUE,456045,16CBAC203006,16CBAC203006,Alumni,General,School of Basic & Applied Sciences,M. Sc Chemistry,School of Basic,M.Sc. Chemistry 2016-17 II Sem IV,,TUITION FEE,46000,0,0,0,0,0,0,0,0,DUE
239515,1/8/2016,2016-2017,2016-2017,AIE,DUE,456045,16CBAC203006,16CBAC203006,Alumni,General,School of Basic & Applied Sciences,M. Sc Chemistry,School of Basic,M.Sc. Chemistry 2016-17 II Sem IV,,Exam Fee,10000,0,0,0,0,0,0,0,0,DUE
239516,1/8/2016,2016-2017,2016-2017,AIE,DUE,456045,16CBAC203006,16CBAC203006,Alumni,General,School of Basic & Applied Sciences,M. Sc Chemistry,School of Basic,M.Sc. Chemistry 2016-17 II Sem IV,,Library BookC Recieved,403,0,0,0,0,0,0,0,0,DUE
239517,1/8/2016,2016-2017,2016-2017,AIE,DUE,503715,16CCCE105057,16CCCE105057,Alumni,General,School of Computing Science & Engineering,B.Tech (Hons) in Computer Science & Engineering with Specialization in Cloud Computing & Virtualizations,School of Computing Science,B.Tech in CSCC 2016-17 IV Sem VIII,,TUITION FEE,170000,0,0,0,0,0,0,0,0,DUE
239518,1/8/2016,2016-2017,2016-2017,AIE,DUE,503715,16CCCE105057,16CCCE105057,Alumni,General,School of Computing Science & Engineering,B.Tech (Hons) in Computer Science & Engineering with Specialization in Cloud Computing & Virtualizations,School of Computing Science,B.Tech in CSCC 2016-17 IV Sem VIII,,Exam Fee,10000,0,0,0,0,0,0,0,0,DUE
239519,1/8/2016,2016-2017,2016-2017,AIE,DUE,503715,16CCCE105057,16CCCE105057,Alumni,General,School of Computing Science & Engineering,B.Tech (Hons) in Computer Science & Engineering with Specialization in Cloud Computing & Virtualizations,School of Computing Science,B.Tech in CSCC 2016-17 IV Sem VIII,,Library BookC Recieved,1400,0,0,0,0,0,0,0,0,DUE
239520,1/8/2016,2016-2017,2016-2017,AIE,DUE,457915,16CCCE101226,16CCCE101226,No Information,General,School of Computing Science & Engineering,B.Tech/B.Tech (Hons) Computer Science Engineering,School of Computing Science,B.Tech in CSE 2016-17 II Sem IV,,TUITION FEE,149000,0,0,0,0,0,0,0,0,DUE
239521,1/8/2016,2016-2017,2016-2017,AIE,DUE,457915,16CCCE101226,16CCCE101226,No Information,General,School of Computing Science & Engineering,B.Tech/B.Tech (Hons) Computer Science Engineering,School of Computing Science,B.Tech in CSE 2016-17 II Sem IV,,Exam Fee,10000,0,0,0,0,0,0,0,0,DUE
239522,1/8/2016,2016-2017,2016-2017,AIE,DUE,457915,16CCCE101226,16CCCE101226,No Information,General,School of Computing Science & Engineering,B.Tech/B.Tech (Hons) Computer Science Engineering,School of Computing Science,B.Tech in CSE 2016-17 II Sem IV,,Fine Fee,200,0,0,0,0,0,0,0,0,DUE
239523,1/8/2016,2016-2017,2016-2017,AIE,DUE,457915,16CCCE101226,16CCCE101226,No Information,General,School of Computing Science & Engineering,B.Tech/B.Tech (Hons) Computer Science Engineering,School of Computing Science,B.Tech in CSE 2016-17 II Sem IV,,Library BookC Recieved,1899,0,0,0,0,0,0,0,0,DUE
239524,1/8/2016,2016-2017,2016-2017,AIE,DUE,457919,16CCCE101227,16CCCE101227,Alumni,General,School of Computing Science & Engineering,B.Tech/B.Tech (Hons) Computer Science Engineering,School of Computing Science,B.Tech in CSE 2016-17 IV Sem VIII,,TUITION FEE,149000,0,0,0,0,0,0,0,0,DUE
239525,1/8/2016,2016-2017,2016-2017,AIE,DUE,457919,16CCCE101227,16CCCE101227,Alumni,General,School of Computing Science & Engineering,B.Tech/B.Tech (Hons) Computer Science Engineering,School of Computing Science,B.Tech in CSE 2016-17 IV Sem VIII,,Exam Fee,10000,0,0,0,0,0,0,0,0,DUE
239526,1/8/2016,2016-2017,2016-2017,AIE,DUE,457919,16CCCE101227,16CCCE101227,Alumni,General,School of Computing Science & Engineering,B.Tech/B.Tech (Hons) Computer Science Engineering,School of Computing Science,B.Tech in CSE 2016-17 IV Sem VIII,,Library BookC Recieved,1400,0,0,0,0,0,0,0,0,DUE
239527,1/8/2016,2016-2017,2016-2017,AIE,DUE,457928,16CCCE101228,16CCCE101228,Alumni,General,School of Computing Science & Engineering,B.Tech/B.Tech (Hons) Computer Science Engineering,School of Computing Science,B.Tech in CSE 2016-17 IV Sem VIII,,TUITION FEE,149000,0,0,0,0,0,0,0,0,DUE
239528,1/8/2016,2016-2017,2016-2017,AIE,DUE,457928,16CCCE101228,16CCCE101228,Alumni,General,School of Computing Science & Engineering,B.Tech/B.Tech (Hons) Computer Science Engineering,School of Computing Science,B.Tech in CSE 2016-17 IV Sem VIII,,Exam Fee,10000,0,0,0,0,0,0,0,0,DUE
239529,1/8/2016,2016-2017,2016-2017,AIE,DUE,457928,16CCCE101228,16CCCE101228,Alumni,General,School of Computing Science & Engineering,B.Tech/B.Tech (Hons) Computer Science Engineering,School of Computing Science,B.Tech in CSE 2016-17 IV Sem VIII,,Library BookC Recieved,1899,0,0,0,0,0,0,0,0,DUE
239530,1/8/2016,2016-2017,2016-2017,AIE,DUE,457554,16CCCE101148,16CCCE101148,Alumni,General,School of Computing Science & Engineering,B.Tech/B.Tech (Hons) Computer Science Engineering,School of Computing Science,B.Tech in CSE 2016-17 IV Sem VIII,,TUITION FEE,149000,0,0,0,0,0,0,0,0,DUE
239531,1/8/2016,2016-2017,2016-2017,AIE,DUE,457554,16CCCE101148,16CCCE101148,Alumni,General,School of Computing Science & Engineering,B.Tech/B.Tech (Hons) Computer Science Engineering,School of Computing Science,B.Tech in CSE 2016-17 IV Sem VIII,,Exam Fee,10000,0,0,0,0,0,0,0,0,DUE
239532,1/8/2016,2016-2017,2016-2017,AIE,DUE,457554,16CCCE101148,16CCCE101148,Alumni,General,School of Computing Science & Engineering,B.Tech/B.Tech (Hons) Computer Science Engineering,School of Computing Science,B.Tech in CSE 2016-17 IV Sem VIII,,Fine Fee,800,0,0,0,0,0,0,0,0,DUE
239533,1/8/2016,2016-2017,2016-2017,AIE,DUE,457554,16CCCE101148,16CCCE101148,Alumni,General,School of Computing Science & Engineering,B.Tech/B.Tech (Hons) Computer Science Engineering,School of Computing Science,B.Tech in CSE 2016-17 IV Sem VIII,,Library BookC Recieved,1899,0,0,0,0,0,0,0,0,DUE
239534,1/8/2016,2016-2017,2016-2017,AIE,DUE,503664,16CCCE105036,16CCCE105036,Alumni,General,School of Computing Science & Engineering,B.Tech (Hons) in Computer Science & Engineering with Specialization in Cloud Computing & Virtualizations,School of Computing Science,B.Tech in CSCC 2016-17 IV Sem VIII,,TUITION FEE,170000,0,0,0,0,0,0,0,0,DUE
239535,1/8/2016,2016-2017,2016-2017,AIE,DUE,503664,16CCCE105036,16CCCE105036,Alumni,General,School of Computing Science & Engineering,B.Tech (Hons) in Computer Science & Engineering with Specialization in Cloud Computing & Virtualizations,School of Computing Science,B.Tech in CSCC 2016-17 IV Sem VIII,,Exam Fee,10000,0,0,0,0,0,0,0,0,DUE
239536,1/8/2016,2016-2017,2016-2017,AIE,DUE,503664,16CCCE105036,16CCCE105036,Alumni,General,School of Computing Science & Engineering,B.Tech (Hons) in Computer Science & Engineering with Specialization in Cloud Computing & Virtualizations,School of Computing Science,B.Tech in CSCC 2016-17 IV Sem VIII,,Library BookC Recieved,1400,0,0,0,0,0,0,0,0,DUE
239537,1/8/2016,2016-2017,2016-2017,AIE,DUE,457279,16CCCE101097,16CCCE101097,Alumni,General,School of Computing Science & Engineering,B.Tech/B.Tech (Hons) Computer Science Engineering,School of Computing Science,B.Tech in CSE 2016-17 IV Sem VIII,,TUITION FEE,149000,0,0,0,0,0,0,0,0,DUE
239538,1/8/2016,2016-2017,2016-2017,AIE,DUE,457279,16CCCE101097,16CCCE101097,Alumni,General,School of Computing Science & Engineering,B.Tech/B.Tech (Hons) Computer Science Engineering,School of Computing Science,B.Tech in CSE 2016-17 IV Sem VIII,,Exam Fee,10000,0,0,0,0,0,0,0,0,DUE
239539,1/8/2016,2016-2017,2016-2017,AIE,DUE,457279,16CCCE101097,16CCCE101097,Alumni,General,School of Computing Science & Engineering,B.Tech/B.Tech (Hons) Computer Science Engineering,School of Computing Science,B.Tech in CSE 2016-17 IV Sem VIII,,Library BookC Recieved,1899,0,0,0,0,0,0,0,0,DUE
239540,1/8/2016,2016-2017,2016-2017,AIE,DUE,457112,16CCCE101058,16CCCE101058,Alumni,General,School of Computing Science & Engineering,B.Tech/B.Tech (Hons) Computer Science Engineering,School of Computing Science,B.Tech in CSE 2016-17 IV Sem VIII,,TUITION FEE,149000,0,0,0,0,0,0,0,0,DUE
239541,1/8/2016,2016-2017,2016-2017,AIE,DUE,457112,16CCCE101058,16CCCE101058,Alumni,General,School of Computing Science & Engineering,B.Tech/B.Tech (Hons) Computer Science Engineering,School of Computing Science,B.Tech in CSE 2016-17 IV Sem VIII,,Exam Fee,10000,0,0,0,0,0,0,0,0,DUE
239542,1/8/2016,2016-2017,2016-2017,AIE,DUE,457112,16CCCE101058,16CCCE101058,Alumni,General,School of Computing Science & Engineering,B.Tech/B.Tech (Hons) Computer Science Engineering,School of Computing Science,B.Tech in CSE 2016-17 IV Sem VIII,,Library BookC Recieved,1899,0,0,0,0,0,0,0,0,DUE
239543,1/8/2016,2016-2017,2016-2017,AIE,DUE,457118,16CCCE101059,16CCCE101059,Alumni,General,School of Computing Science & Engineering,B.Tech/B.Tech (Hons) Computer Science Engineering,School of Computing Science,B.Tech in CSE 2016-17 IV Sem VIII,,TUITION FEE,149000,0,0,0,0,0,0,0,0,DUE
239544,1/8/2016,2016-2017,2016-2017,AIE,DUE,457118,16CCCE101059,16CCCE101059,Alumni,General,School of Computing Science & Engineering,B.Tech/B.Tech (Hons) Computer Science Engineering,School of Computing Science,B.Tech in CSE 2016-17 IV Sem VIII,,Exam Fee,10000,0,0,0,0,0,0,0,0,DUE
239545,1/8/2016,2016-2017,2016-2017,AIE,DUE,457118,16CCCE101059,16CCCE101059,Alumni,General,School of Computing Science & Engineering,B.Tech/B.Tech (Hons) Computer Science Engineering,School of Computing Science,B.Tech in CSE 2016-17 IV Sem VIII,,Library BookC Recieved,1899,0,0,0,0,0,0,0,0,DUE
239546,1/8/2016,2016-2017,2016-2017,AIE,DUE,459122,16CCCE101500,16CCCE101500,Year Back,General,School of Computing Science & Engineering,B.Tech/B.Tech (Hons) Computer Science Engineering,School of Computing Science,B.Tech in CSE 2016-17 III Sem V,,TUITION FEE,149000,0,0,0,0,0,0,0,0,DUE
239547,1/8/2016,2016-2017,2016-2017,AIE,DUE,459122,16CCCE101500,16CCCE101500,Year Back,General,School of Computing Science & Engineering,B.Tech/B.Tech (Hons) Computer Science Engineering,School of Computing Science,B.Tech in CSE 2016-17 III Sem V,,Exam Fee,10000,0,0,0,0,0,0,0,0,DUE
239548,1/8/2016,2016-2017,2016-2017,AIE,DUE,459122,16CCCE101500,16CCCE101500,Year Back,General,School of Computing Science & Engineering,B.Tech/B.Tech (Hons) Computer Science Engineering,School of Computing Science,B.Tech in CSE 2016-17 III Sem V,,Library BookC Recieved,1899,0,0,0,0,0,0,0,0,DUE
239549,1/8/2016,2016-2017,2016-2017,AIE,DUE,501015,16CBAC201001,16CBAC201001,Alumni,General,School of Basic & Applied Sciences,M.Sc. Forensic Sciences,School of Basic,M. Sc. Forensic Science 2016-17 II Sem IV,,TUITION FEE,50000,0,0,0,0,0,0,0,0,DUE
239550,1/8/2016,2016-2017,2016-2017,AIE,DUE,501015,16CBAC201001,16CBAC201001,Alumni,General,School of Basic & Applied Sciences,M.Sc. Forensic Sciences,School of Basic,M. Sc. Forensic Science 2016-17 II Sem IV,,Exam Fee,10000,0,0,0,0,0,0,0,0,DUE
239551,1/8/2016,2016-2017,2016-2017,AIE,DUE,498547,15CECE203018,15CECE203018,Cancelled,General,School of Electrical Electronics & Communication Engineering,M.Tech Communication Engineering,School of Electrical  Electronics,Communication Engineering-2016-17 II Sem IV,,TUITION FEE,77000,0,0,0,0,0,0,0,0,DUE
239552,1/8/2016,2016-2017,2016-2017,AIE,DUE,498547,15CECE203018,15CECE203018,Cancelled,General,School of Electrical Electronics & Communication Engineering,M.Tech Communication Engineering,School of Electrical  Electronics,Communication Engineering-2016-17 II Sem IV,,Exam Fee,10000,0,0,0,0,0,0,0,0,DUE
239553,1/8/2016,2016-2017,2016-2017,AIE,DUE,459126,16CCCE101501,16CCCE101501,Withdrawn,General,School of Computing Science & Engineering,B.Tech/B.Tech (Hons) Computer Science Engineering,School of Computing Science,B.Tech in CSE 2016-17 III Sem V,,TUITION FEE,149000,0,0,0,0,0,0,0,0,DUE
239554,1/8/2016,2016-2017,2016-2017,AIE,DUE,459126,16CCCE101501,16CCCE101501,Withdrawn,General,School of Computing Science & Engineering,B.Tech/B.Tech (Hons) Computer Science Engineering,School of Computing Science,B.Tech in CSE 2016-17 III Sem V,,Exam Fee,10000,0,0,0,0,0,0,0,0,DUE
239555,1/8/2016,2016-2017,2016-2017,AIE,DUE,459126,16CCCE101501,16CCCE101501,Withdrawn,General,School of Computing Science & Engineering,B.Tech/B.Tech (Hons) Computer Science Engineering,School of Computing Science,B.Tech in CSE 2016-17 III Sem V,,Library BookC Recieved,1899,0,0,0,0,0,0,0,0,DUE
239556,1/8/2016,2016-2017,2016-2017,AIE,DUE,459118,16CCCE101499,16CCCE101499,No Information,General,School of Computing Science & Engineering,B.Tech/B.Tech (Hons) Computer Science Engineering,School of Computing Science,B.Tech in CSE 2016-17 II Sem IV,,TUITION FEE,149000,0,0,0,0,0,0,0,0,DUE
239557,1/8/2016,2016-2017,2016-2017,AIE,DUE,459118,16CCCE101499,16CCCE101499,No Information,General,School of Computing Science & Engineering,B.Tech/B.Tech (Hons) Computer Science Engineering,School of Computing Science,B.Tech in CSE 2016-17 II Sem IV,,Exam Fee,10000,0,0,0,0,0,0,0,0,DUE
239558,1/8/2016,2016-2017,2016-2017,AIE,DUE,459118,16CCCE101499,16CCCE101499,No Information,General,School of Computing Science & Engineering,B.Tech/B.Tech (Hons) Computer Science Engineering,School of Computing Science,B.Tech in CSE 2016-17 II Sem IV,,Library BookC Recieved,1899,0,0,0,0,0,0,0,0,DUE
239559,1/8/2016,2016-2017,2016-2017,AIE,DUE,459109,16CCCE101497,16CCCE101497,Alumni,General,School of Computing Science & Engineering,B.Tech/B.Tech (Hons) Computer Science Engineering,School of Computing Science,B.Tech in CSE 2016-17 IV Sem VIII,,TUITION FEE,149000,0,0,0,0,0,0,0,0,DUE
239560,1/8/2016,2016-2017,2016-2017,AIE,DUE,459109,16CCCE101497,16CCCE101497,Alumni,General,School of Computing Science & Engineering,B.Tech/B.Tech (Hons) Computer Science Engineering,School of Computing Science,B.Tech in CSE 2016-17 IV Sem VIII,,Exam Fee,10000,0,0,0,0,0,0,0,0,DUE
239561,1/8/2016,2016-2017,2016-2017,AIE,DUE,459109,16CCCE101497,16CCCE101497,Alumni,General,School of Computing Science & Engineering,B.Tech/B.Tech (Hons) Computer Science Engineering,School of Computing Science,B.Tech in CSE 2016-17 IV Sem VIII,,Library BookC Recieved,1899,0,0,0,0,0,0,0,0,DUE
239562,1/8/2016,2016-2017,2016-2017,AIE,DUE,459092,16CCCE101491,16CCCE101491,No Information,General,School of Computing Science & Engineering,B.Tech/B.Tech (Hons) Computer Science Engineering,School of Computing Science,B.Tech/B.Tech (Hons) Computer Science Engineering 2016-2017 I Sem II,,TUITION FEE,149000,0,0,0,0,0,0,0,0,DUE
239563,1/8/2016,2016-2017,2016-2017,AIE,DUE,459092,16CCCE101491,16CCCE101491,No Information,General,School of Computing Science & Engineering,B.Tech/B.Tech (Hons) Computer Science Engineering,School of Computing Science,B.Tech/B.Tech (Hons) Computer Science Engineering 2016-2017 I Sem II,,Exam Fee,10000,0,0,0,0,0,0,0,0,DUE
239564,1/8/2016,2016-2017,2016-2017,AIE,DUE,457126,16CCCE101061,16CCCE101061,Alumni,General,School of Computing Science & Engineering,B.Tech/B.Tech (Hons) Computer Science Engineering,School of Computing Science,B.Tech in CSE 2016-17 IV Sem VIII,,TUITION FEE,149000,0,0,0,0,0,0,0,0,DUE
239565,1/8/2016,2016-2017,2016-2017,AIE,DUE,457126,16CCCE101061,16CCCE101061,Alumni,General,School of Computing Science & Engineering,B.Tech/B.Tech (Hons) Computer Science Engineering,School of Computing Science,B.Tech in CSE 2016-17 IV Sem VIII,,Exam Fee,10000,0,0,0,0,0,0,0,0,DUE
239566,1/8/2016,2016-2017,2016-2017,AIE,DUE,457126,16CCCE101061,16CCCE101061,Alumni,General,School of Computing Science & Engineering,B.Tech/B.Tech (Hons) Computer Science Engineering,School of Computing Science,B.Tech in CSE 2016-17 IV Sem VIII,,Library BookC Recieved,1899,0,0,0,0,0,0,0,0,DUE
239567,1/8/2016,2016-2017,2016-2017,AIE,DUE,459097,16CCCE101492,16CCCE101492,Alumni,General,School of Computing Science & Engineering,B.Tech/B.Tech (Hons) Computer Science Engineering,School of Computing Science,B.Tech in CSE 2016-17 IV Sem VIII,,TUITION FEE,149000,0,0,0,0,0,0,0,0,DUE
239568,1/8/2016,2016-2017,2016-2017,AIE,DUE,459097,16CCCE101492,16CCCE101492,Alumni,General,School of Computing Science & Engineering,B.Tech/B.Tech (Hons) Computer Science Engineering,School of Computing Science,B.Tech in CSE 2016-17 IV Sem VIII,,Exam Fee,10000,0,0,0,0,0,0,0,0,DUE
239569,1/8/2016,2016-2017,2016-2017,AIE,DUE,459097,16CCCE101492,16CCCE101492,Alumni,General,School of Computing Science & Engineering,B.Tech/B.Tech (Hons) Computer Science Engineering,School of Computing Science,B.Tech in CSE 2016-17 IV Sem VIII,,Library BookC Recieved,1400,0,0,0,0,0,0,0,0,DUE
239570,1/8/2016,2016-2017,2016-2017,AIE,DUE,459097,16CCCE101492,16CCCE101492,Alumni,General,School of Computing Science & Engineering,B.Tech/B.Tech (Hons) Computer Science Engineering,School of Computing Science,B.Tech in CSE 2016-17 IV Sem VIII,,Sport Activity Received,1500,0,0,0,0,0,0,0,0,DUE
239571,1/8/2016,2016-2017,2016-2017,AIE,DUE,501017,16CBAC203005,16CBAC203005,Alumni,General,School of Basic & Applied Sciences,M. Sc Chemistry,School of Basic,M.Sc. Chemistry 2016-17 II Sem IV,,TUITION FEE,46000,0,0,0,0,0,0,0,0,DUE
239572,1/8/2016,2016-2017,2016-2017,AIE,DUE,501017,16CBAC203005,16CBAC203005,Alumni,General,School of Basic & Applied Sciences,M. Sc Chemistry,School of Basic,M.Sc. Chemistry 2016-17 II Sem IV,,Exam Fee,10000,0,0,0,0,0,0,0,0,DUE
239573,1/8/2016,2016-2017,2016-2017,AIE,DUE,501017,16CBAC203005,16CBAC203005,Alumni,General,School of Basic & Applied Sciences,M. Sc Chemistry,School of Basic,M.Sc. Chemistry 2016-17 II Sem IV,,Library BookC Recieved,403,0,0,0,0,0,0,0,0,DUE
239574,1/8/2016,2016-2017,2016-2017,AIE,DUE,459102,16CCCE101493,16CCCE101493,Alumni,General,School of Computing Science & Engineering,B.Tech/B.Tech (Hons) Computer Science Engineering,School of Computing Science,B.Tech in CSE 2016-17 IV Sem VIII,,TUITION FEE,149000,0,0,0,0,0,0,0,0,DUE
239575,1/8/2016,2016-2017,2016-2017,AIE,DUE,459102,16CCCE101493,16CCCE101493,Alumni,General,School of Computing Science & Engineering,B.Tech/B.Tech (Hons) Computer Science Engineering,School of Computing Science,B.Tech in CSE 2016-17 IV Sem VIII,,Exam Fee,10000,0,0,0,0,0,0,0,0,DUE
239576,1/8/2016,2016-2017,2016-2017,AIE,DUE,459102,16CCCE101493,16CCCE101493,Alumni,General,School of Computing Science & Engineering,B.Tech/B.Tech (Hons) Computer Science Engineering,School of Computing Science,B.Tech in CSE 2016-17 IV Sem VIII,,Library BookC Recieved,1899,0,0,0,0,0,0,0,0,DUE
239577,1/8/2016,2016-2017,2016-2017,AIE,DUE,503757,16CCCE105074,16CCCE105074,Alumni,General,School of Computing Science & Engineering,B.Tech (Hons) in Computer Science & Engineering with Specialization in Cloud Computing & Virtualizations,School of Computing Science,B.Tech in CSCC 2016-17 IV Sem VIII,,TUITION FEE,170000,0,0,0,0,0,0,0,0,DUE
239578,1/8/2016,2016-2017,2016-2017,AIE,DUE,503757,16CCCE105074,16CCCE105074,Alumni,General,School of Computing Science & Engineering,B.Tech (Hons) in Computer Science & Engineering with Specialization in Cloud Computing & Virtualizations,School of Computing Science,B.Tech in CSCC 2016-17 IV Sem VIII,,Exam Fee,10000,0,0,0,0,0,0,0,0,DUE
239579,1/8/2016,2016-2017,2016-2017,AIE,DUE,503757,16CCCE105074,16CCCE105074,Alumni,General,School of Computing Science & Engineering,B.Tech (Hons) in Computer Science & Engineering with Specialization in Cloud Computing & Virtualizations,School of Computing Science,B.Tech in CSCC 2016-17 IV Sem VIII,,Library BookC Recieved,1400,0,0,0,0,0,0,0,0,DUE
239580,1/8/2016,2016-2017,2016-2017,AIE,DUE,503660,16CCCE105027,16CCCE105027,Alumni,General,School of Computing Science & Engineering,B.Tech (Hons) in Computer Science & Engineering with Specialization in Cloud Computing & Virtualizations,School of Computing Science,B.Tech in CSCC 2016-17 IV Sem VIII,,TUITION FEE,170000,0,0,0,0,0,0,0,0,DUE
239581,1/8/2016,2016-2017,2016-2017,AIE,DUE,503660,16CCCE105027,16CCCE105027,Alumni,General,School of Computing Science & Engineering,B.Tech (Hons) in Computer Science & Engineering with Specialization in Cloud Computing & Virtualizations,School of Computing Science,B.Tech in CSCC 2016-17 IV Sem VIII,,Exam Fee,10000,0,0,0,0,0,0,0,0,DUE
239582,1/8/2016,2016-2017,2016-2017,AIE,DUE,503660,16CCCE105027,16CCCE105027,Alumni,General,School of Computing Science & Engineering,B.Tech (Hons) in Computer Science & Engineering with Specialization in Cloud Computing & Virtualizations,School of Computing Science,B.Tech in CSCC 2016-17 IV Sem VIII,,Library BookC Recieved,1400,0,0,0,0,0,0,0,0,DUE
239583,1/8/2016,2016-2017,2016-2017,AIE,DUE,459163,16CCCE101508,16CCCE101508,Alumni,General,School of Computing Science & Engineering,B.Tech/B.Tech (Hons) Computer Science Engineering,School of Computing Science,B.Tech in CSE 2016-17 IV Sem VIII,,TUITION FEE,149000,0,0,0,0,0,0,0,0,DUE
239584,1/8/2016,2016-2017,2016-2017,AIE,DUE,459163,16CCCE101508,16CCCE101508,Alumni,General,School of Computing Science & Engineering,B.Tech/B.Tech (Hons) Computer Science Engineering,School of Computing Science,B.Tech in CSE 2016-17 IV Sem VIII,,Exam Fee,10000,0,0,0,0,0,0,0,0,DUE
239585,1/8/2016,2016-2017,2016-2017,AIE,DUE,459163,16CCCE101508,16CCCE101508,Alumni,General,School of Computing Science & Engineering,B.Tech/B.Tech (Hons) Computer Science Engineering,School of Computing Science,B.Tech in CSE 2016-17 IV Sem VIII,,Library BookC Recieved,1899,0,0,0,0,0,0,0,0,DUE
239586,1/8/2016,2016-2017,2016-2017,AIE,DUE,459158,16CCCE101507,16CCCE101507,Alumni,General,School of Computing Science & Engineering,B.Tech/B.Tech (Hons) Computer Science Engineering,School of Computing Science,B.Tech in CSE 2016-17 IV Sem VIII,,TUITION FEE,149000,0,0,0,0,0,0,0,0,DUE
239587,1/8/2016,2016-2017,2016-2017,AIE,DUE,459158,16CCCE101507,16CCCE101507,Alumni,General,School of Computing Science & Engineering,B.Tech/B.Tech (Hons) Computer Science Engineering,School of Computing Science,B.Tech in CSE 2016-17 IV Sem VIII,,Exam Fee,10000,0,0,0,0,0,0,0,0,DUE
239588,1/8/2016,2016-2017,2016-2017,AIE,DUE,459158,16CCCE101507,16CCCE101507,Alumni,General,School of Computing Science & Engineering,B.Tech/B.Tech (Hons) Computer Science Engineering,School of Computing Science,B.Tech in CSE 2016-17 IV Sem VIII,,Library BookC Recieved,1899,0,0,0,0,0,0,0,0,DUE
239589,1/8/2016,2016-2017,2016-2017,AIE,DUE,455925,16CBAC101092,16CBAC101092,Alumni,General,School of Basic & Applied Sciences,B.Sc.(Hons) Forensic Sciences,School of Basic,B.Sc.(Hons) Forensic Sciences IV Sem VII,,TUITION FEE,50000,0,0,0,0,0,0,0,0,DUE
239590,1/8/2016,2016-2017,2016-2017,AIE,DUE,455925,16CBAC101092,16CBAC101092,Alumni,General,School of Basic & Applied Sciences,B.Sc.(Hons) Forensic Sciences,School of Basic,B.Sc.(Hons) Forensic Sciences IV Sem VII,,Exam Fee,10000,0,0,0,0,0,0,0,0,DUE
239591,1/8/2016,2016-2017,2016-2017,AIE,DUE,459168,16CCCE101513,16CCCE101513,Alumni,General,School of Computing Science & Engineering,B.Tech/B.Tech (Hons) Computer Science Engineering,School of Computing Science,B.Tech in CSE 2016-17 IV Sem VIII,,TUITION FEE,149000,0,0,0,0,0,0,0,0,DUE
239592,1/8/2016,2016-2017,2016-2017,AIE,DUE,459168,16CCCE101513,16CCCE101513,Alumni,General,School of Computing Science & Engineering,B.Tech/B.Tech (Hons) Computer Science Engineering,School of Computing Science,B.Tech in CSE 2016-17 IV Sem VIII,,Exam Fee,10000,0,0,0,0,0,0,0,0,DUE
239593,1/8/2016,2016-2017,2016-2017,AIE,DUE,459168,16CCCE101513,16CCCE101513,Alumni,General,School of Computing Science & Engineering,B.Tech/B.Tech (Hons) Computer Science Engineering,School of Computing Science,B.Tech in CSE 2016-17 IV Sem VIII,,Library BookC Recieved,1899,0,0,0,0,0,0,0,0,DUE
239594,1/8/2016,2016-2017,2016-2017,AIE,DUE,459173,16CCCE101514,16CCCE101514,Alumni,General,School of Computing Science & Engineering,B.Tech/B.Tech (Hons) Computer Science Engineering,School of Computing Science,B.Tech in CSE 2016-17 IV Sem VIII,,TUITION FEE,149000,0,0,0,0,0,0,0,0,DUE
239595,1/8/2016,2016-2017,2016-2017,AIE,DUE,459173,16CCCE101514,16CCCE101514,Alumni,General,School of Computing Science & Engineering,B.Tech/B.Tech (Hons) Computer Science Engineering,School of Computing Science,B.Tech in CSE 2016-17 IV Sem VIII,,Exam Fee,10000,0,0,0,0,0,0,0,0,DUE
239596,1/8/2016,2016-2017,2016-2017,AIE,DUE,459173,16CCCE101514,16CCCE101514,Alumni,General,School of Computing Science & Engineering,B.Tech/B.Tech (Hons) Computer Science Engineering,School of Computing Science,B.Tech in CSE 2016-17 IV Sem VIII,,Library BookC Recieved,1899,0,0,0,0,0,0,0,0,DUE
239597,1/8/2016,2016-2017,2016-2017,AIE,DUE,459173,16CCCE101514,16CCCE101514,Alumni,General,School of Computing Science & Engineering,B.Tech/B.Tech (Hons) Computer Science Engineering,School of Computing Science,B.Tech in CSE 2016-17 IV Sem VIII,,Sport Activity Received,700,0,0,0,0,0,0,0,0,DUE
239598,1/8/2016,2016-2017,2016-2017,AIE,DUE,457099,16CCCE101056,16CCCE101056,Alumni,General,School of Computing Science & Engineering,B.Tech/B.Tech (Hons) Computer Science Engineering,School of Computing Science,B.Tech in CSE 2016-17 IV Sem VIII,,TUITION FEE,149000,0,0,0,0,0,0,0,0,DUE
239599,1/8/2016,2016-2017,2016-2017,AIE,DUE,457099,16CCCE101056,16CCCE101056,Alumni,General,School of Computing Science & Engineering,B.Tech/B.Tech (Hons) Computer Science Engineering,School of Computing Science,B.Tech in CSE 2016-17 IV Sem VIII,,Exam Fee,10000,0,0,0,0,0,0,0,0,DUE
239600,1/8/2016,2016-2017,2016-2017,AIE,DUE,457099,16CCCE101056,16CCCE101056,Alumni,General,School of Computing Science & Engineering,B.Tech/B.Tech (Hons) Computer Science Engineering,School of Computing Science,B.Tech in CSE 2016-17 IV Sem VIII,,Library BookC Recieved,1899,0,0,0,0,0,0,0,0,DUE
239601,1/8/2016,2016-2017,2016-2017,AIE,DUE,456392,16CCME101091,16CCME101091,Alumni,General,School of Mechanical Engineering,B.Tech/B.Tech (Hons) Mechanical Engineering,School of Mechanical Engineering,ME 2016-2017 IV Sem VIII,,TUITION FEE,149000,0,0,0,0,0,0,0,0,DUE
239602,1/8/2016,2016-2017,2016-2017,AIE,DUE,456392,16CCME101091,16CCME101091,Alumni,General,School of Mechanical Engineering,B.Tech/B.Tech (Hons) Mechanical Engineering,School of Mechanical Engineering,ME 2016-2017 IV Sem VIII,,Exam Fee,10000,0,0,0,0,0,0,0,0,DUE
239603,1/8/2016,2016-2017,2016-2017,AIE,DUE,456392,16CCME101091,16CCME101091,Alumni,General,School of Mechanical Engineering,B.Tech/B.Tech (Hons) Mechanical Engineering,School of Mechanical Engineering,ME 2016-2017 IV Sem VIII,,Library BookC Recieved,1899,0,0,0,0,0,0,0,0,DUE
239604,1/8/2016,2016-2017,2016-2017,AIE,DUE,459149,16CCCE101506,16CCCE101506,Alumni,General,School of Computing Science & Engineering,B.Tech/B.Tech (Hons) Computer Science Engineering,School of Computing Science,B.Tech in CSE 2016-17 IV Sem VIII,,TUITION FEE,149000,0,0,0,0,0,0,0,0,DUE
239605,1/8/2016,2016-2017,2016-2017,AIE,DUE,459149,16CCCE101506,16CCCE101506,Alumni,General,School of Computing Science & Engineering,B.Tech/B.Tech (Hons) Computer Science Engineering,School of Computing Science,B.Tech in CSE 2016-17 IV Sem VIII,,Exam Fee,10000,0,0,0,0,0,0,0,0,DUE
239606,1/8/2016,2016-2017,2016-2017,AIE,DUE,459149,16CCCE101506,16CCCE101506,Alumni,General,School of Computing Science & Engineering,B.Tech/B.Tech (Hons) Computer Science Engineering,School of Computing Science,B.Tech in CSE 2016-17 IV Sem VIII,,Library BookC Recieved,1899,0,0,0,0,0,0,0,0,DUE
239607,1/8/2016,2016-2017,2016-2017,AIE,DUE,456383,16CCME101088,16CCME101088,Alumni,General,School of Computing Science & Engineering,B.Tech/B.Tech (Hons) Computer Science Engineering,School of Computing Science,B.Tech in CSE 2016-17 IV Sem VIII,,TUITION FEE,149000,0,0,0,0,0,0,0,0,DUE
239608,1/8/2016,2016-2017,2016-2017,AIE,DUE,456383,16CCME101088,16CCME101088,Alumni,General,School of Computing Science & Engineering,B.Tech/B.Tech (Hons) Computer Science Engineering,School of Computing Science,B.Tech in CSE 2016-17 IV Sem VIII,,Exam Fee,10000,0,0,0,0,0,0,0,0,DUE
239609,1/8/2016,2016-2017,2016-2017,AIE,DUE,456383,16CCME101088,16CCME101088,Alumni,General,School of Computing Science & Engineering,B.Tech/B.Tech (Hons) Computer Science Engineering,School of Computing Science,B.Tech in CSE 2016-17 IV Sem VIII,,Library BookC Recieved,1899,0,0,0,0,0,0,0,0,DUE
239610,1/8/2016,2016-2017,2016-2017,AIE,DUE,459128,16CCCE101502,16CCCE101502,No Information,General,School of Computing Science & Engineering,B.Tech/B.Tech (Hons) Computer Science Engineering,School of Computing Science,B.Tech in CSE 2016-17 II Sem IV,,TUITION FEE,149000,0,0,0,0,0,0,0,0,DUE
239611,1/8/2016,2016-2017,2016-2017,AIE,DUE,459128,16CCCE101502,16CCCE101502,No Information,General,School of Computing Science & Engineering,B.Tech/B.Tech (Hons) Computer Science Engineering,School of Computing Science,B.Tech in CSE 2016-17 II Sem IV,,Exam Fee,10000,0,0,0,0,0,0,0,0,DUE
239612,1/8/2016,2016-2017,2016-2017,AIE,DUE,459128,16CCCE101502,16CCCE101502,No Information,General,School of Computing Science & Engineering,B.Tech/B.Tech (Hons) Computer Science Engineering,School of Computing Science,B.Tech in CSE 2016-17 II Sem IV,,Library BookC Recieved,1899,0,0,0,0,0,0,0,0,DUE
239613,1/8/2016,2016-2017,2016-2017,AIE,DUE,459130,16CCCE101503,16CCCE101503,Alumni,General,School of Computing Science & Engineering,B.Tech/B.Tech (Hons) Computer Science Engineering,School of Computing Science,B.Tech in CSE 2016-17 IV Sem VIII,,TUITION FEE,149000,0,0,0,0,0,0,0,0,DUE
239614,1/8/2016,2016-2017,2016-2017,AIE,DUE,459130,16CCCE101503,16CCCE101503,Alumni,General,School of Computing Science & Engineering,B.Tech/B.Tech (Hons) Computer Science Engineering,School of Computing Science,B.Tech in CSE 2016-17 IV Sem VIII,,Exam Fee,10000,0,0,0,0,0,0,0,0,DUE
239615,1/8/2016,2016-2017,2016-2017,AIE,DUE,459130,16CCCE101503,16CCCE101503,Alumni,General,School of Computing Science & Engineering,B.Tech/B.Tech (Hons) Computer Science Engineering,School of Computing Science,B.Tech in CSE 2016-17 IV Sem VIII,,Library BookC Recieved,1899,0,0,0,0,0,0,0,0,DUE
239616,1/8/2016,2016-2017,2016-2017,AIE,DUE,459130,16CCCE101503,16CCCE101503,Alumni,General,School of Computing Science & Engineering,B.Tech/B.Tech (Hons) Computer Science Engineering,School of Computing Science,B.Tech in CSE 2016-17 IV Sem VIII,,Sport Activity Received,500,0,0,0,0,0,0,0,0,DUE
239617,1/8/2016,2016-2017,2016-2017,AIE,DUE,459135,16CCCE101504,16CCCE101504,Alumni,General,School of Computing Science & Engineering,B.Tech/B.Tech (Hons) Computer Science Engineering,School of Computing Science,B.Tech in CSE 2016-17 IV Sem VIII,,TUITION FEE,149000,0,0,0,0,0,0,0,0,DUE
239618,1/8/2016,2016-2017,2016-2017,AIE,DUE,459135,16CCCE101504,16CCCE101504,Alumni,General,School of Computing Science & Engineering,B.Tech/B.Tech (Hons) Computer Science Engineering,School of Computing Science,B.Tech in CSE 2016-17 IV Sem VIII,,Exam Fee,10000,0,0,0,0,0,0,0,0,DUE
239619,1/8/2016,2016-2017,2016-2017,AIE,DUE,459135,16CCCE101504,16CCCE101504,Alumni,General,School of Computing Science & Engineering,B.Tech/B.Tech (Hons) Computer Science Engineering,School of Computing Science,B.Tech in CSE 2016-17 IV Sem VIII,,Library BookC Recieved,1899,0,0,0,0,0,0,0,0,DUE
239620,1/8/2016,2016-2017,2016-2017,AIE,DUE,459135,16CCCE101504,16CCCE101504,Alumni,General,School of Computing Science & Engineering,B.Tech/B.Tech (Hons) Computer Science Engineering,School of Computing Science,B.Tech in CSE 2016-17 IV Sem VIII,,Sport Activity Received,500,0,0,0,0,0,0,0,0,DUE
239621,1/8/2016,2016-2017,2016-2017,AIE,DUE,457107,16CCCE101057,16CCCE101057,Alumni,General,School of Computing Science & Engineering,B.Tech/B.Tech (Hons) Computer Science Engineering,School of Computing Science,B.Tech in CSE 2016-17 IV Sem VIII,,TUITION FEE,149000,0,0,0,0,0,0,0,0,DUE
239622,1/8/2016,2016-2017,2016-2017,AIE,DUE,457107,16CCCE101057,16CCCE101057,Alumni,General,School of Computing Science & Engineering,B.Tech/B.Tech (Hons) Computer Science Engineering,School of Computing Science,B.Tech in CSE 2016-17 IV Sem VIII,,Exam Fee,10000,0,0,0,0,0,0,0,0,DUE
239623,1/8/2016,2016-2017,2016-2017,AIE,DUE,457107,16CCCE101057,16CCCE101057,Alumni,General,School of Computing Science & Engineering,B.Tech/B.Tech (Hons) Computer Science Engineering,School of Computing Science,B.Tech in CSE 2016-17 IV Sem VIII,,Library BookC Recieved,1899,0,0,0,0,0,0,0,0,DUE
239624,1/8/2016,2016-2017,2016-2017,AIE,DUE,459089,16CCCE101489,16CCCE101489,Alumni,General,School of Computing Science & Engineering,B.Tech/B.Tech (Hons) Computer Science Engineering,School of Computing Science,B.Tech in CSE 2016-17 IV Sem VIII,,TUITION FEE,149000,0,0,0,0,0,0,0,0,DUE
239625,1/8/2016,2016-2017,2016-2017,AIE,DUE,459089,16CCCE101489,16CCCE101489,Alumni,General,School of Computing Science & Engineering,B.Tech/B.Tech (Hons) Computer Science Engineering,School of Computing Science,B.Tech in CSE 2016-17 IV Sem VIII,,Exam Fee,10000,0,0,0,0,0,0,0,0,DUE
239626,1/8/2016,2016-2017,2016-2017,AIE,DUE,459089,16CCCE101489,16CCCE101489,Alumni,General,School of Computing Science & Engineering,B.Tech/B.Tech (Hons) Computer Science Engineering,School of Computing Science,B.Tech in CSE 2016-17 IV Sem VIII,,Library BookC Recieved,1899,0,0,0,0,0,0,0,0,DUE
239627,1/8/2016,2016-2017,2016-2017,AIE,DUE,459083,16CCCE101488,16CCCE101488,Alumni,General,School of Computing Science & Engineering,B.Tech/B.Tech (Hons) Computer Science Engineering,School of Computing Science,B.Tech in CSE 2016-17 IV Sem VIII,,TUITION FEE,149000,0,0,0,0,0,0,0,0,DUE
239628,1/8/2016,2016-2017,2016-2017,AIE,DUE,459083,16CCCE101488,16CCCE101488,Alumni,General,School of Computing Science & Engineering,B.Tech/B.Tech (Hons) Computer Science Engineering,School of Computing Science,B.Tech in CSE 2016-17 IV Sem VIII,,Exam Fee,10000,0,0,0,0,0,0,0,0,DUE
239629,1/8/2016,2016-2017,2016-2017,AIE,DUE,459083,16CCCE101488,16CCCE101488,Alumni,General,School of Computing Science & Engineering,B.Tech/B.Tech (Hons) Computer Science Engineering,School of Computing Science,B.Tech in CSE 2016-17 IV Sem VIII,,Library BookC Recieved,1899,0,0,0,0,0,0,0,0,DUE
239630,1/8/2016,2016-2017,2016-2017,AIE,DUE,457132,16CCCE101063,16CCCE101063,No Information,General,School of Computing Science & Engineering,B.Tech/B.Tech (Hons) Computer Science Engineering,School of Computing Science,B.Tech in CSE 2016-17 II Sem IV,,TUITION FEE,149000,0,0,0,0,0,0,0,0,DUE
239631,1/8/2016,2016-2017,2016-2017,AIE,DUE,457132,16CCCE101063,16CCCE101063,No Information,General,School of Computing Science & Engineering,B.Tech/B.Tech (Hons) Computer Science Engineering,School of Computing Science,B.Tech in CSE 2016-17 II Sem IV,,Exam Fee,10000,0,0,0,0,0,0,0,0,DUE
239632,1/8/2016,2016-2017,2016-2017,AIE,DUE,457132,16CCCE101063,16CCCE101063,No Information,General,School of Computing Science & Engineering,B.Tech/B.Tech (Hons) Computer Science Engineering,School of Computing Science,B.Tech in CSE 2016-17 II Sem IV,,Library BookC Recieved,1899,0,0,0,0,0,0,0,0,DUE
239633,1/8/2016,2016-2017,2016-2017,AIE,DUE,458990,16CCCE101469,16CCCE101469,Alumni,General,School of Computing Science & Engineering,B.Tech/B.Tech (Hons) Computer Science Engineering,School of Computing Science,B.Tech in CSE 2016-17 IV Sem VIII,,TUITION FEE,149000,0,0,0,0,0,0,0,0,DUE
239634,1/8/2016,2016-2017,2016-2017,AIE,DUE,458990,16CCCE101469,16CCCE101469,Alumni,General,School of Computing Science & Engineering,B.Tech/B.Tech (Hons) Computer Science Engineering,School of Computing Science,B.Tech in CSE 2016-17 IV Sem VIII,,Exam Fee,10000,0,0,0,0,0,0,0,0,DUE
239635,1/8/2016,2016-2017,2016-2017,AIE,DUE,458990,16CCCE101469,16CCCE101469,Alumni,General,School of Computing Science & Engineering,B.Tech/B.Tech (Hons) Computer Science Engineering,School of Computing Science,B.Tech in CSE 2016-17 IV Sem VIII,,Library BookC Recieved,1400,0,0,0,0,0,0,0,0,DUE
239636,1/8/2016,2016-2017,2016-2017,AIE,DUE,458993,16CCCE101471,16CCCE101471,No Information,General,School of Computing Science & Engineering,B.Tech/B.Tech (Hons) Computer Science Engineering,School of Computing Science,B.Tech/B.Tech (Hons) Computer Science Engineering 2016-2017 I Sem II,,TUITION FEE,149000,0,0,0,0,0,0,0,0,DUE
239637,1/8/2016,2016-2017,2016-2017,AIE,DUE,458993,16CCCE101471,16CCCE101471,No Information,General,School of Computing Science & Engineering,B.Tech/B.Tech (Hons) Computer Science Engineering,School of Computing Science,B.Tech/B.Tech (Hons) Computer Science Engineering 2016-2017 I Sem II,,Exam Fee,10000,0,0,0,0,0,0,0,0,DUE
239638,1/8/2016,2016-2017,2016-2017,AIE,DUE,458998,16CCCE101473,16CCCE101473,Alumni,General,School of Computing Science & Engineering,B.Tech/B.Tech (Hons) Computer Science Engineering,School of Computing Science,B.Tech in CSE 2016-17 IV Sem VIII,,TUITION FEE,149000,0,0,0,0,0,0,0,0,DUE
239639,1/8/2016,2016-2017,2016-2017,AIE,DUE,458998,16CCCE101473,16CCCE101473,Alumni,General,School of Computing Science & Engineering,B.Tech/B.Tech (Hons) Computer Science Engineering,School of Computing Science,B.Tech in CSE 2016-17 IV Sem VIII,,Exam Fee,10000,0,0,0,0,0,0,0,0,DUE
239640,1/8/2016,2016-2017,2016-2017,AIE,DUE,458998,16CCCE101473,16CCCE101473,Alumni,General,School of Computing Science & Engineering,B.Tech/B.Tech (Hons) Computer Science Engineering,School of Computing Science,B.Tech in CSE 2016-17 IV Sem VIII,,Library BookC Recieved,1400,0,0,0,0,0,0,0,0,DUE
239641,1/8/2016,2016-2017,2016-2017,AIE,DUE,455951,16CBAC101100,16CBAC101100,Alumni,General,School of Basic & Applied Sciences,B.Sc.(Hons) Forensic Sciences,School of Basic,B.Sc.(Hons) Forensic Sciences IV Sem VII,,TUITION FEE,50000,0,0,0,0,0,0,0,0,DUE
239642,1/8/2016,2016-2017,2016-2017,AIE,DUE,455951,16CBAC101100,16CBAC101100,Alumni,General,School of Basic & Applied Sciences,B.Sc.(Hons) Forensic Sciences,School of Basic,B.Sc.(Hons) Forensic Sciences IV Sem VII,,Exam Fee,10000,0,0,0,0,0,0,0,0,DUE
239643,1/8/2016,2016-2017,2016-2017,AIE,DUE,456370,16CCME101087,16CCME101087,Alumni,General,School of Mechanical Engineering,B.Tech/B.Tech (Hons) Mechanical Engineering,School of Mechanical Engineering,ME 2016-2017 IV Sem VIII,,TUITION FEE,149000,0,0,0,0,0,0,0,0,DUE
239644,1/8/2016,2016-2017,2016-2017,AIE,DUE,456370,16CCME101087,16CCME101087,Alumni,General,School of Mechanical Engineering,B.Tech/B.Tech (Hons) Mechanical Engineering,School of Mechanical Engineering,ME 2016-2017 IV Sem VIII,,Exam Fee,10000,0,0,0,0,0,0,0,0,DUE
239645,1/8/2016,2016-2017,2016-2017,AIE,DUE,456370,16CCME101087,16CCME101087,Alumni,General,School of Mechanical Engineering,B.Tech/B.Tech (Hons) Mechanical Engineering,School of Mechanical Engineering,ME 2016-2017 IV Sem VIII,,Library BookC Recieved,1899,0,0,0,0,0,0,0,0,DUE
239646,1/8/2016,2016-2017,2016-2017,AIE,DUE,458982,16CCCE101466,16CCCE101466,Alumni,General,School of Computing Science & Engineering,B.Tech/B.Tech (Hons) Computer Science Engineering,School of Computing Science,B.Tech in CSE 2016-17 IV Sem VIII,,TUITION FEE,149000,0,0,0,0,0,0,0,0,DUE
239647,1/8/2016,2016-2017,2016-2017,AIE,DUE,458982,16CCCE101466,16CCCE101466,Alumni,General,School of Computing Science & Engineering,B.Tech/B.Tech (Hons) Computer Science Engineering,School of Computing Science,B.Tech in CSE 2016-17 IV Sem VIII,,Exam Fee,10000,0,0,0,0,0,0,0,0,DUE
239648,1/8/2016,2016-2017,2016-2017,AIE,DUE,458982,16CCCE101466,16CCCE101466,Alumni,General,School of Computing Science & Engineering,B.Tech/B.Tech (Hons) Computer Science Engineering,School of Computing Science,B.Tech in CSE 2016-17 IV Sem VIII,,Library BookC Recieved,1899,0,0,0,0,0,0,0,0,DUE
239649,1/8/2016,2016-2017,2016-2017,AIE,RCPT,762129,16GPTC404041,16GPTC404041,No Information,General,Gs Polytechnic,Diploma in Civil Engineering,Gs Polytechnic,CIVIL ENGINEERING 2016-2017 II Sem IV,3.22E+11,TUITION FEE,0,35000,0,0,0,0,0,0,0,
239650,1/8/2016,2016-2017,2016-2017,AIE,RCPT,762129,16GPTC404041,16GPTC404041,No Information,General,Gs Polytechnic,Diploma in Civil Engineering,Gs Polytechnic,CIVIL ENGINEERING 2016-2017 II Sem IV,3.22E+11,Exam Fee,0,10000,0,0,0,0,0,0,0,
239651,1/8/2016,2016-2017,2016-2017,AIE,DUE,455957,16CBAC201003,16CBAC201003,Alumni,General,School of Basic & Applied Sciences,M.Sc. Forensic Sciences,School of Basic,M. Sc. Forensic Science 2016-17 II Sem IV,,TUITION FEE,50000,0,0,0,0,0,0,0,0,DUE
239652,1/8/2016,2016-2017,2016-2017,AIE,DUE,455957,16CBAC201003,16CBAC201003,Alumni,General,School of Basic & Applied Sciences,M.Sc. Forensic Sciences,School of Basic,M. Sc. Forensic Science 2016-17 II Sem IV,,Exam Fee,10000,0,0,0,0,0,0,0,0,DUE
239653,1/8/2016,2016-2017,2016-2017,AIE,DUE,457138,16CCCE101064,16CCCE101064,Active,General,School of Computing Science & Engineering,B.Tech/B.Tech (Hons) Computer Science Engineering,School of Computing Science,B.Tech in CSE 2016-17 IV Sem VIII,,TUITION FEE,149000,0,0,0,0,0,0,0,0,DUE
239654,1/8/2016,2016-2017,2016-2017,AIE,DUE,457138,16CCCE101064,16CCCE101064,Active,General,School of Computing Science & Engineering,B.Tech/B.Tech (Hons) Computer Science Engineering,School of Computing Science,B.Tech in CSE 2016-17 IV Sem VIII,,Exam Fee,10000,0,0,0,0,0,0,0,0,DUE
239655,1/8/2016,2016-2017,2016-2017,AIE,DUE,457138,16CCCE101064,16CCCE101064,Active,General,School of Computing Science & Engineering,B.Tech/B.Tech (Hons) Computer Science Engineering,School of Computing Science,B.Tech in CSE 2016-17 IV Sem VIII,,Library BookC Recieved,1899,0,0,0,0,0,0,0,0,DUE
239656,1/8/2016,2016-2017,2016-2017,AIE,DUE,458966,16CCCE101463,16CCCE101463,Alumni,General,School of Computing Science & Engineering,B.Tech/B.Tech (Hons) Computer Science Engineering,School of Computing Science,B.Tech in CSE 2016-17 IV Sem VIII,,TUITION FEE,149000,0,0,0,0,0,0,0,0,DUE
239657,1/8/2016,2016-2017,2016-2017,AIE,DUE,458966,16CCCE101463,16CCCE101463,Alumni,General,School of Computing Science & Engineering,B.Tech/B.Tech (Hons) Computer Science Engineering,School of Computing Science,B.Tech in CSE 2016-17 IV Sem VIII,,Exam Fee,10000,0,0,0,0,0,0,0,0,DUE
239658,1/8/2016,2016-2017,2016-2017,AIE,DUE,458966,16CCCE101463,16CCCE101463,Alumni,General,School of Computing Science & Engineering,B.Tech/B.Tech (Hons) Computer Science Engineering,School of Computing Science,B.Tech in CSE 2016-17 IV Sem VIII,,Library BookC Recieved,1400,0,0,0,0,0,0,0,0,DUE
239659,1/8/2016,2016-2017,2016-2017,AIE,DUE,455954,16CBAC201002,16CBAC201002,Alumni,General,School of Basic & Applied Sciences,M.Sc. Forensic Sciences,School of Basic,M. Sc. Forensic Science 2016-17 II Sem IV,,TUITION FEE,50000,0,0,0,0,0,0,0,0,DUE
239660,1/8/2016,2016-2017,2016-2017,AIE,DUE,455954,16CBAC201002,16CBAC201002,Alumni,General,School of Basic & Applied Sciences,M.Sc. Forensic Sciences,School of Basic,M. Sc. Forensic Science 2016-17 II Sem IV,,Exam Fee,10000,0,0,0,0,0,0,0,0,DUE
239661,1/8/2016,2016-2017,2016-2017,AIE,DUE,458974,16CCCE101464,16CCCE101464,Alumni,General,School of Computing Science & Engineering,B.Tech/B.Tech (Hons) Computer Science Engineering,School of Computing Science,B.Tech in CSE 2016-17 IV Sem VIII,,TUITION FEE,149000,0,0,0,0,0,0,0,0,DUE
239662,1/8/2016,2016-2017,2016-2017,AIE,DUE,458974,16CCCE101464,16CCCE101464,Alumni,General,School of Computing Science & Engineering,B.Tech/B.Tech (Hons) Computer Science Engineering,School of Computing Science,B.Tech in CSE 2016-17 IV Sem VIII,,Exam Fee,10000,0,0,0,0,0,0,0,0,DUE
239663,1/8/2016,2016-2017,2016-2017,AIE,DUE,458974,16CCCE101464,16CCCE101464,Alumni,General,School of Computing Science & Engineering,B.Tech/B.Tech (Hons) Computer Science Engineering,School of Computing Science,B.Tech in CSE 2016-17 IV Sem VIII,,Library BookC Recieved,1899,0,0,0,0,0,0,0,0,DUE
239664,1/8/2016,2016-2017,2016-2017,AIE,DUE,459008,16CCCE101474,16CCCE101474,Alumni,General,School of Computing Science & Engineering,B.Tech/B.Tech (Hons) Computer Science Engineering,School of Computing Science,B.Tech in CSE 2016-17 IV Sem VIII,,TUITION FEE,149000,0,0,0,0,0,0,0,0,DUE
239665,1/8/2016,2016-2017,2016-2017,AIE,DUE,459008,16CCCE101474,16CCCE101474,Alumni,General,School of Computing Science & Engineering,B.Tech/B.Tech (Hons) Computer Science Engineering,School of Computing Science,B.Tech in CSE 2016-17 IV Sem VIII,,Exam Fee,10000,0,0,0,0,0,0,0,0,DUE
239666,1/8/2016,2016-2017,2016-2017,AIE,DUE,459008,16CCCE101474,16CCCE101474,Alumni,General,School of Computing Science & Engineering,B.Tech/B.Tech (Hons) Computer Science Engineering,School of Computing Science,B.Tech in CSE 2016-17 IV Sem VIII,,Library BookC Recieved,1899,0,0,0,0,0,0,0,0,DUE
239667,1/8/2016,2016-2017,2016-2017,AIE,DUE,459016,16CCCE101475,16CCCE101475,Alumni,General,School of Computing Science & Engineering,B.Tech/B.Tech (Hons) Computer Science Engineering,School of Computing Science,B.Tech in CSE 2016-17 IV Sem VIII,,TUITION FEE,149000,0,0,0,0,0,0,0,0,DUE
239668,1/8/2016,2016-2017,2016-2017,AIE,DUE,459016,16CCCE101475,16CCCE101475,Alumni,General,School of Computing Science & Engineering,B.Tech/B.Tech (Hons) Computer Science Engineering,School of Computing Science,B.Tech in CSE 2016-17 IV Sem VIII,,Exam Fee,10000,0,0,0,0,0,0,0,0,DUE
239669,1/8/2016,2016-2017,2016-2017,AIE,DUE,459016,16CCCE101475,16CCCE101475,Alumni,General,School of Computing Science & Engineering,B.Tech/B.Tech (Hons) Computer Science Engineering,School of Computing Science,B.Tech in CSE 2016-17 IV Sem VIII,,Library BookC Recieved,1400,0,0,0,0,0,0,0,0,DUE
239670,1/8/2016,2016-2017,2016-2017,AIE,DUE,459050,16CCCE101482,16CCCE101482,Alumni,General,School of Computing Science & Engineering,B.Tech/B.Tech (Hons) Computer Science Engineering,School of Computing Science,B.Tech in CSE 2016-17 IV Sem VIII,,TUITION FEE,149000,0,0,0,0,0,0,0,0,DUE
239671,1/8/2016,2016-2017,2016-2017,AIE,DUE,459050,16CCCE101482,16CCCE101482,Alumni,General,School of Computing Science & Engineering,B.Tech/B.Tech (Hons) Computer Science Engineering,School of Computing Science,B.Tech in CSE 2016-17 IV Sem VIII,,Exam Fee,10000,0,0,0,0,0,0,0,0,DUE
239672,1/8/2016,2016-2017,2016-2017,AIE,DUE,459050,16CCCE101482,16CCCE101482,Alumni,General,School of Computing Science & Engineering,B.Tech/B.Tech (Hons) Computer Science Engineering,School of Computing Science,B.Tech in CSE 2016-17 IV Sem VIII,,Library BookC Recieved,1899,0,0,0,0,0,0,0,0,DUE
239673,1/8/2016,2016-2017,2016-2017,AIE,DUE,455934,16CBAC101095,16CBAC101095,Alumni,General,School of Basic & Applied Sciences,B.Sc.(Hons) Forensic Sciences,School of Basic,B.Sc.(Hons) Forensic Sciences IV Sem VII,,TUITION FEE,50000,0,0,0,0,0,0,0,0,DUE
239674,1/8/2016,2016-2017,2016-2017,AIE,DUE,455934,16CBAC101095,16CBAC101095,Alumni,General,School of Basic & Applied Sciences,B.Sc.(Hons) Forensic Sciences,School of Basic,B.Sc.(Hons) Forensic Sciences IV Sem VII,,Exam Fee,10000,0,0,0,0,0,0,0,0,DUE
239675,1/8/2016,2016-2017,2016-2017,AIE,DUE,459060,16CCCE101484,16CCCE101484,Active,General,School of Computing Science & Engineering,B.Tech/B.Tech (Hons) Computer Science Engineering,School of Computing Science,B.Tech in CSE 2016-17 IV Sem VIII,,TUITION FEE,149000,0,0,0,0,0,0,0,0,DUE
239676,1/8/2016,2016-2017,2016-2017,AIE,DUE,459060,16CCCE101484,16CCCE101484,Active,General,School of Computing Science & Engineering,B.Tech/B.Tech (Hons) Computer Science Engineering,School of Computing Science,B.Tech in CSE 2016-17 IV Sem VIII,,Exam Fee,10000,0,0,0,0,0,0,0,0,DUE
239677,1/8/2016,2016-2017,2016-2017,AIE,DUE,459060,16CCCE101484,16CCCE101484,Active,General,School of Computing Science & Engineering,B.Tech/B.Tech (Hons) Computer Science Engineering,School of Computing Science,B.Tech in CSE 2016-17 IV Sem VIII,,Library BookC Recieved,1899,0,0,0,0,0,0,0,0,DUE
239678,1/8/2016,2016-2017,2016-2017,AIE,DUE,455928,16CBAC101093,16CBAC101093,Alumni,General,School of Basic & Applied Sciences,B.Sc.(Hons) Forensic Sciences,School of Basic,B.Sc.(Hons) Forensic Sciences IV Sem VII,,TUITION FEE,50000,0,0,0,0,0,0,0,0,DUE
239679,1/8/2016,2016-2017,2016-2017,AIE,DUE,455928,16CBAC101093,16CBAC101093,Alumni,General,School of Basic & Applied Sciences,B.Sc.(Hons) Forensic Sciences,School of Basic,B.Sc.(Hons) Forensic Sciences IV Sem VII,,Exam Fee,10000,0,0,0,0,0,0,0,0,DUE
239680,1/8/2016,2016-2017,2016-2017,AIE,DUE,459076,16CCCE101486,16CCCE101486,Alumni,General,School of Computing Science & Engineering,B.Tech/B.Tech (Hons) Computer Science Engineering,School of Computing Science,B.Tech in CSE 2016-17 IV Sem VIII,,TUITION FEE,149000,0,0,0,0,0,0,0,0,DUE
239681,1/8/2016,2016-2017,2016-2017,AIE,DUE,459076,16CCCE101486,16CCCE101486,Alumni,General,School of Computing Science & Engineering,B.Tech/B.Tech (Hons) Computer Science Engineering,School of Computing Science,B.Tech in CSE 2016-17 IV Sem VIII,,Exam Fee,10000,0,0,0,0,0,0,0,0,DUE
239682,1/8/2016,2016-2017,2016-2017,AIE,DUE,459076,16CCCE101486,16CCCE101486,Alumni,General,School of Computing Science & Engineering,B.Tech/B.Tech (Hons) Computer Science Engineering,School of Computing Science,B.Tech in CSE 2016-17 IV Sem VIII,,Library BookC Recieved,1400,0,0,0,0,0,0,0,0,DUE
239683,1/8/2016,2016-2017,2016-2017,AIE,DUE,459068,16CCCE101485,16CCCE101485,Alumni,General,School of Computing Science & Engineering,B.Tech/B.Tech (Hons) Computer Science Engineering,School of Computing Science,B.Tech in CSE 2016-17 IV Sem VIII,,TUITION FEE,149000,0,0,0,0,0,0,0,0,DUE
239684,1/8/2016,2016-2017,2016-2017,AIE,DUE,459068,16CCCE101485,16CCCE101485,Alumni,General,School of Computing Science & Engineering,B.Tech/B.Tech (Hons) Computer Science Engineering,School of Computing Science,B.Tech in CSE 2016-17 IV Sem VIII,,Exam Fee,10000,0,0,0,0,0,0,0,0,DUE
239685,1/8/2016,2016-2017,2016-2017,AIE,DUE,459068,16CCCE101485,16CCCE101485,Alumni,General,School of Computing Science & Engineering,B.Tech/B.Tech (Hons) Computer Science Engineering,School of Computing Science,B.Tech in CSE 2016-17 IV Sem VIII,,Library BookC Recieved,1899,0,0,0,0,0,0,0,0,DUE
239686,1/8/2016,2016-2017,2016-2017,AIE,DUE,459044,16CCCE101478,16CCCE101478,Alumni,General,School of Computing Science & Engineering,B.Tech/B.Tech (Hons) Computer Science Engineering,School of Computing Science,B.Tech in CSE 2016-17 IV Sem VIII,,TUITION FEE,149000,0,0,0,0,0,0,0,0,DUE
239687,1/8/2016,2016-2017,2016-2017,AIE,DUE,459044,16CCCE101478,16CCCE101478,Alumni,General,School of Computing Science & Engineering,B.Tech/B.Tech (Hons) Computer Science Engineering,School of Computing Science,B.Tech in CSE 2016-17 IV Sem VIII,,Exam Fee,10000,0,0,0,0,0,0,0,0,DUE
239688,1/8/2016,2016-2017,2016-2017,AIE,DUE,459044,16CCCE101478,16CCCE101478,Alumni,General,School of Computing Science & Engineering,B.Tech/B.Tech (Hons) Computer Science Engineering,School of Computing Science,B.Tech in CSE 2016-17 IV Sem VIII,,Library BookC Recieved,1899,0,0,0,0,0,0,0,0,DUE
239689,1/8/2016,2016-2017,2016-2017,AIE,DUE,459035,16CCCE101477,16CCCE101477,Alumni,General,School of Computing Science & Engineering,B.Tech/B.Tech (Hons) Computer Science Engineering,School of Computing Science,B.Tech in CSE 2016-17 IV Sem VIII,,TUITION FEE,149000,0,0,0,0,0,0,0,0,DUE
239690,1/8/2016,2016-2017,2016-2017,AIE,DUE,459035,16CCCE101477,16CCCE101477,Alumni,General,School of Computing Science & Engineering,B.Tech/B.Tech (Hons) Computer Science Engineering,School of Computing Science,B.Tech in CSE 2016-17 IV Sem VIII,,Exam Fee,10000,0,0,0,0,0,0,0,0,DUE
239691,1/8/2016,2016-2017,2016-2017,AIE,DUE,459035,16CCCE101477,16CCCE101477,Alumni,General,School of Computing Science & Engineering,B.Tech/B.Tech (Hons) Computer Science Engineering,School of Computing Science,B.Tech in CSE 2016-17 IV Sem VIII,,Library BookC Recieved,1899,0,0,0,0,0,0,0,0,DUE
239692,1/8/2016,2016-2017,2016-2017,AIE,DUE,455946,16CBAC101099,16CBAC101099,Alumni,General,School of Basic & Applied Sciences,B.Sc.(Hons) Forensic Sciences,School of Basic,B.Sc.(Hons) Forensic Sciences IV Sem VII,,TUITION FEE,50000,0,0,0,0,0,0,0,0,DUE
239693,1/8/2016,2016-2017,2016-2017,AIE,DUE,455946,16CBAC101099,16CBAC101099,Alumni,General,School of Basic & Applied Sciences,B.Sc.(Hons) Forensic Sciences,School of Basic,B.Sc.(Hons) Forensic Sciences IV Sem VII,,Exam Fee,10000,0,0,0,0,0,0,0,0,DUE
239694,1/8/2016,2016-2017,2016-2017,AIE,DUE,459022,16CCCE101476,16CCCE101476,Alumni,General,School of Computing Science & Engineering,B.Tech/B.Tech (Hons) Computer Science Engineering,School of Computing Science,B.Tech in CSE 2016-17 IV Sem VIII,,TUITION FEE,149000,0,0,0,0,0,0,0,0,DUE
239695,1/8/2016,2016-2017,2016-2017,AIE,DUE,459022,16CCCE101476,16CCCE101476,Alumni,General,School of Computing Science & Engineering,B.Tech/B.Tech (Hons) Computer Science Engineering,School of Computing Science,B.Tech in CSE 2016-17 IV Sem VIII,,Exam Fee,10000,0,0,0,0,0,0,0,0,DUE
239696,1/8/2016,2016-2017,2016-2017,AIE,DUE,459022,16CCCE101476,16CCCE101476,Alumni,General,School of Computing Science & Engineering,B.Tech/B.Tech (Hons) Computer Science Engineering,School of Computing Science,B.Tech in CSE 2016-17 IV Sem VIII,,Library BookC Recieved,1899,0,0,0,0,0,0,0,0,DUE
239697,1/8/2016,2016-2017,2016-2017,AIE,DUE,459022,16CCCE101476,16CCCE101476,Alumni,General,School of Computing Science & Engineering,B.Tech/B.Tech (Hons) Computer Science Engineering,School of Computing Science,B.Tech in CSE 2016-17 IV Sem VIII,,Sport Activity Received,1400,0,0,0,0,0,0,0,0,DUE
239698,1/8/2016,2016-2017,2016-2017,AIE,DUE,503751,16CCCE105070,16CCCE105070,Alumni,General,School of Computing Science & Engineering,B.Tech (Hons) in Computer Science & Engineering with Specialization in Cloud Computing & Virtualizations,School of Computing Science,B.Tech in CSCC 2016-17 IV Sem VIII,,TUITION FEE,170000,0,0,0,0,0,0,0,0,DUE
239699,1/8/2016,2016-2017,2016-2017,AIE,DUE,503751,16CCCE105070,16CCCE105070,Alumni,General,School of Computing Science & Engineering,B.Tech (Hons) in Computer Science & Engineering with Specialization in Cloud Computing & Virtualizations,School of Computing Science,B.Tech in CSCC 2016-17 IV Sem VIII,,Exam Fee,10000,0,0,0,0,0,0,0,0,DUE
239700,1/8/2016,2016-2017,2016-2017,AIE,DUE,503751,16CCCE105070,16CCCE105070,Alumni,General,School of Computing Science & Engineering,B.Tech (Hons) in Computer Science & Engineering with Specialization in Cloud Computing & Virtualizations,School of Computing Science,B.Tech in CSCC 2016-17 IV Sem VIII,,Library BookC Recieved,1400,0,0,0,0,0,0,0,0,DUE
239701,1/8/2016,2016-2017,2016-2017,AIE,DUE,455939,16CBAC101096,16CBAC101096,Alumni,General,School of Basic & Applied Sciences,B.Sc.(Hons) Forensic Sciences,School of Basic,B.Sc.(Hons) Forensic Sciences IV Sem VII,,TUITION FEE,50000,0,0,0,0,0,0,0,0,DUE
239702,1/8/2016,2016-2017,2016-2017,AIE,DUE,455939,16CBAC101096,16CBAC101096,Alumni,General,School of Basic & Applied Sciences,B.Sc.(Hons) Forensic Sciences,School of Basic,B.Sc.(Hons) Forensic Sciences IV Sem VII,,Exam Fee,10000,0,0,0,0,0,0,0,0,DUE
239703,1/8/2016,2016-2017,2016-2017,AIE,DUE,457129,16CCCE101062,16CCCE101062,No Information,General,School of Computing Science & Engineering,B.Tech/B.Tech (Hons) Computer Science Engineering,School of Computing Science,B.Tech in CSE 2016-17 II Sem IV,,TUITION FEE,149000,0,0,0,0,0,0,0,0,DUE
239704,1/8/2016,2016-2017,2016-2017,AIE,DUE,457129,16CCCE101062,16CCCE101062,No Information,General,School of Computing Science & Engineering,B.Tech/B.Tech (Hons) Computer Science Engineering,School of Computing Science,B.Tech in CSE 2016-17 II Sem IV,,Exam Fee,10000,0,0,0,0,0,0,0,0,DUE
239705,1/8/2016,2016-2017,2016-2017,AIE,DUE,457129,16CCCE101062,16CCCE101062,No Information,General,School of Computing Science & Engineering,B.Tech/B.Tech (Hons) Computer Science Engineering,School of Computing Science,B.Tech in CSE 2016-17 II Sem IV,,Library BookC Recieved,1899,0,0,0,0,0,0,0,0,DUE
239706,1/8/2016,2016-2017,2016-2017,AIE,DUE,459187,16CCCE101515,16CCCE101515,Alumni,General,School of Computing Science & Engineering,B.Tech/B.Tech (Hons) Computer Science Engineering,School of Computing Science,B.Tech in CSE 2016-17 IV Sem VIII,,TUITION FEE,149000,0,0,0,0,0,0,0,0,DUE
239707,1/8/2016,2016-2017,2016-2017,AIE,DUE,459187,16CCCE101515,16CCCE101515,Alumni,General,School of Computing Science & Engineering,B.Tech/B.Tech (Hons) Computer Science Engineering,School of Computing Science,B.Tech in CSE 2016-17 IV Sem VIII,,Exam Fee,10000,0,0,0,0,0,0,0,0,DUE
239708,1/8/2016,2016-2017,2016-2017,AIE,DUE,459187,16CCCE101515,16CCCE101515,Alumni,General,School of Computing Science & Engineering,B.Tech/B.Tech (Hons) Computer Science Engineering,School of Computing Science,B.Tech in CSE 2016-17 IV Sem VIII,,Library BookC Recieved,1899,0,0,0,0,0,0,0,0,DUE
239709,1/8/2016,2016-2017,2016-2017,AIE,DUE,459196,16CCCE101520,16CCCE101520,Alumni,General,School of Computing Science & Engineering,B.Tech/B.Tech (Hons) Computer Science Engineering,School of Computing Science,B.Tech in CSE 2016-17 IV Sem VIII,,TUITION FEE,149000,0,0,0,0,0,0,0,0,DUE
239710,1/8/2016,2016-2017,2016-2017,AIE,DUE,459196,16CCCE101520,16CCCE101520,Alumni,General,School of Computing Science & Engineering,B.Tech/B.Tech (Hons) Computer Science Engineering,School of Computing Science,B.Tech in CSE 2016-17 IV Sem VIII,,Exam Fee,10000,0,0,0,0,0,0,0,0,DUE
239711,1/8/2016,2016-2017,2016-2017,AIE,DUE,459196,16CCCE101520,16CCCE101520,Alumni,General,School of Computing Science & Engineering,B.Tech/B.Tech (Hons) Computer Science Engineering,School of Computing Science,B.Tech in CSE 2016-17 IV Sem VIII,,Library BookC Recieved,1899,0,0,0,0,0,0,0,0,DUE
239712,1/8/2016,2016-2017,2016-2017,AIE,DUE,456441,16CCME101108,16CCME101108,Alumni,General,School of Mechanical Engineering,B.Tech/B.Tech (Hons) Mechanical Engineering,School of Mechanical Engineering,ME 2016-2017 IV Sem VIII,,TUITION FEE,149000,0,0,0,0,0,0,0,0,DUE
239713,1/8/2016,2016-2017,2016-2017,AIE,DUE,456441,16CCME101108,16CCME101108,Alumni,General,School of Mechanical Engineering,B.Tech/B.Tech (Hons) Mechanical Engineering,School of Mechanical Engineering,ME 2016-2017 IV Sem VIII,,Exam Fee,10000,0,0,0,0,0,0,0,0,DUE
239714,1/8/2016,2016-2017,2016-2017,AIE,DUE,456441,16CCME101108,16CCME101108,Alumni,General,School of Mechanical Engineering,B.Tech/B.Tech (Hons) Mechanical Engineering,School of Mechanical Engineering,ME 2016-2017 IV Sem VIII,,Library BookC Recieved,1400,0,0,0,0,0,0,0,0,DUE
239715,1/8/2016,2016-2017,2016-2017,AIE,DUE,459345,16CCCE101559,16CCCE101559,Alumni,General,School of Computing Science & Engineering,B.Tech/B.Tech (Hons) Computer Science Engineering,School of Computing Science,B.Tech in CSE 2016-17 IV Sem VIII,,TUITION FEE,149000,0,0,0,0,0,0,0,0,DUE
239716,1/8/2016,2016-2017,2016-2017,AIE,DUE,459345,16CCCE101559,16CCCE101559,Alumni,General,School of Computing Science & Engineering,B.Tech/B.Tech (Hons) Computer Science Engineering,School of Computing Science,B.Tech in CSE 2016-17 IV Sem VIII,,Exam Fee,10000,0,0,0,0,0,0,0,0,DUE
239717,1/8/2016,2016-2017,2016-2017,AIE,DUE,459345,16CCCE101559,16CCCE101559,Alumni,General,School of Computing Science & Engineering,B.Tech/B.Tech (Hons) Computer Science Engineering,School of Computing Science,B.Tech in CSE 2016-17 IV Sem VIII,,Library BookC Recieved,1400,0,0,0,0,0,0,0,0,DUE
239718,1/8/2016,2016-2017,2016-2017,AIE,DUE,456451,16CCME101109,16CCME101109,Alumni,General,School of Electrical Electronics & Communication Engineering,B.Tech/B.Tech (Hons) Electrical & Electronics Engineering,School of Electrical  Electronics,Electrical and Electronics Engineering-2016-17 IV Sem VIII,,TUITION FEE,149000,0,0,0,0,0,0,0,0,DUE
239719,1/8/2016,2016-2017,2016-2017,AIE,DUE,456451,16CCME101109,16CCME101109,Alumni,General,School of Electrical Electronics & Communication Engineering,B.Tech/B.Tech (Hons) Electrical & Electronics Engineering,School of Electrical  Electronics,Electrical and Electronics Engineering-2016-17 IV Sem VIII,,Exam Fee,10000,0,0,0,0,0,0,0,0,DUE
239720,1/8/2016,2016-2017,2016-2017,AIE,DUE,456451,16CCME101109,16CCME101109,Alumni,General,School of Electrical Electronics & Communication Engineering,B.Tech/B.Tech (Hons) Electrical & Electronics Engineering,School of Electrical  Electronics,Electrical and Electronics Engineering-2016-17 IV Sem VIII,,Library BookC Recieved,1400,0,0,0,0,0,0,0,0,DUE
239721,1/8/2016,2016-2017,2016-2017,AIE,DUE,459351,16CCCE101561,16CCCE101561,Alumni,General,School of Computing Science & Engineering,B.Tech/B.Tech (Hons) Computer Science Engineering,School of Computing Science,B.Tech in CSE 2016-17 IV Sem VIII,,TUITION FEE,149000,0,0,0,0,0,0,0,0,DUE
239722,1/8/2016,2016-2017,2016-2017,AIE,DUE,459351,16CCCE101561,16CCCE101561,Alumni,General,School of Computing Science & Engineering,B.Tech/B.Tech (Hons) Computer Science Engineering,School of Computing Science,B.Tech in CSE 2016-17 IV Sem VIII,,Exam Fee,10000,0,0,0,0,0,0,0,0,DUE
239723,1/8/2016,2016-2017,2016-2017,AIE,DUE,459351,16CCCE101561,16CCCE101561,Alumni,General,School of Computing Science & Engineering,B.Tech/B.Tech (Hons) Computer Science Engineering,School of Computing Science,B.Tech in CSE 2016-17 IV Sem VIII,,Library BookC Recieved,1400,0,0,0,0,0,0,0,0,DUE
239724,1/8/2016,2016-2017,2016-2017,AIE,DUE,459361,16CCCE101563,16CCCE101563,Alumni,General,School of Computing Science & Engineering,B.Tech/B.Tech (Hons) Computer Science Engineering,School of Computing Science,B.Tech in CSE 2016-17 IV Sem VIII,,TUITION FEE,149000,0,0,0,0,0,0,0,0,DUE
239725,1/8/2016,2016-2017,2016-2017,AIE,DUE,459361,16CCCE101563,16CCCE101563,Alumni,General,School of Computing Science & Engineering,B.Tech/B.Tech (Hons) Computer Science Engineering,School of Computing Science,B.Tech in CSE 2016-17 IV Sem VIII,,Exam Fee,10000,0,0,0,0,0,0,0,0,DUE
239726,1/8/2016,2016-2017,2016-2017,AIE,DUE,459361,16CCCE101563,16CCCE101563,Alumni,General,School of Computing Science & Engineering,B.Tech/B.Tech (Hons) Computer Science Engineering,School of Computing Science,B.Tech in CSE 2016-17 IV Sem VIII,,Library BookC Recieved,1899,0,0,0,0,0,0,0,0,DUE
239727,1/8/2016,2016-2017,2016-2017,AIE,DUE,459355,16CCCE101562,16CCCE101562,No Information,General,School of Computing Science & Engineering,B.Tech/B.Tech (Hons) Computer Science Engineering,School of Computing Science,B.Tech in CSE 2016-17 II Sem IV,,TUITION FEE,149000,0,0,0,0,0,0,0,0,DUE
239728,1/8/2016,2016-2017,2016-2017,AIE,DUE,459355,16CCCE101562,16CCCE101562,No Information,General,School of Computing Science & Engineering,B.Tech/B.Tech (Hons) Computer Science Engineering,School of Computing Science,B.Tech in CSE 2016-17 II Sem IV,,Exam Fee,10000,0,0,0,0,0,0,0,0,DUE
239729,1/8/2016,2016-2017,2016-2017,AIE,DUE,459355,16CCCE101562,16CCCE101562,No Information,General,School of Computing Science & Engineering,B.Tech/B.Tech (Hons) Computer Science Engineering,School of Computing Science,B.Tech in CSE 2016-17 II Sem IV,,Library BookC Recieved,1899,0,0,0,0,0,0,0,0,DUE
239730,1/8/2016,2016-2017,2016-2017,AIE,DUE,459341,16CCCE101557,16CCCE101557,Alumni,General,School of Computing Science & Engineering,B.Tech/B.Tech (Hons) Computer Science Engineering,School of Computing Science,B.Tech in CSE 2016-17 IV Sem VIII,,TUITION FEE,149000,0,0,0,0,0,0,0,0,DUE
239731,1/8/2016,2016-2017,2016-2017,AIE,DUE,459341,16CCCE101557,16CCCE101557,Alumni,General,School of Computing Science & Engineering,B.Tech/B.Tech (Hons) Computer Science Engineering,School of Computing Science,B.Tech in CSE 2016-17 IV Sem VIII,,Exam Fee,10000,0,0,0,0,0,0,0,0,DUE
239732,1/8/2016,2016-2017,2016-2017,AIE,DUE,459341,16CCCE101557,16CCCE101557,Alumni,General,School of Computing Science & Engineering,B.Tech/B.Tech (Hons) Computer Science Engineering,School of Computing Science,B.Tech in CSE 2016-17 IV Sem VIII,,Library BookC Recieved,1400,0,0,0,0,0,0,0,0,DUE
239733,1/8/2016,2016-2017,2016-2017,AIE,DUE,459332,16CCCE101555,16CCCE101555,Alumni,General,School of Computing Science & Engineering,B.Tech/B.Tech (Hons) Computer Science Engineering,School of Computing Science,B.Tech in CSE 2016-17 IV Sem VIII,,TUITION FEE,149000,0,0,0,0,0,0,0,0,DUE
239734,1/8/2016,2016-2017,2016-2017,AIE,DUE,459332,16CCCE101555,16CCCE101555,Alumni,General,School of Computing Science & Engineering,B.Tech/B.Tech (Hons) Computer Science Engineering,School of Computing Science,B.Tech in CSE 2016-17 IV Sem VIII,,Exam Fee,10000,0,0,0,0,0,0,0,0,DUE
239735,1/8/2016,2016-2017,2016-2017,AIE,DUE,459332,16CCCE101555,16CCCE101555,Alumni,General,School of Computing Science & Engineering,B.Tech/B.Tech (Hons) Computer Science Engineering,School of Computing Science,B.Tech in CSE 2016-17 IV Sem VIII,,Library BookC Recieved,1400,0,0,0,0,0,0,0,0,DUE
239736,1/8/2016,2016-2017,2016-2017,AIE,DUE,456435,16CCME101107,16CCME101107,Alumni,General,School of Mechanical Engineering,B.Tech/B.Tech (Hons) Mechanical Engineering,School of Mechanical Engineering,ME 2016-2017 IV Sem VIII,,TUITION FEE,149000,0,0,0,0,0,0,0,0,DUE
239737,1/8/2016,2016-2017,2016-2017,AIE,DUE,456435,16CCME101107,16CCME101107,Alumni,General,School of Mechanical Engineering,B.Tech/B.Tech (Hons) Mechanical Engineering,School of Mechanical Engineering,ME 2016-2017 IV Sem VIII,,Exam Fee,10000,0,0,0,0,0,0,0,0,DUE
239738,1/8/2016,2016-2017,2016-2017,AIE,DUE,456435,16CCME101107,16CCME101107,Alumni,General,School of Mechanical Engineering,B.Tech/B.Tech (Hons) Mechanical Engineering,School of Mechanical Engineering,ME 2016-2017 IV Sem VIII,,Library BookC Recieved,1899,0,0,0,0,0,0,0,0,DUE
239739,1/8/2016,2016-2017,2016-2017,AIE,DUE,459306,16CCCE101552,16CCCE101552,Alumni,General,School of Computing Science & Engineering,B.Tech/B.Tech (Hons) Computer Science Engineering,School of Computing Science,B.Tech in CSE 2016-17 IV Sem VIII,,TUITION FEE,149000,0,0,0,0,0,0,0,0,DUE
239740,1/8/2016,2016-2017,2016-2017,AIE,DUE,459306,16CCCE101552,16CCCE101552,Alumni,General,School of Computing Science & Engineering,B.Tech/B.Tech (Hons) Computer Science Engineering,School of Computing Science,B.Tech in CSE 2016-17 IV Sem VIII,,Exam Fee,10000,0,0,0,0,0,0,0,0,DUE
239741,1/8/2016,2016-2017,2016-2017,AIE,DUE,459306,16CCCE101552,16CCCE101552,Alumni,General,School of Computing Science & Engineering,B.Tech/B.Tech (Hons) Computer Science Engineering,School of Computing Science,B.Tech in CSE 2016-17 IV Sem VIII,,Library BookC Recieved,1400,0,0,0,0,0,0,0,0,DUE
239742,1/8/2016,2016-2017,2016-2017,AIE,DUE,459314,16CCCE101553,16CCCE101553,Alumni,General,School of Computing Science & Engineering,B.Tech/B.Tech (Hons) Computer Science Engineering,School of Computing Science,B.Tech in CSE 2016-17 IV Sem VIII,,TUITION FEE,149000,0,0,0,0,0,0,0,0,DUE
239743,1/8/2016,2016-2017,2016-2017,AIE,DUE,459314,16CCCE101553,16CCCE101553,Alumni,General,School of Computing Science & Engineering,B.Tech/B.Tech (Hons) Computer Science Engineering,School of Computing Science,B.Tech in CSE 2016-17 IV Sem VIII,,Exam Fee,10000,0,0,0,0,0,0,0,0,DUE
239744,1/8/2016,2016-2017,2016-2017,AIE,DUE,459314,16CCCE101553,16CCCE101553,Alumni,General,School of Computing Science & Engineering,B.Tech/B.Tech (Hons) Computer Science Engineering,School of Computing Science,B.Tech in CSE 2016-17 IV Sem VIII,,Library BookC Recieved,1899,0,0,0,0,0,0,0,0,DUE
239745,1/8/2016,2016-2017,2016-2017,AIE,DUE,459323,16CCCE101554,16CCCE101554,Alumni,General,School of Computing Science & Engineering,B.Tech/B.Tech (Hons) Computer Science Engineering,School of Computing Science,B.Tech in CSE 2016-17 IV Sem VIII,,TUITION FEE,149000,0,0,0,0,0,0,0,0,DUE
239746,1/8/2016,2016-2017,2016-2017,AIE,DUE,459323,16CCCE101554,16CCCE101554,Alumni,General,School of Computing Science & Engineering,B.Tech/B.Tech (Hons) Computer Science Engineering,School of Computing Science,B.Tech in CSE 2016-17 IV Sem VIII,,Exam Fee,10000,0,0,0,0,0,0,0,0,DUE
239747,1/8/2016,2016-2017,2016-2017,AIE,DUE,459323,16CCCE101554,16CCCE101554,Alumni,General,School of Computing Science & Engineering,B.Tech/B.Tech (Hons) Computer Science Engineering,School of Computing Science,B.Tech in CSE 2016-17 IV Sem VIII,,Library BookC Recieved,1899,0,0,0,0,0,0,0,0,DUE
239748,1/8/2016,2016-2017,2016-2017,AIE,DUE,503761,16CCCE105075,16CCCE105075,Alumni,General,School of Computing Science & Engineering,B.Tech (Hons) in Computer Science & Engineering with Specialization in Cloud Computing & Virtualizations,School of Computing Science,B.Tech in CSCC 2016-17 IV Sem VIII,,TUITION FEE,170000,0,0,0,0,0,0,0,0,DUE
239749,1/8/2016,2016-2017,2016-2017,AIE,DUE,503761,16CCCE105075,16CCCE105075,Alumni,General,School of Computing Science & Engineering,B.Tech (Hons) in Computer Science & Engineering with Specialization in Cloud Computing & Virtualizations,School of Computing Science,B.Tech in CSCC 2016-17 IV Sem VIII,,Exam Fee,10000,0,0,0,0,0,0,0,0,DUE
239750,1/8/2016,2016-2017,2016-2017,AIE,DUE,503761,16CCCE105075,16CCCE105075,Alumni,General,School of Computing Science & Engineering,B.Tech (Hons) in Computer Science & Engineering with Specialization in Cloud Computing & Virtualizations,School of Computing Science,B.Tech in CSCC 2016-17 IV Sem VIII,,Library BookC Recieved,1400,0,0,0,0,0,0,0,0,DUE
239751,1/8/2016,2016-2017,2016-2017,AIE,DUE,456455,16CCME101110,16CCME101110,Alumni,General,School of Electrical Electronics & Communication Engineering,B.Tech/B.Tech (Hons) Electrical & Electronics Engineering,School of Electrical  Electronics,Electrical and Electronics Engineering-2016-17 IV Sem VIII,,TUITION FEE,149000,0,0,0,0,0,0,0,0,DUE
239752,1/8/2016,2016-2017,2016-2017,AIE,DUE,456455,16CCME101110,16CCME101110,Alumni,General,School of Electrical Electronics & Communication Engineering,B.Tech/B.Tech (Hons) Electrical & Electronics Engineering,School of Electrical  Electronics,Electrical and Electronics Engineering-2016-17 IV Sem VIII,,Exam Fee,10000,0,0,0,0,0,0,0,0,DUE
239753,1/8/2016,2016-2017,2016-2017,AIE,DUE,456455,16CCME101110,16CCME101110,Alumni,General,School of Electrical Electronics & Communication Engineering,B.Tech/B.Tech (Hons) Electrical & Electronics Engineering,School of Electrical  Electronics,Electrical and Electronics Engineering-2016-17 IV Sem VIII,,Library BookC Recieved,1400,0,0,0,0,0,0,0,0,DUE
239754,1/8/2016,2016-2017,2016-2017,AIE,DUE,456461,16CCME101111,16CCME101111,Alumni,General,School of Mechanical Engineering,B.Tech/B.Tech (Hons) Mechanical Engineering,School of Mechanical Engineering,ME 2016-2017 IV Sem VIII,,TUITION FEE,149000,0,0,0,0,0,0,0,0,DUE
239755,1/8/2016,2016-2017,2016-2017,AIE,DUE,456461,16CCME101111,16CCME101111,Alumni,General,School of Mechanical Engineering,B.Tech/B.Tech (Hons) Mechanical Engineering,School of Mechanical Engineering,ME 2016-2017 IV Sem VIII,,Exam Fee,10000,0,0,0,0,0,0,0,0,DUE
239756,1/8/2016,2016-2017,2016-2017,AIE,DUE,456461,16CCME101111,16CCME101111,Alumni,General,School of Mechanical Engineering,B.Tech/B.Tech (Hons) Mechanical Engineering,School of Mechanical Engineering,ME 2016-2017 IV Sem VIII,,Library BookC Recieved,1400,0,0,0,0,0,0,0,0,DUE
239757,1/8/2016,2016-2017,2016-2017,AIE,DUE,459401,16CCCE101570,16CCCE101570,Alumni,General,School of Computing Science & Engineering,B.Tech/B.Tech (Hons) Computer Science Engineering,School of Computing Science,B.Tech in CSE 2016-17 IV Sem VIII,,TUITION FEE,149000,0,0,0,0,0,0,0,0,DUE
239758,1/8/2016,2016-2017,2016-2017,AIE,DUE,459401,16CCCE101570,16CCCE101570,Alumni,General,School of Computing Science & Engineering,B.Tech/B.Tech (Hons) Computer Science Engineering,School of Computing Science,B.Tech in CSE 2016-17 IV Sem VIII,,Exam Fee,10000,0,0,0,0,0,0,0,0,DUE
239759,1/8/2016,2016-2017,2016-2017,AIE,DUE,459401,16CCCE101570,16CCCE101570,Alumni,General,School of Computing Science & Engineering,B.Tech/B.Tech (Hons) Computer Science Engineering,School of Computing Science,B.Tech in CSE 2016-17 IV Sem VIII,,Library BookC Recieved,1400,0,0,0,0,0,0,0,0,DUE
239760,1/8/2016,2016-2017,2016-2017,AIE,DUE,459390,16CCCE101568,16CCCE101568,Alumni,General,School of Computing Science & Engineering,B.Tech/B.Tech (Hons) Computer Science Engineering,School of Computing Science,B.Tech in CSE 2016-17 IV Sem VIII,,TUITION FEE,149000,0,0,0,0,0,0,0,0,DUE
239761,1/8/2016,2016-2017,2016-2017,AIE,DUE,459390,16CCCE101568,16CCCE101568,Alumni,General,School of Computing Science & Engineering,B.Tech/B.Tech (Hons) Computer Science Engineering,School of Computing Science,B.Tech in CSE 2016-17 IV Sem VIII,,Exam Fee,10000,0,0,0,0,0,0,0,0,DUE
239762,1/8/2016,2016-2017,2016-2017,AIE,DUE,459390,16CCCE101568,16CCCE101568,Alumni,General,School of Computing Science & Engineering,B.Tech/B.Tech (Hons) Computer Science Engineering,School of Computing Science,B.Tech in CSE 2016-17 IV Sem VIII,,Library BookC Recieved,1400,0,0,0,0,0,0,0,0,DUE
239763,1/8/2016,2016-2017,2016-2017,AIE,DUE,456489,16CCME101116,16CCME101116,Alumni,General,School of Mechanical Engineering,B.Tech/B.Tech (Hons) Mechanical Engineering,School of Mechanical Engineering,ME 2016-2017 IV Sem VIII,,TUITION FEE,149000,0,0,0,0,0,0,0,0,DUE
239764,1/8/2016,2016-2017,2016-2017,AIE,DUE,456489,16CCME101116,16CCME101116,Alumni,General,School of Mechanical Engineering,B.Tech/B.Tech (Hons) Mechanical Engineering,School of Mechanical Engineering,ME 2016-2017 IV Sem VIII,,Exam Fee,10000,0,0,0,0,0,0,0,0,DUE
239765,1/8/2016,2016-2017,2016-2017,AIE,DUE,456489,16CCME101116,16CCME101116,Alumni,General,School of Mechanical Engineering,B.Tech/B.Tech (Hons) Mechanical Engineering,School of Mechanical Engineering,ME 2016-2017 IV Sem VIII,,Library BookC Recieved,1899,0,0,0,0,0,0,0,0,DUE
239766,1/8/2016,2016-2017,2016-2017,AIE,DUE,459404,16CCCE101571,16CCCE101571,Alumni,General,School of Computing Science & Engineering,B.Tech/B.Tech (Hons) Computer Science Engineering,School of Computing Science,B.Tech in CSE 2016-17 IV Sem VIII,,TUITION FEE,149000,0,0,0,0,0,0,0,0,DUE
239767,1/8/2016,2016-2017,2016-2017,AIE,DUE,459404,16CCCE101571,16CCCE101571,Alumni,General,School of Computing Science & Engineering,B.Tech/B.Tech (Hons) Computer Science Engineering,School of Computing Science,B.Tech in CSE 2016-17 IV Sem VIII,,Exam Fee,10000,0,0,0,0,0,0,0,0,DUE
239768,1/8/2016,2016-2017,2016-2017,AIE,DUE,459404,16CCCE101571,16CCCE101571,Alumni,General,School of Computing Science & Engineering,B.Tech/B.Tech (Hons) Computer Science Engineering,School of Computing Science,B.Tech in CSE 2016-17 IV Sem VIII,,Library BookC Recieved,1899,0,0,0,0,0,0,0,0,DUE
239769,1/8/2016,2016-2017,2016-2017,AIE,DUE,459404,16CCCE101571,16CCCE101571,Alumni,General,School of Computing Science & Engineering,B.Tech/B.Tech (Hons) Computer Science Engineering,School of Computing Science,B.Tech in CSE 2016-17 IV Sem VIII,,Sport Activity Received,500,0,0,0,0,0,0,0,0,DUE
239770,1/8/2016,2016-2017,2016-2017,AIE,DUE,455901,16CBAC101083,16CBAC101083,Alumni,General,School of Basic & Applied Sciences,B.Sc.(Hons) Forensic Sciences,School of Basic,B.Sc.(Hons) Forensic Sciences IV Sem VII,,TUITION FEE,50000,0,0,0,0,0,0,0,0,DUE
239771,1/8/2016,2016-2017,2016-2017,AIE,DUE,455901,16CBAC101083,16CBAC101083,Alumni,General,School of Basic & Applied Sciences,B.Sc.(Hons) Forensic Sciences,School of Basic,B.Sc.(Hons) Forensic Sciences IV Sem VII,,Exam Fee,10000,0,0,0,0,0,0,0,0,DUE
239772,1/8/2016,2016-2017,2016-2017,AIE,DUE,459410,16CCCE101572,16CCCE101572,No Information,General,School of Computing Science & Engineering,B.Tech/B.Tech (Hons) Computer Science Engineering,School of Computing Science,B.Tech/B.Tech (Hons) Computer Science Engineering 2016-2017 I Sem II,,TUITION FEE,149000,0,0,0,0,0,0,0,0,DUE
239773,1/8/2016,2016-2017,2016-2017,AIE,DUE,459410,16CCCE101572,16CCCE101572,No Information,General,School of Computing Science & Engineering,B.Tech/B.Tech (Hons) Computer Science Engineering,School of Computing Science,B.Tech/B.Tech (Hons) Computer Science Engineering 2016-2017 I Sem II,,Exam Fee,10000,0,0,0,0,0,0,0,0,DUE
239774,1/8/2016,2016-2017,2016-2017,AIE,DUE,459410,16CCCE101572,16CCCE101572,No Information,General,School of Computing Science & Engineering,B.Tech/B.Tech (Hons) Computer Science Engineering,School of Computing Science,B.Tech/B.Tech (Hons) Computer Science Engineering 2016-2017 I Sem II,,Library BookC Recieved,1400,0,0,0,0,0,0,0,0,DUE
239775,1/8/2016,2016-2017,2016-2017,AIE,DUE,456482,16CCME101115,16CCME101115,Alumni,General,School of Mechanical Engineering,B.Tech/B.Tech (Hons) Mechanical Engineering,School of Mechanical Engineering,ME 2016-2017 IV Sem VIII,,TUITION FEE,149000,0,0,0,0,0,0,0,0,DUE
239776,1/8/2016,2016-2017,2016-2017,AIE,DUE,456482,16CCME101115,16CCME101115,Alumni,General,School of Mechanical Engineering,B.Tech/B.Tech (Hons) Mechanical Engineering,School of Mechanical Engineering,ME 2016-2017 IV Sem VIII,,Exam Fee,10000,0,0,0,0,0,0,0,0,DUE
239777,1/8/2016,2016-2017,2016-2017,AIE,DUE,456482,16CCME101115,16CCME101115,Alumni,General,School of Mechanical Engineering,B.Tech/B.Tech (Hons) Mechanical Engineering,School of Mechanical Engineering,ME 2016-2017 IV Sem VIII,,Library BookC Recieved,1899,0,0,0,0,0,0,0,0,DUE
239778,1/8/2016,2016-2017,2016-2017,AIE,DUE,459384,16CCCE101567,16CCCE101567,Alumni,General,School of Computing Science & Engineering,B.Tech/B.Tech (Hons) Computer Science Engineering,School of Computing Science,B.Tech in CSE 2016-17 IV Sem VIII,,TUITION FEE,149000,0,0,0,0,0,0,0,0,DUE
239779,1/8/2016,2016-2017,2016-2017,AIE,DUE,459384,16CCCE101567,16CCCE101567,Alumni,General,School of Computing Science & Engineering,B.Tech/B.Tech (Hons) Computer Science Engineering,School of Computing Science,B.Tech in CSE 2016-17 IV Sem VIII,,Exam Fee,10000,0,0,0,0,0,0,0,0,DUE
239780,1/8/2016,2016-2017,2016-2017,AIE,DUE,459384,16CCCE101567,16CCCE101567,Alumni,General,School of Computing Science & Engineering,B.Tech/B.Tech (Hons) Computer Science Engineering,School of Computing Science,B.Tech in CSE 2016-17 IV Sem VIII,,Library BookC Recieved,1400,0,0,0,0,0,0,0,0,DUE
239781,1/8/2016,2016-2017,2016-2017,AIE,DUE,455906,16CBAC101085,16CBAC101085,Alumni,General,School of Basic & Applied Sciences,B.Sc.(Hons) Forensic Sciences,School of Basic,B.Sc.(Hons) Forensic Sciences IV Sem VII,,TUITION FEE,50000,0,0,0,0,0,0,0,0,DUE
239782,1/8/2016,2016-2017,2016-2017,AIE,DUE,455906,16CBAC101085,16CBAC101085,Alumni,General,School of Basic & Applied Sciences,B.Sc.(Hons) Forensic Sciences,School of Basic,B.Sc.(Hons) Forensic Sciences IV Sem VII,,Exam Fee,10000,0,0,0,0,0,0,0,0,DUE
239783,1/8/2016,2016-2017,2016-2017,AIE,DUE,459370,16CCCE101564,16CCCE101564,Alumni,General,School of Computing Science & Engineering,B.Tech/B.Tech (Hons) Computer Science Engineering,School of Computing Science,B.Tech in CSE 2016-17 IV Sem VIII,,TUITION FEE,149000,0,0,0,0,0,0,0,0,DUE
239784,1/8/2016,2016-2017,2016-2017,AIE,DUE,459370,16CCCE101564,16CCCE101564,Alumni,General,School of Computing Science & Engineering,B.Tech/B.Tech (Hons) Computer Science Engineering,School of Computing Science,B.Tech in CSE 2016-17 IV Sem VIII,,Exam Fee,10000,0,0,0,0,0,0,0,0,DUE
239785,1/8/2016,2016-2017,2016-2017,AIE,DUE,459370,16CCCE101564,16CCCE101564,Alumni,General,School of Computing Science & Engineering,B.Tech/B.Tech (Hons) Computer Science Engineering,School of Computing Science,B.Tech in CSE 2016-17 IV Sem VIII,,Library BookC Recieved,1400,0,0,0,0,0,0,0,0,DUE
239786,1/8/2016,2016-2017,2016-2017,AIE,DUE,456469,16CCME101112,16CCME101112,Alumni,General,School of Computing Science & Engineering,B.Tech/B.Tech (Hons) Computer Science Engineering,School of Computing Science,B.Tech in CSE 2016-17 IV Sem VIII,,TUITION FEE,149000,0,0,0,0,0,0,0,0,DUE
239787,1/8/2016,2016-2017,2016-2017,AIE,DUE,456469,16CCME101112,16CCME101112,Alumni,General,School of Computing Science & Engineering,B.Tech/B.Tech (Hons) Computer Science Engineering,School of Computing Science,B.Tech in CSE 2016-17 IV Sem VIII,,Exam Fee,10000,0,0,0,0,0,0,0,0,DUE
239788,1/8/2016,2016-2017,2016-2017,AIE,DUE,456469,16CCME101112,16CCME101112,Alumni,General,School of Computing Science & Engineering,B.Tech/B.Tech (Hons) Computer Science Engineering,School of Computing Science,B.Tech in CSE 2016-17 IV Sem VIII,,Library BookC Recieved,1400,0,0,0,0,0,0,0,0,DUE
239789,1/8/2016,2016-2017,2016-2017,AIE,DUE,456469,16CCME101112,16CCME101112,Alumni,General,School of Computing Science & Engineering,B.Tech/B.Tech (Hons) Computer Science Engineering,School of Computing Science,B.Tech in CSE 2016-17 IV Sem VIII,,Sport Activity Received,700,0,0,0,0,0,0,0,0,DUE
239790,1/8/2016,2016-2017,2016-2017,AIE,DUE,459378,16CCCE101565,16CCCE101565,Alumni,General,School of Computing Science & Engineering,B.Tech/B.Tech (Hons) Computer Science Engineering,School of Computing Science,B.Tech in CSE 2016-17 IV Sem VIII,,TUITION FEE,149000,0,0,0,0,0,0,0,0,DUE
239791,1/8/2016,2016-2017,2016-2017,AIE,DUE,459378,16CCCE101565,16CCCE101565,Alumni,General,School of Computing Science & Engineering,B.Tech/B.Tech (Hons) Computer Science Engineering,School of Computing Science,B.Tech in CSE 2016-17 IV Sem VIII,,Exam Fee,10000,0,0,0,0,0,0,0,0,DUE
239792,1/8/2016,2016-2017,2016-2017,AIE,DUE,459378,16CCCE101565,16CCCE101565,Alumni,General,School of Computing Science & Engineering,B.Tech/B.Tech (Hons) Computer Science Engineering,School of Computing Science,B.Tech in CSE 2016-17 IV Sem VIII,,Library BookC Recieved,1899,0,0,0,0,0,0,0,0,DUE
239793,1/8/2016,2016-2017,2016-2017,AIE,DUE,501141,16CCME101041,16CCME101041,Alumni,General,School of Mechanical Engineering,B.Tech/B.Tech (Hons) Mechanical Engineering,School of Mechanical Engineering,ME 2016-2017 IV Sem VIII,,TUITION FEE,149000,0,0,0,0,0,0,0,0,DUE
239794,1/8/2016,2016-2017,2016-2017,AIE,DUE,501141,16CCME101041,16CCME101041,Alumni,General,School of Mechanical Engineering,B.Tech/B.Tech (Hons) Mechanical Engineering,School of Mechanical Engineering,ME 2016-2017 IV Sem VIII,,Exam Fee,10000,0,0,0,0,0,0,0,0,DUE
239795,1/8/2016,2016-2017,2016-2017,AIE,DUE,501141,16CCME101041,16CCME101041,Alumni,General,School of Mechanical Engineering,B.Tech/B.Tech (Hons) Mechanical Engineering,School of Mechanical Engineering,ME 2016-2017 IV Sem VIII,,Library BookC Recieved,1899,0,0,0,0,0,0,0,0,DUE
239796,1/8/2016,2016-2017,2016-2017,AIE,DUE,459300,16CCCE101551,16CCCE101551,Alumni,General,School of Computing Science & Engineering,B.Tech/B.Tech (Hons) Computer Science Engineering,School of Computing Science,B.Tech in CSE 2016-17 IV Sem VIII,,TUITION FEE,149000,0,0,0,0,0,0,0,0,DUE
239797,1/8/2016,2016-2017,2016-2017,AIE,DUE,459300,16CCCE101551,16CCCE101551,Alumni,General,School of Computing Science & Engineering,B.Tech/B.Tech (Hons) Computer Science Engineering,School of Computing Science,B.Tech in CSE 2016-17 IV Sem VIII,,Exam Fee,10000,0,0,0,0,0,0,0,0,DUE
239798,1/8/2016,2016-2017,2016-2017,AIE,DUE,459300,16CCCE101551,16CCCE101551,Alumni,General,School of Computing Science & Engineering,B.Tech/B.Tech (Hons) Computer Science Engineering,School of Computing Science,B.Tech in CSE 2016-17 IV Sem VIII,,Library BookC Recieved,1899,0,0,0,0,0,0,0,0,DUE
239799,1/8/2016,2016-2017,2016-2017,AIE,DUE,459294,16CCCE101550,16CCCE101550,Year Back,General,School of Computing Science & Engineering,B.Tech/B.Tech (Hons) Computer Science Engineering,School of Computing Science,B.Tech in CSE 2016-17 II Sem IV,,TUITION FEE,149000,0,0,0,0,0,0,0,0,DUE
239800,1/8/2016,2016-2017,2016-2017,AIE,DUE,459294,16CCCE101550,16CCCE101550,Year Back,General,School of Computing Science & Engineering,B.Tech/B.Tech (Hons) Computer Science Engineering,School of Computing Science,B.Tech in CSE 2016-17 II Sem IV,,Exam Fee,10000,0,0,0,0,0,0,0,0,DUE
239801,1/8/2016,2016-2017,2016-2017,AIE,DUE,459294,16CCCE101550,16CCCE101550,Year Back,General,School of Computing Science & Engineering,B.Tech/B.Tech (Hons) Computer Science Engineering,School of Computing Science,B.Tech in CSE 2016-17 II Sem IV,,Library BookC Recieved,1400,0,0,0,0,0,0,0,0,DUE
239802,1/8/2016,2016-2017,2016-2017,AIE,DUE,456402,16CCME101094,16CCME101094,Alumni,General,School of Mechanical Engineering,B.Tech/B.Tech (Hons) Mechanical Engineering,School of Mechanical Engineering,ME 2016-2017 IV Sem VIII,,TUITION FEE,149000,0,0,0,0,0,0,0,0,DUE
239803,1/8/2016,2016-2017,2016-2017,AIE,DUE,456402,16CCME101094,16CCME101094,Alumni,General,School of Mechanical Engineering,B.Tech/B.Tech (Hons) Mechanical Engineering,School of Mechanical Engineering,ME 2016-2017 IV Sem VIII,,Exam Fee,10000,0,0,0,0,0,0,0,0,DUE
239804,1/8/2016,2016-2017,2016-2017,AIE,DUE,456402,16CCME101094,16CCME101094,Alumni,General,School of Mechanical Engineering,B.Tech/B.Tech (Hons) Mechanical Engineering,School of Mechanical Engineering,ME 2016-2017 IV Sem VIII,,Library BookC Recieved,1899,0,0,0,0,0,0,0,0,DUE
239805,1/8/2016,2016-2017,2016-2017,AIE,DUE,501011,16CBAC101098,16CBAC101098,Year Back,General,School of Basic & Applied Sciences,B.Sc.(Hons) Forensic Sciences,School of Basic,B.Sc.(Hons) Forensic Sciences 2016-17 II Sem IV,,TUITION FEE,77000,0,0,0,0,0,0,0,0,DUE
239806,1/8/2016,2016-2017,2016-2017,AIE,DUE,501011,16CBAC101098,16CBAC101098,Year Back,General,School of Basic & Applied Sciences,B.Sc.(Hons) Forensic Sciences,School of Basic,B.Sc.(Hons) Forensic Sciences 2016-17 II Sem IV,,Exam Fee,10000,0,0,0,0,0,0,0,0,DUE
239807,1/8/2016,2016-2017,2016-2017,AIE,DUE,501011,16CBAC101098,16CBAC101098,Year Back,General,School of Basic & Applied Sciences,B.Sc.(Hons) Forensic Sciences,School of Basic,B.Sc.(Hons) Forensic Sciences 2016-17 II Sem IV,,Library BookC Recieved,1500,0,0,0,0,0,0,0,0,DUE
239808,1/8/2016,2016-2017,2016-2017,AIE,DUE,456408,16CCME101096,16CCME101096,Alumni,General,School of Mechanical Engineering,B.Tech/B.Tech (Hons) Mechanical Engineering,School of Mechanical Engineering,ME 2016-2017 IV Sem VIII,,TUITION FEE,149000,0,0,0,0,0,0,0,0,DUE
239809,1/8/2016,2016-2017,2016-2017,AIE,DUE,456408,16CCME101096,16CCME101096,Alumni,General,School of Mechanical Engineering,B.Tech/B.Tech (Hons) Mechanical Engineering,School of Mechanical Engineering,ME 2016-2017 IV Sem VIII,,Exam Fee,10000,0,0,0,0,0,0,0,0,DUE
239810,1/8/2016,2016-2017,2016-2017,AIE,DUE,456408,16CCME101096,16CCME101096,Alumni,General,School of Mechanical Engineering,B.Tech/B.Tech (Hons) Mechanical Engineering,School of Mechanical Engineering,ME 2016-2017 IV Sem VIII,,Library BookC Recieved,1400,0,0,0,0,0,0,0,0,DUE
239811,1/8/2016,2016-2017,2016-2017,AIE,DUE,459219,16CCCE101531,16CCCE101531,Alumni,General,School of Computing Science & Engineering,B.Tech/B.Tech (Hons) Computer Science Engineering,School of Computing Science,B.Tech in CSE 2016-17 IV Sem VIII,,TUITION FEE,149000,0,0,0,0,0,0,0,0,DUE
239812,1/8/2016,2016-2017,2016-2017,AIE,DUE,459219,16CCCE101531,16CCCE101531,Alumni,General,School of Computing Science & Engineering,B.Tech/B.Tech (Hons) Computer Science Engineering,School of Computing Science,B.Tech in CSE 2016-17 IV Sem VIII,,Exam Fee,10000,0,0,0,0,0,0,0,0,DUE
239813,1/8/2016,2016-2017,2016-2017,AIE,DUE,459219,16CCCE101531,16CCCE101531,Alumni,General,School of Computing Science & Engineering,B.Tech/B.Tech (Hons) Computer Science Engineering,School of Computing Science,B.Tech in CSE 2016-17 IV Sem VIII,,Fine Fee,400,0,0,0,0,0,0,0,0,DUE
239814,1/8/2016,2016-2017,2016-2017,AIE,DUE,459219,16CCCE101531,16CCCE101531,Alumni,General,School of Computing Science & Engineering,B.Tech/B.Tech (Hons) Computer Science Engineering,School of Computing Science,B.Tech in CSE 2016-17 IV Sem VIII,,Library BookC Recieved,1400,0,0,0,0,0,0,0,0,DUE
239815,1/8/2016,2016-2017,2016-2017,AIE,DUE,457088,16CCCE101053,16CCCE101053,Alumni,General,School of Computing Science & Engineering,B.Tech/B.Tech (Hons) Computer Science Engineering,School of Computing Science,B.Tech in CSE 2016-17 IV Sem VIII,,TUITION FEE,149000,0,0,0,0,0,0,0,0,DUE
239816,1/8/2016,2016-2017,2016-2017,AIE,DUE,457088,16CCCE101053,16CCCE101053,Alumni,General,School of Computing Science & Engineering,B.Tech/B.Tech (Hons) Computer Science Engineering,School of Computing Science,B.Tech in CSE 2016-17 IV Sem VIII,,Exam Fee,10000,0,0,0,0,0,0,0,0,DUE
239817,1/8/2016,2016-2017,2016-2017,AIE,DUE,457088,16CCCE101053,16CCCE101053,Alumni,General,School of Computing Science & Engineering,B.Tech/B.Tech (Hons) Computer Science Engineering,School of Computing Science,B.Tech in CSE 2016-17 IV Sem VIII,,Library BookC Recieved,1899,0,0,0,0,0,0,0,0,DUE
239818,1/8/2016,2016-2017,2016-2017,AIE,DUE,459232,16CCCE101532,16CCCE101532,Active,General,School of Computing Science & Engineering,B.Tech/B.Tech (Hons) Computer Science Engineering,School of Computing Science,B.Tech in CSE 2016-17 IV Sem VIII,,TUITION FEE,149000,0,0,0,0,0,0,0,0,DUE
239819,1/8/2016,2016-2017,2016-2017,AIE,DUE,459232,16CCCE101532,16CCCE101532,Active,General,School of Computing Science & Engineering,B.Tech/B.Tech (Hons) Computer Science Engineering,School of Computing Science,B.Tech in CSE 2016-17 IV Sem VIII,,Exam Fee,10000,0,0,0,0,0,0,0,0,DUE
239820,1/8/2016,2016-2017,2016-2017,AIE,DUE,459232,16CCCE101532,16CCCE101532,Active,General,School of Computing Science & Engineering,B.Tech/B.Tech (Hons) Computer Science Engineering,School of Computing Science,B.Tech in CSE 2016-17 IV Sem VIII,,Library BookC Recieved,1400,0,0,0,0,0,0,0,0,DUE
239821,1/8/2016,2016-2017,2016-2017,AIE,DUE,459215,16CCCE101530,16CCCE101530,Alumni,General,School of Computing Science & Engineering,B.Tech/B.Tech (Hons) Computer Science Engineering,School of Computing Science,B.Tech in CSE 2016-17 IV Sem VIII,,TUITION FEE,149000,0,0,0,0,0,0,0,0,DUE
239822,1/8/2016,2016-2017,2016-2017,AIE,DUE,459215,16CCCE101530,16CCCE101530,Alumni,General,School of Computing Science & Engineering,B.Tech/B.Tech (Hons) Computer Science Engineering,School of Computing Science,B.Tech in CSE 2016-17 IV Sem VIII,,Exam Fee,10000,0,0,0,0,0,0,0,0,DUE
239823,1/8/2016,2016-2017,2016-2017,AIE,DUE,459215,16CCCE101530,16CCCE101530,Alumni,General,School of Computing Science & Engineering,B.Tech/B.Tech (Hons) Computer Science Engineering,School of Computing Science,B.Tech in CSE 2016-17 IV Sem VIII,,Library BookC Recieved,1899,0,0,0,0,0,0,0,0,DUE
239824,1/8/2016,2016-2017,2016-2017,AIE,DUE,459211,16CCCE101529,16CCCE101529,Alumni,General,School of Computing Science & Engineering,B.Tech/B.Tech (Hons) Computer Science Engineering,School of Computing Science,B.Tech in CSE 2016-17 IV Sem VIII,,TUITION FEE,149000,0,0,0,0,0,0,0,0,DUE
239825,1/8/2016,2016-2017,2016-2017,AIE,DUE,459211,16CCCE101529,16CCCE101529,Alumni,General,School of Computing Science & Engineering,B.Tech/B.Tech (Hons) Computer Science Engineering,School of Computing Science,B.Tech in CSE 2016-17 IV Sem VIII,,Exam Fee,10000,0,0,0,0,0,0,0,0,DUE
239826,1/8/2016,2016-2017,2016-2017,AIE,DUE,459211,16CCCE101529,16CCCE101529,Alumni,General,School of Computing Science & Engineering,B.Tech/B.Tech (Hons) Computer Science Engineering,School of Computing Science,B.Tech in CSE 2016-17 IV Sem VIII,,Library BookC Recieved,1899,0,0,0,0,0,0,0,0,DUE
239827,1/8/2016,2016-2017,2016-2017,AIE,DUE,459204,16CCCE101525,16CCCE101525,Alumni,General,School of Computing Science & Engineering,B.Tech/B.Tech (Hons) Computer Science Engineering,School of Computing Science,B.Tech in CSE 2016-17 IV Sem VIII,,TUITION FEE,149000,0,0,0,0,0,0,0,0,DUE
239828,1/8/2016,2016-2017,2016-2017,AIE,DUE,459204,16CCCE101525,16CCCE101525,Alumni,General,School of Computing Science & Engineering,B.Tech/B.Tech (Hons) Computer Science Engineering,School of Computing Science,B.Tech in CSE 2016-17 IV Sem VIII,,Exam Fee,10000,0,0,0,0,0,0,0,0,DUE
239829,1/8/2016,2016-2017,2016-2017,AIE,DUE,459204,16CCCE101525,16CCCE101525,Alumni,General,School of Computing Science & Engineering,B.Tech/B.Tech (Hons) Computer Science Engineering,School of Computing Science,B.Tech in CSE 2016-17 IV Sem VIII,,Library BookC Recieved,1899,0,0,0,0,0,0,0,0,DUE
239830,1/8/2016,2016-2017,2016-2017,AIE,DUE,459199,16CCCE101524,16CCCE101524,No Information,General,School of Computing Science & Engineering,B.Tech/B.Tech (Hons) Computer Science Engineering,School of Computing Science,B.Tech in CSE 2016-17 II Sem IV,,TUITION FEE,149000,0,0,0,0,0,0,0,0,DUE
239831,1/8/2016,2016-2017,2016-2017,AIE,DUE,459199,16CCCE101524,16CCCE101524,No Information,General,School of Computing Science & Engineering,B.Tech/B.Tech (Hons) Computer Science Engineering,School of Computing Science,B.Tech in CSE 2016-17 II Sem IV,,Exam Fee,10000,0,0,0,0,0,0,0,0,DUE
239832,1/8/2016,2016-2017,2016-2017,AIE,DUE,459199,16CCCE101524,16CCCE101524,No Information,General,School of Computing Science & Engineering,B.Tech/B.Tech (Hons) Computer Science Engineering,School of Computing Science,B.Tech in CSE 2016-17 II Sem IV,,Library BookC Recieved,1400,0,0,0,0,0,0,0,0,DUE
239833,1/8/2016,2016-2017,2016-2017,AIE,DUE,459207,16CCCE101526,16CCCE101526,No Information,General,School of Computing Science & Engineering,B.Tech/B.Tech (Hons) Computer Science Engineering,School of Computing Science,B.Tech in CSE 2016-17 II Sem IV,,TUITION FEE,149000,0,0,0,0,0,0,0,0,DUE
239834,1/8/2016,2016-2017,2016-2017,AIE,DUE,459207,16CCCE101526,16CCCE101526,No Information,General,School of Computing Science & Engineering,B.Tech/B.Tech (Hons) Computer Science Engineering,School of Computing Science,B.Tech in CSE 2016-17 II Sem IV,,Exam Fee,10000,0,0,0,0,0,0,0,0,DUE
239835,1/8/2016,2016-2017,2016-2017,AIE,DUE,459207,16CCCE101526,16CCCE101526,No Information,General,School of Computing Science & Engineering,B.Tech/B.Tech (Hons) Computer Science Engineering,School of Computing Science,B.Tech in CSE 2016-17 II Sem IV,,Library BookC Recieved,1899,0,0,0,0,0,0,0,0,DUE
239836,1/8/2016,2016-2017,2016-2017,AIE,DUE,457095,16CCCE101055,16CCCE101055,Alumni,General,School of Computing Science & Engineering,B.Tech/B.Tech (Hons) Computer Science Engineering,School of Computing Science,B.Tech in CSE 2016-17 IV Sem VIII,,TUITION FEE,149000,0,0,0,0,0,0,0,0,DUE
239837,1/8/2016,2016-2017,2016-2017,AIE,DUE,457095,16CCCE101055,16CCCE101055,Alumni,General,School of Computing Science & Engineering,B.Tech/B.Tech (Hons) Computer Science Engineering,School of Computing Science,B.Tech in CSE 2016-17 IV Sem VIII,,Exam Fee,10000,0,0,0,0,0,0,0,0,DUE
239838,1/8/2016,2016-2017,2016-2017,AIE,DUE,457095,16CCCE101055,16CCCE101055,Alumni,General,School of Computing Science & Engineering,B.Tech/B.Tech (Hons) Computer Science Engineering,School of Computing Science,B.Tech in CSE 2016-17 IV Sem VIII,,Library BookC Recieved,1899,0,0,0,0,0,0,0,0,DUE
239839,1/8/2016,2016-2017,2016-2017,AIE,DUE,455916,16CBAC101091,16CBAC101091,Alumni,General,School of Basic & Applied Sciences,B.Sc.(Hons) Forensic Sciences,School of Basic,B.Sc.(Hons) Forensic Sciences IV Sem VII,,TUITION FEE,50000,0,0,0,0,0,0,0,0,DUE
239840,1/8/2016,2016-2017,2016-2017,AIE,DUE,455916,16CBAC101091,16CBAC101091,Alumni,General,School of Basic & Applied Sciences,B.Sc.(Hons) Forensic Sciences,School of Basic,B.Sc.(Hons) Forensic Sciences IV Sem VII,,Exam Fee,10000,0,0,0,0,0,0,0,0,DUE
239841,1/8/2016,2016-2017,2016-2017,AIE,DUE,455912,16CBAC101086,16CBAC101086,Alumni,General,School of Basic & Applied Sciences,B.Sc.(Hons) Forensic Sciences,School of Basic,B.Sc.(Hons) Forensic Sciences IV Sem VII,,TUITION FEE,50000,0,0,0,0,0,0,0,0,DUE
239842,1/8/2016,2016-2017,2016-2017,AIE,DUE,455912,16CBAC101086,16CBAC101086,Alumni,General,School of Basic & Applied Sciences,B.Sc.(Hons) Forensic Sciences,School of Basic,B.Sc.(Hons) Forensic Sciences IV Sem VII,,Exam Fee,10000,0,0,0,0,0,0,0,0,DUE
239843,1/8/2016,2016-2017,2016-2017,AIE,DUE,456416,16CCME101097,16CCME101097,Alumni,General,School of Mechanical Engineering,B.Tech/B.Tech (Hons) Mechanical Engineering,School of Mechanical Engineering,ME 2016-2017 IV Sem VIII,,TUITION FEE,149000,0,0,0,0,0,0,0,0,DUE
239844,1/8/2016,2016-2017,2016-2017,AIE,DUE,456416,16CCME101097,16CCME101097,Alumni,General,School of Mechanical Engineering,B.Tech/B.Tech (Hons) Mechanical Engineering,School of Mechanical Engineering,ME 2016-2017 IV Sem VIII,,Exam Fee,10000,0,0,0,0,0,0,0,0,DUE
239845,1/8/2016,2016-2017,2016-2017,AIE,DUE,456416,16CCME101097,16CCME101097,Alumni,General,School of Mechanical Engineering,B.Tech/B.Tech (Hons) Mechanical Engineering,School of Mechanical Engineering,ME 2016-2017 IV Sem VIII,,Library BookC Recieved,1899,0,0,0,0,0,0,0,0,DUE
239846,1/8/2016,2016-2017,2016-2017,AIE,DUE,459273,16CCCE101546,16CCCE101546,Alumni,General,School of Computing Science & Engineering,B.Tech/B.Tech (Hons) Computer Science Engineering,School of Computing Science,B.Tech in CSE 2016-17 IV Sem VIII,,TUITION FEE,149000,0,0,0,0,0,0,0,0,DUE
239847,1/8/2016,2016-2017,2016-2017,AIE,DUE,459273,16CCCE101546,16CCCE101546,Alumni,General,School of Computing Science & Engineering,B.Tech/B.Tech (Hons) Computer Science Engineering,School of Computing Science,B.Tech in CSE 2016-17 IV Sem VIII,,Exam Fee,10000,0,0,0,0,0,0,0,0,DUE
239848,1/8/2016,2016-2017,2016-2017,AIE,DUE,459273,16CCCE101546,16CCCE101546,Alumni,General,School of Computing Science & Engineering,B.Tech/B.Tech (Hons) Computer Science Engineering,School of Computing Science,B.Tech in CSE 2016-17 IV Sem VIII,,Library BookC Recieved,1899,0,0,0,0,0,0,0,0,DUE
239849,1/8/2016,2016-2017,2016-2017,AIE,DUE,459264,16CCCE101545,16CCCE101545,Alumni,General,School of Computing Science & Engineering,B.Tech/B.Tech (Hons) Computer Science Engineering,School of Computing Science,B.Tech in CSE 2016-17 IV Sem VIII,,TUITION FEE,149000,0,0,0,0,0,0,0,0,DUE
239850,1/8/2016,2016-2017,2016-2017,AIE,DUE,459264,16CCCE101545,16CCCE101545,Alumni,General,School of Computing Science & Engineering,B.Tech/B.Tech (Hons) Computer Science Engineering,School of Computing Science,B.Tech in CSE 2016-17 IV Sem VIII,,Exam Fee,10000,0,0,0,0,0,0,0,0,DUE
239851,1/8/2016,2016-2017,2016-2017,AIE,DUE,459264,16CCCE101545,16CCCE101545,Alumni,General,School of Computing Science & Engineering,B.Tech/B.Tech (Hons) Computer Science Engineering,School of Computing Science,B.Tech in CSE 2016-17 IV Sem VIII,,Library BookC Recieved,1400,0,0,0,0,0,0,0,0,DUE
239852,1/8/2016,2016-2017,2016-2017,AIE,DUE,456424,16CCME101099,16CCME101099,Alumni,General,School of Mechanical Engineering,B.Tech/B.Tech (Hons) Mechanical Engineering,School of Mechanical Engineering,ME 2016-2017 IV Sem VIII,,TUITION FEE,149000,0,0,0,0,0,0,0,0,DUE
239853,1/8/2016,2016-2017,2016-2017,AIE,DUE,456424,16CCME101099,16CCME101099,Alumni,General,School of Mechanical Engineering,B.Tech/B.Tech (Hons) Mechanical Engineering,School of Mechanical Engineering,ME 2016-2017 IV Sem VIII,,Exam Fee,10000,0,0,0,0,0,0,0,0,DUE
239854,1/8/2016,2016-2017,2016-2017,AIE,DUE,456424,16CCME101099,16CCME101099,Alumni,General,School of Mechanical Engineering,B.Tech/B.Tech (Hons) Mechanical Engineering,School of Mechanical Engineering,ME 2016-2017 IV Sem VIII,,Library BookC Recieved,1899,0,0,0,0,0,0,0,0,DUE
239855,1/8/2016,2016-2017,2016-2017,AIE,DUE,456429,16CCME101105,16CCME101105,Alumni,General,School of Mechanical Engineering,B.Tech/B.Tech (Hons) Mechanical Engineering,School of Mechanical Engineering,ME 2016-2017 IV Sem VIII,,TUITION FEE,149000,0,0,0,0,0,0,0,0,DUE
239856,1/8/2016,2016-2017,2016-2017,AIE,DUE,456429,16CCME101105,16CCME101105,Alumni,General,School of Mechanical Engineering,B.Tech/B.Tech (Hons) Mechanical Engineering,School of Mechanical Engineering,ME 2016-2017 IV Sem VIII,,Exam Fee,10000,0,0,0,0,0,0,0,0,DUE
239857,1/8/2016,2016-2017,2016-2017,AIE,DUE,456429,16CCME101105,16CCME101105,Alumni,General,School of Mechanical Engineering,B.Tech/B.Tech (Hons) Mechanical Engineering,School of Mechanical Engineering,ME 2016-2017 IV Sem VIII,,Library BookC Recieved,1400,0,0,0,0,0,0,0,0,DUE
239858,1/8/2016,2016-2017,2016-2017,AIE,DUE,459284,16CCCE101549,16CCCE101549,Alumni,General,School of Computing Science & Engineering,B.Tech/B.Tech (Hons) Computer Science Engineering,School of Computing Science,B.Tech in CSE 2016-17 IV Sem VIII,,TUITION FEE,149000,0,0,0,0,0,0,0,0,DUE
239859,1/8/2016,2016-2017,2016-2017,AIE,DUE,459284,16CCCE101549,16CCCE101549,Alumni,General,School of Computing Science & Engineering,B.Tech/B.Tech (Hons) Computer Science Engineering,School of Computing Science,B.Tech in CSE 2016-17 IV Sem VIII,,Exam Fee,10000,0,0,0,0,0,0,0,0,DUE
239860,1/8/2016,2016-2017,2016-2017,AIE,DUE,459284,16CCCE101549,16CCCE101549,Alumni,General,School of Computing Science & Engineering,B.Tech/B.Tech (Hons) Computer Science Engineering,School of Computing Science,B.Tech in CSE 2016-17 IV Sem VIII,,Library BookC Recieved,1400,0,0,0,0,0,0,0,0,DUE
239861,1/8/2016,2016-2017,2016-2017,AIE,DUE,459284,16CCCE101549,16CCCE101549,Alumni,General,School of Computing Science & Engineering,B.Tech/B.Tech (Hons) Computer Science Engineering,School of Computing Science,B.Tech in CSE 2016-17 IV Sem VIII,,Sport Activity Received,700,0,0,0,0,0,0,0,0,DUE
239862,1/8/2016,2016-2017,2016-2017,AIE,DUE,459280,16CCCE101548,16CCCE101548,Alumni,General,School of Computing Science & Engineering,B.Tech/B.Tech (Hons) Computer Science Engineering,School of Computing Science,B.Tech in CSE 2016-17 IV Sem VIII,,TUITION FEE,149000,0,0,0,0,0,0,0,0,DUE
239863,1/8/2016,2016-2017,2016-2017,AIE,DUE,459280,16CCCE101548,16CCCE101548,Alumni,General,School of Computing Science & Engineering,B.Tech/B.Tech (Hons) Computer Science Engineering,School of Computing Science,B.Tech in CSE 2016-17 IV Sem VIII,,Exam Fee,10000,0,0,0,0,0,0,0,0,DUE
239864,1/8/2016,2016-2017,2016-2017,AIE,DUE,459280,16CCCE101548,16CCCE101548,Alumni,General,School of Computing Science & Engineering,B.Tech/B.Tech (Hons) Computer Science Engineering,School of Computing Science,B.Tech in CSE 2016-17 IV Sem VIII,,Library BookC Recieved,1899,0,0,0,0,0,0,0,0,DUE
239865,1/8/2016,2016-2017,2016-2017,AIE,DUE,459261,16CCCE101541,16CCCE101541,No Information,General,School of Computing Science & Engineering,B.Tech/B.Tech (Hons) Computer Science Engineering,School of Computing Science,B.Tech in CSE 2016-17 II Sem IV,,TUITION FEE,149000,0,0,0,0,0,0,0,0,DUE
239866,1/8/2016,2016-2017,2016-2017,AIE,DUE,459261,16CCCE101541,16CCCE101541,No Information,General,School of Computing Science & Engineering,B.Tech/B.Tech (Hons) Computer Science Engineering,School of Computing Science,B.Tech in CSE 2016-17 II Sem IV,,Exam Fee,10000,0,0,0,0,0,0,0,0,DUE
239867,1/8/2016,2016-2017,2016-2017,AIE,DUE,459261,16CCCE101541,16CCCE101541,No Information,General,School of Computing Science & Engineering,B.Tech/B.Tech (Hons) Computer Science Engineering,School of Computing Science,B.Tech in CSE 2016-17 II Sem IV,,Library BookC Recieved,1899,0,0,0,0,0,0,0,0,DUE
239868,1/8/2016,2016-2017,2016-2017,AIE,DUE,459257,16CCCE101538,16CCCE101538,Alumni,General,School of Computing Science & Engineering,B.Tech/B.Tech (Hons) Computer Science Engineering,School of Computing Science,B.Tech in CSE 2016-17 IV Sem VIII,,TUITION FEE,149000,0,0,0,0,0,0,0,0,DUE
239869,1/8/2016,2016-2017,2016-2017,AIE,DUE,459257,16CCCE101538,16CCCE101538,Alumni,General,School of Computing Science & Engineering,B.Tech/B.Tech (Hons) Computer Science Engineering,School of Computing Science,B.Tech in CSE 2016-17 IV Sem VIII,,Exam Fee,10000,0,0,0,0,0,0,0,0,DUE
239870,1/8/2016,2016-2017,2016-2017,AIE,DUE,459257,16CCCE101538,16CCCE101538,Alumni,General,School of Computing Science & Engineering,B.Tech/B.Tech (Hons) Computer Science Engineering,School of Computing Science,B.Tech in CSE 2016-17 IV Sem VIII,,Library BookC Recieved,1899,0,0,0,0,0,0,0,0,DUE
239871,1/8/2016,2016-2017,2016-2017,AIE,DUE,459238,16CCCE101533,16CCCE101533,Alumni,General,School of Computing Science & Engineering,B.Tech/B.Tech (Hons) Computer Science Engineering,School of Computing Science,B.Tech in CSE 2016-17 IV Sem VIII,,TUITION FEE,149000,0,0,0,0,0,0,0,0,DUE
239872,1/8/2016,2016-2017,2016-2017,AIE,DUE,459238,16CCCE101533,16CCCE101533,Alumni,General,School of Computing Science & Engineering,B.Tech/B.Tech (Hons) Computer Science Engineering,School of Computing Science,B.Tech in CSE 2016-17 IV Sem VIII,,Exam Fee,10000,0,0,0,0,0,0,0,0,DUE
239873,1/8/2016,2016-2017,2016-2017,AIE,DUE,459238,16CCCE101533,16CCCE101533,Alumni,General,School of Computing Science & Engineering,B.Tech/B.Tech (Hons) Computer Science Engineering,School of Computing Science,B.Tech in CSE 2016-17 IV Sem VIII,,Library BookC Recieved,1899,0,0,0,0,0,0,0,0,DUE
239874,1/8/2016,2016-2017,2016-2017,AIE,DUE,501133,16CCME101039,16CCME101039,Withdrawn,General,School of Mechanical Engineering,B.Tech/B.Tech (Hons) Mechanical Engineering,School of Mechanical Engineering,ME 2016-2017 II Sem IV,,TUITION FEE,149000,0,0,0,0,0,0,0,0,DUE
239875,1/8/2016,2016-2017,2016-2017,AIE,DUE,501133,16CCME101039,16CCME101039,Withdrawn,General,School of Mechanical Engineering,B.Tech/B.Tech (Hons) Mechanical Engineering,School of Mechanical Engineering,ME 2016-2017 II Sem IV,,Exam Fee,10000,0,0,0,0,0,0,0,0,DUE
239876,1/8/2016,2016-2017,2016-2017,AIE,DUE,501133,16CCME101039,16CCME101039,Withdrawn,General,School of Mechanical Engineering,B.Tech/B.Tech (Hons) Mechanical Engineering,School of Mechanical Engineering,ME 2016-2017 II Sem IV,,Fine Fee,1800,0,0,0,0,0,0,0,0,DUE
239877,1/8/2016,2016-2017,2016-2017,AIE,DUE,501133,16CCME101039,16CCME101039,Withdrawn,General,School of Mechanical Engineering,B.Tech/B.Tech (Hons) Mechanical Engineering,School of Mechanical Engineering,ME 2016-2017 II Sem IV,,Library BookC Recieved,1899,0,0,0,0,0,0,0,0,DUE
239878,1/8/2016,2016-2017,2016-2017,AIE,DUE,459244,16CCCE101534,16CCCE101534,Alumni,General,School of Computing Science & Engineering,B.Tech/B.Tech (Hons) Computer Science Engineering,School of Computing Science,B.Tech in CSE 2016-17 IV Sem VIII,,TUITION FEE,149000,0,0,0,0,0,0,0,0,DUE
239879,1/8/2016,2016-2017,2016-2017,AIE,DUE,459244,16CCCE101534,16CCCE101534,Alumni,General,School of Computing Science & Engineering,B.Tech/B.Tech (Hons) Computer Science Engineering,School of Computing Science,B.Tech in CSE 2016-17 IV Sem VIII,,Exam Fee,10000,0,0,0,0,0,0,0,0,DUE
239880,1/8/2016,2016-2017,2016-2017,AIE,DUE,459244,16CCCE101534,16CCCE101534,Alumni,General,School of Computing Science & Engineering,B.Tech/B.Tech (Hons) Computer Science Engineering,School of Computing Science,B.Tech in CSE 2016-17 IV Sem VIII,,Library BookC Recieved,1899,0,0,0,0,0,0,0,0,DUE
239881,1/8/2016,2016-2017,2016-2017,AIE,DUE,459249,16CCCE101536,16CCCE101536,No Information,General,School of Computing Science & Engineering,B.Tech/B.Tech (Hons) Computer Science Engineering,School of Computing Science,B.Tech in CSE 2016-17 II Sem IV,,TUITION FEE,149000,0,0,0,0,0,0,0,0,DUE
239882,1/8/2016,2016-2017,2016-2017,AIE,DUE,459249,16CCCE101536,16CCCE101536,No Information,General,School of Computing Science & Engineering,B.Tech/B.Tech (Hons) Computer Science Engineering,School of Computing Science,B.Tech in CSE 2016-17 II Sem IV,,Exam Fee,10000,0,0,0,0,0,0,0,0,DUE
239883,1/8/2016,2016-2017,2016-2017,AIE,DUE,459249,16CCCE101536,16CCCE101536,No Information,General,School of Computing Science & Engineering,B.Tech/B.Tech (Hons) Computer Science Engineering,School of Computing Science,B.Tech in CSE 2016-17 II Sem IV,,Fine Fee,6000,0,0,0,0,0,0,0,0,DUE
239884,1/8/2016,2016-2017,2016-2017,AIE,DUE,459249,16CCCE101536,16CCCE101536,No Information,General,School of Computing Science & Engineering,B.Tech/B.Tech (Hons) Computer Science Engineering,School of Computing Science,B.Tech in CSE 2016-17 II Sem IV,,Library BookC Recieved,1899,0,0,0,0,0,0,0,0,DUE
239885,1/8/2016,2016-2017,2016-2017,AIE,DUE,459252,16CCCE101537,16CCCE101537,No Information,General,School of Computing Science & Engineering,B.Tech/B.Tech (Hons) Computer Science Engineering,School of Computing Science,B.Tech in CSE 2016-17 II Sem IV,,TUITION FEE,149000,0,0,0,0,0,0,0,0,DUE
239886,1/8/2016,2016-2017,2016-2017,AIE,DUE,459252,16CCCE101537,16CCCE101537,No Information,General,School of Computing Science & Engineering,B.Tech/B.Tech (Hons) Computer Science Engineering,School of Computing Science,B.Tech in CSE 2016-17 II Sem IV,,Exam Fee,10000,0,0,0,0,0,0,0,0,DUE
239887,1/8/2016,2016-2017,2016-2017,AIE,DUE,459252,16CCCE101537,16CCCE101537,No Information,General,School of Computing Science & Engineering,B.Tech/B.Tech (Hons) Computer Science Engineering,School of Computing Science,B.Tech in CSE 2016-17 II Sem IV,,Fine Fee,3600,0,0,0,0,0,0,0,0,DUE
239888,1/8/2016,2016-2017,2016-2017,AIE,DUE,459252,16CCCE101537,16CCCE101537,No Information,General,School of Computing Science & Engineering,B.Tech/B.Tech (Hons) Computer Science Engineering,School of Computing Science,B.Tech in CSE 2016-17 II Sem IV,,Library BookC Recieved,1899,0,0,0,0,0,0,0,0,DUE
239889,1/8/2016,2016-2017,2016-2017,AIE,DUE,455961,16CBAC201004,16CBAC201004,Alumni,General,School of Basic & Applied Sciences,M.Sc. Forensic Sciences,School of Basic,M. Sc. Forensic Science 2016-17 II Sem IV,,TUITION FEE,50000,0,0,0,0,0,0,0,0,DUE
239890,1/8/2016,2016-2017,2016-2017,AIE,DUE,455961,16CBAC201004,16CBAC201004,Alumni,General,School of Basic & Applied Sciences,M.Sc. Forensic Sciences,School of Basic,M. Sc. Forensic Science 2016-17 II Sem IV,,Exam Fee,10000,0,0,0,0,0,0,0,0,DUE
239891,1/8/2016,2016-2017,2016-2017,AIE,DUE,455964,16CBAC201005,16CBAC201005,Alumni,General,School of Basic & Applied Sciences,M.Sc. Forensic Sciences,School of Basic,M. Sc. Forensic Science 2016-17 II Sem IV,,TUITION FEE,50000,0,0,0,0,0,0,0,0,DUE
239892,1/8/2016,2016-2017,2016-2017,AIE,DUE,455964,16CBAC201005,16CBAC201005,Alumni,General,School of Basic & Applied Sciences,M.Sc. Forensic Sciences,School of Basic,M. Sc. Forensic Science 2016-17 II Sem IV,,Exam Fee,10000,0,0,0,0,0,0,0,0,DUE
239893,1/8/2016,2016-2017,2016-2017,AIE,DUE,458636,16CCCE101387,16CCCE101387,Alumni,General,School of Computing Science & Engineering,B.Tech/B.Tech (Hons) Computer Science Engineering,School of Computing Science,B.Tech in CSE 2016-17 IV Sem VIII,,TUITION FEE,149000,0,0,0,0,0,0,0,0,DUE
239894,1/8/2016,2016-2017,2016-2017,AIE,DUE,458636,16CCCE101387,16CCCE101387,Alumni,General,School of Computing Science & Engineering,B.Tech/B.Tech (Hons) Computer Science Engineering,School of Computing Science,B.Tech in CSE 2016-17 IV Sem VIII,,Exam Fee,10000,0,0,0,0,0,0,0,0,DUE
239895,1/8/2016,2016-2017,2016-2017,AIE,DUE,458636,16CCCE101387,16CCCE101387,Alumni,General,School of Computing Science & Engineering,B.Tech/B.Tech (Hons) Computer Science Engineering,School of Computing Science,B.Tech in CSE 2016-17 IV Sem VIII,,Library BookC Recieved,1899,0,0,0,0,0,0,0,0,DUE
239896,1/8/2016,2016-2017,2016-2017,AIE,DUE,458627,16CCCE101386,16CCCE101386,Alumni,General,School of Computing Science & Engineering,B.Tech/B.Tech (Hons) Computer Science Engineering,School of Computing Science,B.Tech in CSE 2016-17 IV Sem VIII,,TUITION FEE,149000,0,0,0,0,0,0,0,0,DUE
239897,1/8/2016,2016-2017,2016-2017,AIE,DUE,458627,16CCCE101386,16CCCE101386,Alumni,General,School of Computing Science & Engineering,B.Tech/B.Tech (Hons) Computer Science Engineering,School of Computing Science,B.Tech in CSE 2016-17 IV Sem VIII,,Exam Fee,10000,0,0,0,0,0,0,0,0,DUE
239898,1/8/2016,2016-2017,2016-2017,AIE,DUE,458627,16CCCE101386,16CCCE101386,Alumni,General,School of Computing Science & Engineering,B.Tech/B.Tech (Hons) Computer Science Engineering,School of Computing Science,B.Tech in CSE 2016-17 IV Sem VIII,,Library BookC Recieved,1400,0,0,0,0,0,0,0,0,DUE
239899,1/8/2016,2016-2017,2016-2017,AIE,DUE,458643,16CCCE101389,16CCCE101389,Alumni,General,School of Computing Science & Engineering,B.Tech/B.Tech (Hons) Computer Science Engineering,School of Computing Science,B.Tech in CSE 2016-17 IV Sem VIII,,TUITION FEE,149000,0,0,0,0,0,0,0,0,DUE
239900,1/8/2016,2016-2017,2016-2017,AIE,DUE,458643,16CCCE101389,16CCCE101389,Alumni,General,School of Computing Science & Engineering,B.Tech/B.Tech (Hons) Computer Science Engineering,School of Computing Science,B.Tech in CSE 2016-17 IV Sem VIII,,Exam Fee,10000,0,0,0,0,0,0,0,0,DUE
239901,1/8/2016,2016-2017,2016-2017,AIE,DUE,458643,16CCCE101389,16CCCE101389,Alumni,General,School of Computing Science & Engineering,B.Tech/B.Tech (Hons) Computer Science Engineering,School of Computing Science,B.Tech in CSE 2016-17 IV Sem VIII,,Library BookC Recieved,1899,0,0,0,0,0,0,0,0,DUE
239902,1/8/2016,2016-2017,2016-2017,AIE,DUE,458649,16CCCE101390,16CCCE101390,Alumni,General,School of Computing Science & Engineering,B.Tech/B.Tech (Hons) Computer Science Engineering,School of Computing Science,B.Tech in CSE 2016-17 IV Sem VIII,,TUITION FEE,149000,0,0,0,0,0,0,0,0,DUE
239903,1/8/2016,2016-2017,2016-2017,AIE,DUE,458649,16CCCE101390,16CCCE101390,Alumni,General,School of Computing Science & Engineering,B.Tech/B.Tech (Hons) Computer Science Engineering,School of Computing Science,B.Tech in CSE 2016-17 IV Sem VIII,,Exam Fee,10000,0,0,0,0,0,0,0,0,DUE
239904,1/8/2016,2016-2017,2016-2017,AIE,DUE,458649,16CCCE101390,16CCCE101390,Alumni,General,School of Computing Science & Engineering,B.Tech/B.Tech (Hons) Computer Science Engineering,School of Computing Science,B.Tech in CSE 2016-17 IV Sem VIII,,Library BookC Recieved,1899,0,0,0,0,0,0,0,0,DUE
239905,1/8/2016,2016-2017,2016-2017,AIE,DUE,458666,16CCCE101392,16CCCE101392,Alumni,General,School of Computing Science & Engineering,B.Tech/B.Tech (Hons) Computer Science Engineering,School of Computing Science,B.Tech in CSE 2016-17 IV Sem VIII,,TUITION FEE,149000,0,0,0,0,0,0,0,0,DUE
239906,1/8/2016,2016-2017,2016-2017,AIE,DUE,458666,16CCCE101392,16CCCE101392,Alumni,General,School of Computing Science & Engineering,B.Tech/B.Tech (Hons) Computer Science Engineering,School of Computing Science,B.Tech in CSE 2016-17 IV Sem VIII,,Exam Fee,10000,0,0,0,0,0,0,0,0,DUE
239907,1/8/2016,2016-2017,2016-2017,AIE,DUE,458666,16CCCE101392,16CCCE101392,Alumni,General,School of Computing Science & Engineering,B.Tech/B.Tech (Hons) Computer Science Engineering,School of Computing Science,B.Tech in CSE 2016-17 IV Sem VIII,,Library BookC Recieved,1400,0,0,0,0,0,0,0,0,DUE
239908,1/8/2016,2016-2017,2016-2017,AIE,DUE,458656,16CCCE101391,16CCCE101391,Alumni,General,School of Computing Science & Engineering,B.Tech/B.Tech (Hons) Computer Science Engineering,School of Computing Science,B.Tech in CSE 2016-17 IV Sem VIII,,TUITION FEE,149000,0,0,0,0,0,0,0,0,DUE
239909,1/8/2016,2016-2017,2016-2017,AIE,DUE,458656,16CCCE101391,16CCCE101391,Alumni,General,School of Computing Science & Engineering,B.Tech/B.Tech (Hons) Computer Science Engineering,School of Computing Science,B.Tech in CSE 2016-17 IV Sem VIII,,Exam Fee,10000,0,0,0,0,0,0,0,0,DUE
239910,1/8/2016,2016-2017,2016-2017,AIE,DUE,458656,16CCCE101391,16CCCE101391,Alumni,General,School of Computing Science & Engineering,B.Tech/B.Tech (Hons) Computer Science Engineering,School of Computing Science,B.Tech in CSE 2016-17 IV Sem VIII,,Library BookC Recieved,1899,0,0,0,0,0,0,0,0,DUE
239911,1/8/2016,2016-2017,2016-2017,AIE,DUE,457242,16CCCE101086,16CCCE101086,Alumni,General,School of Computing Science & Engineering,B.Tech/B.Tech (Hons) Computer Science Engineering,School of Computing Science,B.Tech in CSE 2016-17 IV Sem VIII,,TUITION FEE,149000,0,0,0,0,0,0,0,0,DUE
239912,1/8/2016,2016-2017,2016-2017,AIE,DUE,457242,16CCCE101086,16CCCE101086,Alumni,General,School of Computing Science & Engineering,B.Tech/B.Tech (Hons) Computer Science Engineering,School of Computing Science,B.Tech in CSE 2016-17 IV Sem VIII,,Exam Fee,10000,0,0,0,0,0,0,0,0,DUE
239913,1/8/2016,2016-2017,2016-2017,AIE,DUE,457242,16CCCE101086,16CCCE101086,Alumni,General,School of Computing Science & Engineering,B.Tech/B.Tech (Hons) Computer Science Engineering,School of Computing Science,B.Tech in CSE 2016-17 IV Sem VIII,,Library BookC Recieved,1400,0,0,0,0,0,0,0,0,DUE
239914,1/8/2016,2016-2017,2016-2017,AIE,DUE,501173,16CCME101049,16CCME101049,Year Back,General,School of Mechanical Engineering,B.Tech/B.Tech (Hons) Mechanical Engineering,School of Mechanical Engineering,ME 2016-2017 III Sem V,,TUITION FEE,149000,0,0,0,0,0,0,0,0,DUE
239915,1/8/2016,2016-2017,2016-2017,AIE,DUE,501173,16CCME101049,16CCME101049,Year Back,General,School of Mechanical Engineering,B.Tech/B.Tech (Hons) Mechanical Engineering,School of Mechanical Engineering,ME 2016-2017 III Sem V,,Exam Fee,10000,0,0,0,0,0,0,0,0,DUE
239916,1/8/2016,2016-2017,2016-2017,AIE,DUE,501173,16CCME101049,16CCME101049,Year Back,General,School of Mechanical Engineering,B.Tech/B.Tech (Hons) Mechanical Engineering,School of Mechanical Engineering,ME 2016-2017 III Sem V,,Library BookC Recieved,1899,0,0,0,0,0,0,0,0,DUE
239917,1/8/2016,2016-2017,2016-2017,AIE,DUE,457246,16CCCE101087,16CCCE101087,Alumni,General,School of Computing Science & Engineering,B.Tech/B.Tech (Hons) Computer Science Engineering,School of Computing Science,B.Tech in CSE 2016-17 IV Sem VIII,,TUITION FEE,149000,0,0,0,0,0,0,0,0,DUE
239918,1/8/2016,2016-2017,2016-2017,AIE,DUE,457246,16CCCE101087,16CCCE101087,Alumni,General,School of Computing Science & Engineering,B.Tech/B.Tech (Hons) Computer Science Engineering,School of Computing Science,B.Tech in CSE 2016-17 IV Sem VIII,,Exam Fee,10000,0,0,0,0,0,0,0,0,DUE
239919,1/8/2016,2016-2017,2016-2017,AIE,DUE,457246,16CCCE101087,16CCCE101087,Alumni,General,School of Computing Science & Engineering,B.Tech/B.Tech (Hons) Computer Science Engineering,School of Computing Science,B.Tech in CSE 2016-17 IV Sem VIII,,Library BookC Recieved,1899,0,0,0,0,0,0,0,0,DUE
239920,1/8/2016,2016-2017,2016-2017,AIE,DUE,501123,16CCME101037,16CCME101037,Cancelled,General,School of Mechanical Engineering,B.Tech/B.Tech (Hons) Mechanical Engineering,School of Mechanical Engineering,ME 2016-2017 IV Sem VII,,TUITION FEE,149000,0,0,0,0,0,0,0,0,DUE
239921,1/8/2016,2016-2017,2016-2017,AIE,DUE,501123,16CCME101037,16CCME101037,Cancelled,General,School of Mechanical Engineering,B.Tech/B.Tech (Hons) Mechanical Engineering,School of Mechanical Engineering,ME 2016-2017 IV Sem VII,,Exam Fee,10000,0,0,0,0,0,0,0,0,DUE
239922,1/8/2016,2016-2017,2016-2017,AIE,DUE,501123,16CCME101037,16CCME101037,Cancelled,General,School of Mechanical Engineering,B.Tech/B.Tech (Hons) Mechanical Engineering,School of Mechanical Engineering,ME 2016-2017 IV Sem VII,,Library BookC Recieved,1899,0,0,0,0,0,0,0,0,DUE
239923,1/8/2016,2016-2017,2016-2017,AIE,DUE,501123,16CCME101037,16CCME101037,Cancelled,General,School of Mechanical Engineering,B.Tech/B.Tech (Hons) Mechanical Engineering,School of Mechanical Engineering,ME 2016-2017 IV Sem VII,,Sport Activity Received,700,0,0,0,0,0,0,0,0,DUE
239924,1/8/2016,2016-2017,2016-2017,AIE,RCPT,761737,16GPTC406026,16GPTC406026,No Information,General,Gs Polytechnic,Diploma in Computer Science & Engineering,Gs Polytechnic,COMPUTER SCIENCE ENGINEERING 2016-2017 II Sem IV,3.22E+11,TUITION FEE,0,13000,0,0,0,0,0,0,0,
239925,1/8/2016,2016-2017,2016-2017,AIE,DUE,458621,16CCCE101384,16CCCE101384,Alumni,General,School of Computing Science & Engineering,B.Tech/B.Tech (Hons) Computer Science Engineering,School of Computing Science,B.Tech in CSE 2016-17 IV Sem VIII,,TUITION FEE,149000,0,0,0,0,0,0,0,0,DUE
239926,1/8/2016,2016-2017,2016-2017,AIE,DUE,458621,16CCCE101384,16CCCE101384,Alumni,General,School of Computing Science & Engineering,B.Tech/B.Tech (Hons) Computer Science Engineering,School of Computing Science,B.Tech in CSE 2016-17 IV Sem VIII,,Exam Fee,10000,0,0,0,0,0,0,0,0,DUE
239927,1/8/2016,2016-2017,2016-2017,AIE,DUE,458621,16CCCE101384,16CCCE101384,Alumni,General,School of Computing Science & Engineering,B.Tech/B.Tech (Hons) Computer Science Engineering,School of Computing Science,B.Tech in CSE 2016-17 IV Sem VIII,,Library BookC Recieved,1899,0,0,0,0,0,0,0,0,DUE
239928,1/8/2016,2016-2017,2016-2017,AIE,DUE,456312,16CCME101060,16CCME101060,Alumni,General,School of Mechanical Engineering,B.Tech/B.Tech (Hons) Mechanical Engineering,School of Mechanical Engineering,ME 2016-2017 IV Sem VIII,,TUITION FEE,149000,0,0,0,0,0,0,0,0,DUE
239929,1/8/2016,2016-2017,2016-2017,AIE,DUE,456312,16CCME101060,16CCME101060,Alumni,General,School of Mechanical Engineering,B.Tech/B.Tech (Hons) Mechanical Engineering,School of Mechanical Engineering,ME 2016-2017 IV Sem VIII,,Exam Fee,10000,0,0,0,0,0,0,0,0,DUE
239930,1/8/2016,2016-2017,2016-2017,AIE,DUE,456312,16CCME101060,16CCME101060,Alumni,General,School of Mechanical Engineering,B.Tech/B.Tech (Hons) Mechanical Engineering,School of Mechanical Engineering,ME 2016-2017 IV Sem VIII,,Library BookC Recieved,1400,0,0,0,0,0,0,0,0,DUE
239931,1/8/2016,2016-2017,2016-2017,AIE,DUE,458673,16CCCE101393,16CCCE101393,Alumni,General,School of Computing Science & Engineering,B.Tech/B.Tech (Hons) Computer Science Engineering,School of Computing Science,B.Tech in CSE 2016-17 IV Sem VIII,,TUITION FEE,149000,0,0,0,0,0,0,0,0,DUE
239932,1/8/2016,2016-2017,2016-2017,AIE,DUE,458673,16CCCE101393,16CCCE101393,Alumni,General,School of Computing Science & Engineering,B.Tech/B.Tech (Hons) Computer Science Engineering,School of Computing Science,B.Tech in CSE 2016-17 IV Sem VIII,,Exam Fee,10000,0,0,0,0,0,0,0,0,DUE
239933,1/8/2016,2016-2017,2016-2017,AIE,DUE,458673,16CCCE101393,16CCCE101393,Alumni,General,School of Computing Science & Engineering,B.Tech/B.Tech (Hons) Computer Science Engineering,School of Computing Science,B.Tech in CSE 2016-17 IV Sem VIII,,Library BookC Recieved,1899,0,0,0,0,0,0,0,0,DUE
239934,1/8/2016,2016-2017,2016-2017,AIE,DUE,455987,16CBAC201013,16CBAC201013,Alumni,General,School of Basic & Applied Sciences,M.Sc. Forensic Sciences,School of Basic,M. Sc. Forensic Science 2016-17 II Sem IV,,TUITION FEE,50000,0,0,0,0,0,0,0,0,DUE
239935,1/8/2016,2016-2017,2016-2017,AIE,DUE,455987,16CBAC201013,16CBAC201013,Alumni,General,School of Basic & Applied Sciences,M.Sc. Forensic Sciences,School of Basic,M. Sc. Forensic Science 2016-17 II Sem IV,,Exam Fee,10000,0,0,0,0,0,0,0,0,DUE
239936,1/8/2016,2016-2017,2016-2017,AIE,DUE,458720,16CCCE101403,16CCCE101403,Alumni,General,School of Computing Science & Engineering,B.Tech/B.Tech (Hons) Computer Science Engineering,School of Computing Science,B.Tech in CSE 2016-17 IV Sem VIII,,TUITION FEE,149000,0,0,0,0,0,0,0,0,DUE
239937,1/8/2016,2016-2017,2016-2017,AIE,DUE,458720,16CCCE101403,16CCCE101403,Alumni,General,School of Computing Science & Engineering,B.Tech/B.Tech (Hons) Computer Science Engineering,School of Computing Science,B.Tech in CSE 2016-17 IV Sem VIII,,Exam Fee,10000,0,0,0,0,0,0,0,0,DUE
239938,1/8/2016,2016-2017,2016-2017,AIE,DUE,458720,16CCCE101403,16CCCE101403,Alumni,General,School of Computing Science & Engineering,B.Tech/B.Tech (Hons) Computer Science Engineering,School of Computing Science,B.Tech in CSE 2016-17 IV Sem VIII,,Library BookC Recieved,1899,0,0,0,0,0,0,0,0,DUE
239939,1/8/2016,2016-2017,2016-2017,AIE,DUE,457222,16CCCE101084,16CCCE101084,Alumni,General,School of Computing Science & Engineering,B.Tech/B.Tech (Hons) Computer Science Engineering,School of Computing Science,B.Tech in CSE 2016-17 IV Sem VIII,,TUITION FEE,149000,0,0,0,0,0,0,0,0,DUE
239940,1/8/2016,2016-2017,2016-2017,AIE,DUE,457222,16CCCE101084,16CCCE101084,Alumni,General,School of Computing Science & Engineering,B.Tech/B.Tech (Hons) Computer Science Engineering,School of Computing Science,B.Tech in CSE 2016-17 IV Sem VIII,,Exam Fee,10000,0,0,0,0,0,0,0,0,DUE
239941,1/8/2016,2016-2017,2016-2017,AIE,DUE,457222,16CCCE101084,16CCCE101084,Alumni,General,School of Computing Science & Engineering,B.Tech/B.Tech (Hons) Computer Science Engineering,School of Computing Science,B.Tech in CSE 2016-17 IV Sem VIII,,Library BookC Recieved,1400,0,0,0,0,0,0,0,0,DUE
239942,1/8/2016,2016-2017,2016-2017,AIE,DUE,458736,16CCCE101406,16CCCE101406,Alumni,General,School of Computing Science & Engineering,B.Tech/B.Tech (Hons) Computer Science Engineering,School of Computing Science,B.Tech in CSE 2016-17 IV Sem VIII,,TUITION FEE,149000,0,0,0,0,0,0,0,0,DUE
239943,1/8/2016,2016-2017,2016-2017,AIE,DUE,458736,16CCCE101406,16CCCE101406,Alumni,General,School of Computing Science & Engineering,B.Tech/B.Tech (Hons) Computer Science Engineering,School of Computing Science,B.Tech in CSE 2016-17 IV Sem VIII,,Exam Fee,10000,0,0,0,0,0,0,0,0,DUE
239944,1/8/2016,2016-2017,2016-2017,AIE,DUE,458736,16CCCE101406,16CCCE101406,Alumni,General,School of Computing Science & Engineering,B.Tech/B.Tech (Hons) Computer Science Engineering,School of Computing Science,B.Tech in CSE 2016-17 IV Sem VIII,,Library BookC Recieved,1899,0,0,0,0,0,0,0,0,DUE
239945,1/8/2016,2016-2017,2016-2017,AIE,DUE,457216,16CCCE101083,16CCCE101083,Alumni,General,School of Computing Science & Engineering,B.Tech/B.Tech (Hons) Computer Science Engineering,School of Computing Science,B.Tech in CSE 2016-17 IV Sem VIII,,TUITION FEE,149000,0,0,0,0,0,0,0,0,DUE
239946,1/8/2016,2016-2017,2016-2017,AIE,DUE,457216,16CCCE101083,16CCCE101083,Alumni,General,School of Computing Science & Engineering,B.Tech/B.Tech (Hons) Computer Science Engineering,School of Computing Science,B.Tech in CSE 2016-17 IV Sem VIII,,Exam Fee,10000,0,0,0,0,0,0,0,0,DUE
239947,1/8/2016,2016-2017,2016-2017,AIE,DUE,457216,16CCCE101083,16CCCE101083,Alumni,General,School of Computing Science & Engineering,B.Tech/B.Tech (Hons) Computer Science Engineering,School of Computing Science,B.Tech in CSE 2016-17 IV Sem VIII,,Library BookC Recieved,1899,0,0,0,0,0,0,0,0,DUE
239948,1/8/2016,2016-2017,2016-2017,AIE,DUE,458745,16CCCE101407,16CCCE101407,Alumni,General,School of Computing Science & Engineering,B.Tech/B.Tech (Hons) Computer Science Engineering,School of Computing Science,B.Tech in CSE 2016-17 IV Sem VIII,,TUITION FEE,149000,0,0,0,0,0,0,0,0,DUE
239949,1/8/2016,2016-2017,2016-2017,AIE,DUE,458745,16CCCE101407,16CCCE101407,Alumni,General,School of Computing Science & Engineering,B.Tech/B.Tech (Hons) Computer Science Engineering,School of Computing Science,B.Tech in CSE 2016-17 IV Sem VIII,,Exam Fee,10000,0,0,0,0,0,0,0,0,DUE
239950,1/8/2016,2016-2017,2016-2017,AIE,DUE,458745,16CCCE101407,16CCCE101407,Alumni,General,School of Computing Science & Engineering,B.Tech/B.Tech (Hons) Computer Science Engineering,School of Computing Science,B.Tech in CSE 2016-17 IV Sem VIII,,Library BookC Recieved,1899,0,0,0,0,0,0,0,0,DUE
239951,1/8/2016,2016-2017,2016-2017,AIE,DUE,457209,16CCCE101082,16CCCE101082,Alumni,General,School of Computing Science & Engineering,B.Tech/B.Tech (Hons) Computer Science Engineering,School of Computing Science,B.Tech in CSE 2016-17 IV Sem VIII,,TUITION FEE,149000,0,0,0,0,0,0,0,0,DUE
239952,1/8/2016,2016-2017,2016-2017,AIE,DUE,457209,16CCCE101082,16CCCE101082,Alumni,General,School of Computing Science & Engineering,B.Tech/B.Tech (Hons) Computer Science Engineering,School of Computing Science,B.Tech in CSE 2016-17 IV Sem VIII,,Exam Fee,10000,0,0,0,0,0,0,0,0,DUE
239953,1/8/2016,2016-2017,2016-2017,AIE,DUE,457209,16CCCE101082,16CCCE101082,Alumni,General,School of Computing Science & Engineering,B.Tech/B.Tech (Hons) Computer Science Engineering,School of Computing Science,B.Tech in CSE 2016-17 IV Sem VIII,,Library BookC Recieved,1400,0,0,0,0,0,0,0,0,DUE
239954,1/8/2016,2016-2017,2016-2017,AIE,DUE,458713,16CCCE101400,16CCCE101400,Alumni,General,School of Computing Science & Engineering,B.Tech/B.Tech (Hons) Computer Science Engineering,School of Computing Science,B.Tech in CSE 2016-17 IV Sem VIII,,TUITION FEE,149000,0,0,0,0,0,0,0,0,DUE
239955,1/8/2016,2016-2017,2016-2017,AIE,DUE,458713,16CCCE101400,16CCCE101400,Alumni,General,School of Computing Science & Engineering,B.Tech/B.Tech (Hons) Computer Science Engineering,School of Computing Science,B.Tech in CSE 2016-17 IV Sem VIII,,Exam Fee,10000,0,0,0,0,0,0,0,0,DUE
239956,1/8/2016,2016-2017,2016-2017,AIE,DUE,458713,16CCCE101400,16CCCE101400,Alumni,General,School of Computing Science & Engineering,B.Tech/B.Tech (Hons) Computer Science Engineering,School of Computing Science,B.Tech in CSE 2016-17 IV Sem VIII,,Fine Fee,1400,0,0,0,0,0,0,0,0,DUE
239957,1/8/2016,2016-2017,2016-2017,AIE,DUE,458713,16CCCE101400,16CCCE101400,Alumni,General,School of Computing Science & Engineering,B.Tech/B.Tech (Hons) Computer Science Engineering,School of Computing Science,B.Tech in CSE 2016-17 IV Sem VIII,,Library BookC Recieved,1899,0,0,0,0,0,0,0,0,DUE
239958,1/8/2016,2016-2017,2016-2017,AIE,DUE,457235,16CCCE101085,16CCCE101085,Alumni,General,School of Computing Science & Engineering,B.Tech/B.Tech (Hons) Computer Science Engineering,School of Computing Science,B.Tech in CSE 2016-17 IV Sem VIII,,TUITION FEE,149000,0,0,0,0,0,0,0,0,DUE
239959,1/8/2016,2016-2017,2016-2017,AIE,DUE,457235,16CCCE101085,16CCCE101085,Alumni,General,School of Computing Science & Engineering,B.Tech/B.Tech (Hons) Computer Science Engineering,School of Computing Science,B.Tech in CSE 2016-17 IV Sem VIII,,Exam Fee,10000,0,0,0,0,0,0,0,0,DUE
239960,1/8/2016,2016-2017,2016-2017,AIE,DUE,457235,16CCCE101085,16CCCE101085,Alumni,General,School of Computing Science & Engineering,B.Tech/B.Tech (Hons) Computer Science Engineering,School of Computing Science,B.Tech in CSE 2016-17 IV Sem VIII,,Library BookC Recieved,1899,0,0,0,0,0,0,0,0,DUE
239961,1/8/2016,2016-2017,2016-2017,AIE,DUE,458686,16CCCE101395,16CCCE101395,Alumni,General,School of Computing Science & Engineering,B.Tech/B.Tech (Hons) Computer Science Engineering,School of Computing Science,B.Tech in CSE 2016-17 IV Sem VIII,,TUITION FEE,149000,0,0,0,0,0,0,0,0,DUE
239962,1/8/2016,2016-2017,2016-2017,AIE,DUE,458686,16CCCE101395,16CCCE101395,Alumni,General,School of Computing Science & Engineering,B.Tech/B.Tech (Hons) Computer Science Engineering,School of Computing Science,B.Tech in CSE 2016-17 IV Sem VIII,,Exam Fee,10000,0,0,0,0,0,0,0,0,DUE
239963,1/8/2016,2016-2017,2016-2017,AIE,DUE,458686,16CCCE101395,16CCCE101395,Alumni,General,School of Computing Science & Engineering,B.Tech/B.Tech (Hons) Computer Science Engineering,School of Computing Science,B.Tech in CSE 2016-17 IV Sem VIII,,Library BookC Recieved,1899,0,0,0,0,0,0,0,0,DUE
239964,1/8/2016,2016-2017,2016-2017,AIE,DUE,458677,16CCCE101394,16CCCE101394,Alumni,General,School of Computing Science & Engineering,B.Tech/B.Tech (Hons) Computer Science Engineering,School of Computing Science,B.Tech in CSE 2016-17 IV Sem VIII,,TUITION FEE,149000,0,0,0,0,0,0,0,0,DUE
239965,1/8/2016,2016-2017,2016-2017,AIE,DUE,458677,16CCCE101394,16CCCE101394,Alumni,General,School of Computing Science & Engineering,B.Tech/B.Tech (Hons) Computer Science Engineering,School of Computing Science,B.Tech in CSE 2016-17 IV Sem VIII,,Exam Fee,10000,0,0,0,0,0,0,0,0,DUE
239966,1/8/2016,2016-2017,2016-2017,AIE,DUE,458677,16CCCE101394,16CCCE101394,Alumni,General,School of Computing Science & Engineering,B.Tech/B.Tech (Hons) Computer Science Engineering,School of Computing Science,B.Tech in CSE 2016-17 IV Sem VIII,,Library BookC Recieved,1400,0,0,0,0,0,0,0,0,DUE
239967,1/8/2016,2016-2017,2016-2017,AIE,DUE,458691,16CCCE101396,16CCCE101396,Alumni,General,School of Computing Science & Engineering,B.Tech/B.Tech (Hons) Computer Science Engineering,School of Computing Science,B.Tech in CSE 2016-17 IV Sem VIII,,TUITION FEE,149000,0,0,0,0,0,0,0,0,DUE
239968,1/8/2016,2016-2017,2016-2017,AIE,DUE,458691,16CCCE101396,16CCCE101396,Alumni,General,School of Computing Science & Engineering,B.Tech/B.Tech (Hons) Computer Science Engineering,School of Computing Science,B.Tech in CSE 2016-17 IV Sem VIII,,Exam Fee,10000,0,0,0,0,0,0,0,0,DUE
239969,1/8/2016,2016-2017,2016-2017,AIE,DUE,458691,16CCCE101396,16CCCE101396,Alumni,General,School of Computing Science & Engineering,B.Tech/B.Tech (Hons) Computer Science Engineering,School of Computing Science,B.Tech in CSE 2016-17 IV Sem VIII,,Library BookC Recieved,1899,0,0,0,0,0,0,0,0,DUE
239970,1/8/2016,2016-2017,2016-2017,AIE,DUE,458698,16CCCE101398,16CCCE101398,Alumni,General,School of Computing Science & Engineering,B.Tech/B.Tech (Hons) Computer Science Engineering,School of Computing Science,B.Tech in CSE 2016-17 IV Sem VIII,,TUITION FEE,149000,0,0,0,0,0,0,0,0,DUE
239971,1/8/2016,2016-2017,2016-2017,AIE,DUE,458698,16CCCE101398,16CCCE101398,Alumni,General,School of Computing Science & Engineering,B.Tech/B.Tech (Hons) Computer Science Engineering,School of Computing Science,B.Tech in CSE 2016-17 IV Sem VIII,,Exam Fee,10000,0,0,0,0,0,0,0,0,DUE
239972,1/8/2016,2016-2017,2016-2017,AIE,DUE,458698,16CCCE101398,16CCCE101398,Alumni,General,School of Computing Science & Engineering,B.Tech/B.Tech (Hons) Computer Science Engineering,School of Computing Science,B.Tech in CSE 2016-17 IV Sem VIII,,Library BookC Recieved,1899,0,0,0,0,0,0,0,0,DUE
239973,1/8/2016,2016-2017,2016-2017,AIE,DUE,458698,16CCCE101398,16CCCE101398,Alumni,General,School of Computing Science & Engineering,B.Tech/B.Tech (Hons) Computer Science Engineering,School of Computing Science,B.Tech in CSE 2016-17 IV Sem VIII,,Sport Activity Received,2100,0,0,0,0,0,0,0,0,DUE
239974,1/8/2016,2016-2017,2016-2017,AIE,DUE,458707,16CCCE101399,16CCCE101399,Year Back,General,School of Computing Science & Engineering,B.Tech/B.Tech (Hons) Computer Science Engineering,School of Computing Science,B.Tech in CSE 2017-18 II Sem IV,,TUITION FEE,149000,0,0,0,0,0,0,0,0,DUE
239975,1/8/2016,2016-2017,2016-2017,AIE,DUE,458707,16CCCE101399,16CCCE101399,Year Back,General,School of Computing Science & Engineering,B.Tech/B.Tech (Hons) Computer Science Engineering,School of Computing Science,B.Tech in CSE 2017-18 II Sem IV,,Exam Fee,10000,0,0,0,0,0,0,0,0,DUE
239976,1/8/2016,2016-2017,2016-2017,AIE,DUE,458707,16CCCE101399,16CCCE101399,Year Back,General,School of Computing Science & Engineering,B.Tech/B.Tech (Hons) Computer Science Engineering,School of Computing Science,B.Tech in CSE 2017-18 II Sem IV,,Library BookC Recieved,1899,0,0,0,0,0,0,0,0,DUE
239977,1/8/2016,2016-2017,2016-2017,AIE,DUE,457250,16CCCE101088,16CCCE101088,Alumni,General,School of Computing Science & Engineering,B.Tech/B.Tech (Hons) Computer Science Engineering,School of Computing Science,B.Tech in CSE 2016-17 IV Sem VIII,,TUITION FEE,149000,0,0,0,0,0,0,0,0,DUE
239978,1/8/2016,2016-2017,2016-2017,AIE,DUE,457250,16CCCE101088,16CCCE101088,Alumni,General,School of Computing Science & Engineering,B.Tech/B.Tech (Hons) Computer Science Engineering,School of Computing Science,B.Tech in CSE 2016-17 IV Sem VIII,,Exam Fee,10000,0,0,0,0,0,0,0,0,DUE
239979,1/8/2016,2016-2017,2016-2017,AIE,DUE,457250,16CCCE101088,16CCCE101088,Alumni,General,School of Computing Science & Engineering,B.Tech/B.Tech (Hons) Computer Science Engineering,School of Computing Science,B.Tech in CSE 2016-17 IV Sem VIII,,Library BookC Recieved,1899,0,0,0,0,0,0,0,0,DUE
239980,1/8/2016,2016-2017,2016-2017,AIE,DUE,458613,16CCCE101381,16CCCE101381,Alumni,General,School of Computing Science & Engineering,B.Tech/B.Tech (Hons) Computer Science Engineering,School of Computing Science,B.Tech in CSE 2016-17 IV Sem VIII,,TUITION FEE,149000,0,0,0,0,0,0,0,0,DUE
239981,1/8/2016,2016-2017,2016-2017,AIE,DUE,458613,16CCCE101381,16CCCE101381,Alumni,General,School of Computing Science & Engineering,B.Tech/B.Tech (Hons) Computer Science Engineering,School of Computing Science,B.Tech in CSE 2016-17 IV Sem VIII,,Exam Fee,10000,0,0,0,0,0,0,0,0,DUE
239982,1/8/2016,2016-2017,2016-2017,AIE,DUE,458613,16CCCE101381,16CCCE101381,Alumni,General,School of Computing Science & Engineering,B.Tech/B.Tech (Hons) Computer Science Engineering,School of Computing Science,B.Tech in CSE 2016-17 IV Sem VIII,,Library BookC Recieved,1899,0,0,0,0,0,0,0,0,DUE
239983,1/8/2016,2016-2017,2016-2017,AIE,DUE,455994,16CBAC201015,16CBAC201015,Alumni,General,School of Basic & Applied Sciences,M.Sc. Forensic Sciences,School of Basic,M. Sc. Forensic Science 2016-17 II Sem IV,,TUITION FEE,50000,0,0,0,0,0,0,0,0,DUE
239984,1/8/2016,2016-2017,2016-2017,AIE,DUE,455994,16CBAC201015,16CBAC201015,Alumni,General,School of Basic & Applied Sciences,M.Sc. Forensic Sciences,School of Basic,M. Sc. Forensic Science 2016-17 II Sem IV,,Exam Fee,10000,0,0,0,0,0,0,0,0,DUE
239985,1/8/2016,2016-2017,2016-2017,AIE,DUE,458542,16CCCE101361,16CCCE101361,Alumni,General,School of Computing Science & Engineering,B.Tech/B.Tech (Hons) Computer Science Engineering,School of Computing Science,B.Tech in CSE 2016-17 IV Sem VIII,,TUITION FEE,149000,0,0,0,0,0,0,0,0,DUE
239986,1/8/2016,2016-2017,2016-2017,AIE,DUE,458542,16CCCE101361,16CCCE101361,Alumni,General,School of Computing Science & Engineering,B.Tech/B.Tech (Hons) Computer Science Engineering,School of Computing Science,B.Tech in CSE 2016-17 IV Sem VIII,,Exam Fee,10000,0,0,0,0,0,0,0,0,DUE
239987,1/8/2016,2016-2017,2016-2017,AIE,DUE,458542,16CCCE101361,16CCCE101361,Alumni,General,School of Computing Science & Engineering,B.Tech/B.Tech (Hons) Computer Science Engineering,School of Computing Science,B.Tech in CSE 2016-17 IV Sem VIII,,Library BookC Recieved,1899,0,0,0,0,0,0,0,0,DUE
239988,1/8/2016,2016-2017,2016-2017,AIE,DUE,458548,16CCCE101362,16CCCE101362,Active,General,School of Computing Science & Engineering,B.Tech/B.Tech (Hons) Computer Science Engineering,School of Computing Science,B.Tech in CSE 2016-17 IV Sem VIII,,TUITION FEE,149000,0,0,0,0,0,0,0,0,DUE
239989,1/8/2016,2016-2017,2016-2017,AIE,DUE,458548,16CCCE101362,16CCCE101362,Active,General,School of Computing Science & Engineering,B.Tech/B.Tech (Hons) Computer Science Engineering,School of Computing Science,B.Tech in CSE 2016-17 IV Sem VIII,,Exam Fee,10000,0,0,0,0,0,0,0,0,DUE
239990,1/8/2016,2016-2017,2016-2017,AIE,DUE,458548,16CCCE101362,16CCCE101362,Active,General,School of Computing Science & Engineering,B.Tech/B.Tech (Hons) Computer Science Engineering,School of Computing Science,B.Tech in CSE 2016-17 IV Sem VIII,,Library BookC Recieved,1400,0,0,0,0,0,0,0,0,DUE
239991,1/8/2016,2016-2017,2016-2017,AIE,DUE,458558,16CCCE101364,16CCCE101364,Alumni,General,School of Computing Science & Engineering,B.Tech/B.Tech (Hons) Computer Science Engineering,School of Computing Science,B.Tech in CSE 2016-17 IV Sem VIII,,TUITION FEE,149000,0,0,0,0,0,0,0,0,DUE
239992,1/8/2016,2016-2017,2016-2017,AIE,DUE,458558,16CCCE101364,16CCCE101364,Alumni,General,School of Computing Science & Engineering,B.Tech/B.Tech (Hons) Computer Science Engineering,School of Computing Science,B.Tech in CSE 2016-17 IV Sem VIII,,Exam Fee,10000,0,0,0,0,0,0,0,0,DUE
239993,1/8/2016,2016-2017,2016-2017,AIE,DUE,458558,16CCCE101364,16CCCE101364,Alumni,General,School of Computing Science & Engineering,B.Tech/B.Tech (Hons) Computer Science Engineering,School of Computing Science,B.Tech in CSE 2016-17 IV Sem VIII,,Library BookC Recieved,1400,0,0,0,0,0,0,0,0,DUE
239994,1/8/2016,2016-2017,2016-2017,AIE,DUE,456285,16CCME101056,16CCME101056,Alumni,General,School of Mechanical Engineering,B.Tech/B.Tech (Hons) Mechanical Engineering,School of Mechanical Engineering,ME 2016-2017 IV Sem VIII,,TUITION FEE,149000,0,0,0,0,0,0,0,0,DUE
239995,1/8/2016,2016-2017,2016-2017,AIE,DUE,456285,16CCME101056,16CCME101056,Alumni,General,School of Mechanical Engineering,B.Tech/B.Tech (Hons) Mechanical Engineering,School of Mechanical Engineering,ME 2016-2017 IV Sem VIII,,Exam Fee,10000,0,0,0,0,0,0,0,0,DUE
